-12.122 26.5937 0 1
-12.0135 26.5504 0 1
-11.9549 26.4453 0 1
-11.9305 26.3252 0 1
-11.9115 26.2055 0 1
-11.892 26.0873 0 1
-11.8716 25.9704 0 1
-11.8511 25.8548 0 1
-11.8321 25.7407 0 1
-11.8165 25.6285 0 1
-11.8023 25.5198 0 1
-11.7672 25.4165 0 1
-11.7335 25.3127 0 1
-11.7023 25.2097 0 1
-11.6525 25.1144 0 1
-11.6049 25.0164 0 1
-11.5646 24.9155 0 1
-11.5288 24.8151 0 1
-11.4756 24.7231 0 1
-11.4247 24.6287 0 1
-11.3771 24.5338 0 1
-11.3131 24.4489 0 1
-11.2514 24.3599 0 1
-11.1965 24.2664 0 1
-11.1454 24.1726 0 1
-11.0781 24.0896 0 1
-11.0126 24.0034 0 1
-10.9541 23.9125 0 1
-10.9004 23.821 0 1
-10.8312 23.7408 0 1
-10.7642 23.6576 0 1
-10.7004 23.573 0 1
-10.6224 23.5011 0 1
-10.546 23.4246 0 1
-10.4756 23.3421 0 1
-10.4089 23.2584 0 1
-10.3276 23.1888 0 1
-10.2464 23.1164 0 1
-10.1661 23.0428 0 1
-10.0719 22.9864 0 1
-9.97456 22.9274 0 1
-9.87589 22.8645 0 1
-9.77514 22.7996 0 1
-9.67282 22.732 0 1
-9.58095 22.6495 0 1
-9.50215 22.5577 0 1
-9.47939 22.4403 0 1
-9.45937 22.3277 0 1
-9.42588 22.2224 0 1
-9.37295 22.128 0 1
-9.29999 22.0496 0 1
-9.21013 21.9914 0 1
-9.10847 21.9549 0 1
-8.99995 21.9369 0 1
-8.88715 21.9289 0 1
-8.77146 21.9121 0 1
-8.68847 21.8303 0 1
-8.62399 21.7329 0 1
-8.56879 21.6318 0 1
-8.51814 21.5317 0 1
-8.45191 21.4419 0 1
-8.38738 21.3503 0 1
-8.32615 21.2583 0 1
-8.25068 21.1774 0 1
-8.17665 21.0928 0 1
-8.10825 21.0038 0 1
-8.04417 20.9142 0 1
-7.96658 20.8363 0 1
-7.89058 20.7553 0 1
-7.81786 20.6731 0 1
-7.7327 20.6035 0 1
-7.64854 20.5298 0 1
-7.56951 20.4507 0 1
-7.49478 20.3703 0 1
-7.40819 20.3032 0 1
-7.32289 20.2327 0 1
-7.2408 20.1603 0 1
-7.14803 20.102 0 1
-7.05591 20.0391 0 1
-6.96846 19.9699 0 1
-6.8853 19.8988 0 1
-6.79194 19.842 0 1
-6.69958 19.7815 0 1
-6.61025 19.7186 0 1
-6.51185 19.6709 0 1
-6.41359 19.6185 0 1
-6.31926 19.5593 0 1
-6.2289 19.4976 0 1
-6.1299 19.4515 0 1
-6.03138 19.4017 0 1
-5.93545 19.3492 0 1
-5.83211 19.313 0 1
-5.72814 19.2723 0 1
-5.62688 19.2247 0 1
-5.52847 19.1747 0 1
-5.42318 19.142 0 1
-5.31699 19.1062 0 1
-5.21147 19.0687 0 1
-5.1004 19.0505 0 1
-4.98558 19.0302 0 1
-4.86842 19.0062 0 1
-4.74936 18.98 0 1
-4.62939 18.9479 0 1
-4.5241 18.8846 0 1
-4.47889 18.7764 0 1
-4.44337 18.6699 0 1
-4.40102 18.5702 0 1
-4.34584 18.4801 0 1
-4.2762 18.4029 0 1
-4.19372 18.3412 0 1
-4.10163 18.2962 0 1
-4.00346 18.2673 0 1
-3.90204 18.2542 0 1
-3.79972 18.2579 0 1
-3.69926 18.2797 0 1
-3.60343 18.3196 0 1
-3.51392 18.3752 0 1
-3.42997 18.4432 0 1
-3.34679 18.5178 0 1
-3.25228 18.5854 0 1
-3.12812 18.5768 0 1
-3.00917 18.5329 0 1
-2.89479 18.4837 0 1
-2.78427 18.4331 0 1
-2.67756 18.3836 0 1
-2.5646 18.3525 0 1
-2.45118 18.3204 0 1
-2.33981 18.284 0 1
-2.23155 18.2459 0 1
-2.11879 18.2254 0 1
-2.00513 18.2027 0 1
-1.89228 18.1785 0 1
-1.77655 18.1732 0 1
-1.65729 18.1662 0 1
-1.536 18.1558 0 1
-1.41402 18.1409 0 1
-1.29479 18.1111 0 1
-1.20295 18.0311 0 1
-1.11421 17.9537 0 1
-1.01928 17.8891 0 1
-0.916702 17.8416 0 1
-0.808383 17.8132 0 1
-0.696978 17.8046 0 1
-0.585224 17.8155 0 1
-0.475236 17.8445 0 1
-0.367132 17.8875 0 1
-0.256239 17.9336 0 1
-0.133179 17.9395 0 1
-0.0105836 17.9062 0 1
0.108317 17.8657 0 1
0.224029 17.8232 0 1
0.336222 17.7813 0 1
0.453169 17.7576 0 1
0.570805 17.7331 0 1
0.686703 17.7044 0 1
0.799664 17.6742 0 1
0.91574 17.6613 0 1
1.03302 17.6463 0 1
1.14961 17.63 0 1
1.26775 17.632 0 1
1.38961 17.6328 0 1
1.51363 17.631 0 1
1.63887 17.6276 0 1
1.76449 17.6213 0 1
1.88808 17.6009 0 1
1.98679 17.5283 0 1
2.08215 17.4578 0 1
2.18249 17.4002 0 1
2.28889 17.3592 0 1
2.3995 17.336 0 1
2.51217 17.3312 0 1
2.62467 17.3448 0 1
2.73522 17.3754 0 1
2.8438 17.4196 0 1
2.95493 17.467 0 1
3.0788 17.4752 0 1
3.20235 17.4443 0 1
3.3213 17.4053 0 1
3.4364 17.3659 0 1
3.55579 17.344 0 1
3.67601 17.3217 0 1
3.79484 17.2962 0 1
3.91106 17.2696 0 1
4.02983 17.2603 0 1
4.1501 17.2493 0 1
4.26966 17.2339 0 1
4.3868 17.2166 0 1
4.50511 17.2164 0 1
4.62512 17.2145 0 1
4.745 17.2115 0 1
4.86437 17.2262 0 1
4.98793 17.239 0 1
5.11465 17.2427 0 1
5.23405 17.2086 0 1
5.33341 17.1393 0 1
5.43098 17.074 0 1
5.53319 17.0216 0 1
5.64074 16.9858 0 1
5.75204 16.9678 0 1
5.86498 16.9678 0 1
5.97752 16.9854 0 1
6.08841 17.0186 0 1
6.19767 17.0644 0 1
6.31097 17.1102 0 1
6.43689 17.0965 0 1
6.56129 17.068 0 1
6.68487 17.0365 0 1
6.80719 17.0041 0 1
6.92718 16.9706 0 1
7.04391 16.9377 0 1
7.16405 16.9225 0 1
7.28516 16.9068 0 1
7.40507 16.8875 0 1
7.52235 16.8668 0 1
7.64126 16.8634 0 1
7.76169 16.8584 0 1
7.88186 16.8526 0 1
8.00203 16.8648 0 1
8.12617 16.8765 0 1
8.25305 16.8856 0 1
8.38179 16.8875 0 1
8.50178 16.8528 0 1
8.6013 16.7834 0 1
8.69912 16.7181 0 1
8.80149 16.6657 0 1
8.90904 16.6293 0 1
9.02038 16.6102 0 1
9.13349 16.609 0 1
9.2464 16.6252 0 1
9.35754 16.6572 0 1
9.4672 16.7017 0 1
9.58098 16.746 0 1
9.70668 16.7301 0 1
9.83058 16.6993 0 1
9.95356 16.6654 0 1
10.0751 16.6308 0 1
10.1941 16.5947 0 1
10.3093 16.5587 0 1
10.4282 16.54 0 1
10.5472 16.5201 0 1
10.6645 16.499 0 1
10.7837 16.495 0 1
10.9052 16.4891 0 1
11.0271 16.4795 0 1
11.1479 16.4696 0 1
11.269 16.4779 0 1
11.3933 16.4859 0 1
11.5195 16.492 0 1
11.6465 16.4943 0 1
11.7725 16.4822 0 1
11.8759 16.4157 0 1
11.9757 16.3505 0 1
12.0794 16.2976 0 1
12.1879 16.2603 0 1
12.2999 16.2395 0 1
12.4136 16.2357 0 1
12.5271 16.249 0 1
12.639 16.278 0 1
12.7494 16.3201 0 1
12.8621 16.3657 0 1
12.988 16.3726 0 1
13.1149 16.3421 0 1
13.2386 16.3054 0 1
13.3591 16.267 0 1
13.4756 16.2291 0 1
13.5958 16.2081 0 1
13.7161 16.1863 0 1
13.8343 16.1635 0 1
13.9545 16.1573 0 1
14.0767 16.1492 0 1
14.1985 16.137 0 1
14.318 16.1232 0 1
14.4383 16.1262 0 1
14.5603 16.1279 0 1
14.6823 16.1289 0 1
14.8032 16.1472 0 1
14.9283 16.1641 0 1
15.0566 16.1725 0 1
15.1786 16.1437 0 1
15.2817 16.079 0 1
15.3829 16.0181 0 1
15.488 15.9699 0 1
15.5974 15.9373 0 1
15.71 15.9216 0 1
15.8238 15.9231 0 1
15.9371 15.9414 0 1
16.0487 15.9752 0 1
16.1586 16.0216 0 1
16.2722 16.0689 0 1
16.3997 16.0586 0 1
16.5264 16.0346 0 1
16.6529 16.0087 0 1
16.779 15.9833 0 1
16.9038 15.9583 0 1
17.0261 15.9323 0 1
17.1446 15.9066 0 1
17.2653 15.8986 0 1
17.3862 15.8901 0 1
17.5056 15.8805 0 1
17.6251 15.8885 0 1
17.7472 15.8953 0 1
17.8701 15.899 0 1
17.992 15.903 0 1
18.1123 15.9251 0 1
18.2361 15.9469 0 1
18.3631 15.9605 0 1
18.4847 15.9357 0 1
18.5878 15.8731 0 1
18.6884 15.8137 0 1
18.7927 15.7669 0 1
18.9012 15.7361 0 1
19.0126 15.7231 0 1
19.1249 15.7285 0 1
19.2358 15.7518 0 1
19.3439 15.7912 0 1
19.4498 15.843 0 1
19.5599 15.8947 0 1
19.6857 15.887 0 1
19.8106 15.8643 0 1
19.9349 15.839 0 1
20.0579 15.813 0 1
20.1784 15.7859 0 1
20.2953 15.7589 0 1
20.4147 15.75 0 1
20.5343 15.7404 0 1
20.6524 15.7298 0 1
20.7707 15.737 0 1
20.8915 15.7429 0 1
21.0131 15.7456 0 1
21.1334 15.7481 0 1
21.2522 15.7691 0 1
21.3739 15.7905 0 1
21.4976 15.8104 0 1
21.6224 15.8265 0 1
21.7473 15.8268 0 1
21.8529 15.7675 0 1
21.9537 15.7077 0 1
22.0576 15.6598 0 1
22.1657 15.6279 0 1
22.2767 15.6142 0 1
22.3882 15.6196 0 1
22.4979 15.6436 0 1
22.6041 15.684 0 1
22.7076 15.737 0 1
22.8137 15.7929 0 1
22.9365 15.8093 0 1
23.0632 15.7873 0 1
23.1874 15.7587 0 1
23.3089 15.7291 0 1
23.4272 15.7006 0 1
23.5481 15.6909 0 1
23.6699 15.6816 0 1
23.7908 15.6694 0 1
23.909 15.6563 0 1
24.0278 15.6611 0 1
24.1479 15.6652 0 1
24.2676 15.6688 0 1
24.3855 15.6906 0 1
24.5069 15.7127 0 1
24.6306 15.7335 0 1
24.7553 15.7536 0 1
24.8804 15.7708 0 1
25.0053 15.7717 0 1
25.1089 15.711 0 1
25.207 15.6488 0 1
25.308 15.5977 0 1
25.4138 15.5627 0 1
25.523 15.5466 0 1
25.633 15.5507 0 1
25.7412 15.5747 0 1
25.8456 15.6159 0 1
25.9472 15.6698 0 1
26.0519 15.7258 0 1
26.1725 15.7409 0 1
26.2951 15.716 0 1
26.4136 15.6831 0 1
26.5286 15.6506 0 1
26.6472 15.6374 0 1
26.7667 15.6246 0 1
26.8853 15.6093 0 1
27.0016 15.5937 0 1
27.1188 15.597 0 1
27.2376 15.5996 0 1
27.3561 15.5987 0 1
27.4725 15.5965 0 1
27.5877 15.6127 0 1
27.7045 15.6284 0 1
27.8209 15.6439 0 1
27.9338 15.6779 0 1
28.0506 15.7112 0 1
28.1719 15.7347 0 1
28.2901 15.7154 0 1
28.3888 15.6523 0 1
28.4833 15.5897 0 1
28.5815 15.539 0 1
28.6853 15.5059 0 1
28.7928 15.4941 0 1
28.9004 15.5049 0 1
29.0047 15.5372 0 1
29.104 15.5871 0 1
29.2005 15.6483 0 1
29.3034 15.7067 0 1
29.4249 15.7001 0 1
29.5456 15.676 0 1
29.6657 15.6487 0 1
29.785 15.621 0 1
29.9022 15.5925 0 1
30.0166 15.5654 0 1
30.1336 15.5584 0 1
30.2517 15.5516 0 1
30.369 15.5416 0 1
30.4839 15.5308 0 1
30.5989 15.539 0 1
30.7152 15.5465 0 1
30.8309 15.5537 0 1
30.9442 15.5803 0 1
31.0608 15.6072 0 1
31.1795 15.632 0 1
31.2996 15.6522 0 1
31.4205 15.6541 0 1
31.5206 15.5915 0 1
31.6139 15.5258 0 1
31.7103 15.4711 0 1
31.8126 15.4335 0 1
31.9193 15.4172 0 1
32.0269 15.4236 0 1
32.1318 15.4519 0 1
32.2319 15.4986 0 1
32.3283 15.5578 0 1
32.4289 15.6177 0 1
32.548 15.6334 0 1
32.6703 15.6072 0 1
32.7897 15.5734 0 1
32.9066 15.5383 0 1
33.0207 15.505 0 1
33.1385 15.4918 0 1
33.2574 15.4793 0 1
33.3757 15.4646 0 1
33.4919 15.4501 0 1
33.6089 15.4552 0 1
33.7278 15.4603 0 1
33.847 15.4629 0 1
33.9648 15.4661 0 1
34.0807 15.4893 0 1
34.1992 15.5137 0 1
34.3193 15.5367 0 1
34.4404 15.5557 0 1
34.5618 15.5566 0 1
34.6611 15.4929 0 1
34.7536 15.4262 0 1
34.8495 15.3703 0 1
34.9513 15.3317 0 1
35.0578 15.3143 0 1
35.1655 15.3196 0 1
35.2707 15.3468 0 1
35.3711 15.3927 0 1
35.4679 15.4514 0 1
35.5684 15.5114 0 1
35.687 15.5275 0 1
35.8083 15.5016 0 1
35.9264 15.4677 0 1
36.0415 15.432 0 1
36.153 15.3973 0 1
36.2683 15.3823 0 1
36.3839 15.3674 0 1
36.4977 15.352 0 1
36.6126 15.3558 0 1
36.7294 15.3584 0 1
36.8461 15.3571 0 1
36.9609 15.3546 0 1
37.0744 15.3713 0 1
37.1897 15.3875 0 1
37.3045 15.4039 0 1
37.4155 15.4396 0 1
37.5303 15.4748 0 1
37.6498 15.5 0 1
37.7669 15.4813 0 1
37.8644 15.4177 0 1
37.9577 15.3547 0 1
38.0551 15.3039 0 1
38.1582 15.2715 0 1
38.265 15.2615 0 1
38.3715 15.275 0 1
38.4737 15.3107 0 1
38.57 15.3645 0 1
38.6632 15.4294 0 1
38.7635 15.491 0 1
38.8848 15.4867 0 1
39.0057 15.4649 0 1
39.1266 15.4406 0 1
39.2473 15.417 0 1
39.3671 15.394 0 1
39.4848 15.3704 0 1
39.599 15.3481 0 1
39.715 15.3461 0 1
39.8314 15.3444 0 1
39.9464 15.3425 0 1
40.0601 15.3603 0 1
40.1762 15.3779 0 1
40.2931 15.3929 0 1
40.4089 15.4086 0 1
40.5206 15.4443 0 1
40.6354 15.4803 0 1
40.7544 15.5068 0 1
40.871 15.4889 0 1
40.9673 15.4246 0 1
41.0588 15.3599 0 1
41.1543 15.307 0 1
41.2561 15.2729 0 1
41.362 15.2624 0 1
41.4675 15.2769 0 1
41.5681 15.3147 0 1
41.6623 15.3707 0 1
41.7533 15.4374 0 1
41.8523 15.4998 0 1
41.9721 15.4947 0 1
42.091 15.471 0 1
42.2093 15.4439 0 1
42.3267 15.4165 0 1
42.442 15.3882 0 1
42.5541 15.3612 0 1
42.6687 15.3547 0 1
42.7838 15.3485 0 1
42.8976 15.3422 0 1
43.0108 15.356 0 1
43.1263 15.3695 0 1
43.2425 15.3799 0 1
43.3574 15.3909 0 1
43.4688 15.4227 0 1
43.5825 15.4562 0 1
43.6979 15.4883 0 1
43.8147 15.5159 0 1
43.9331 15.5234 0 1
44.031 15.4609 0 1
44.1205 15.3934 0 1
44.2131 15.3361 0 1
44.3124 15.297 0 1
44.417 15.2816 0 1
44.522 15.2922 0 1
44.6226 15.3271 0 1
44.7163 15.3816 0 1
44.8057 15.448 0 1
44.9004 15.5139 0 1
45.0163 15.5328 0 1
45.1358 15.5074 0 1
45.2521 15.4737 0 1
45.3661 15.4387 0 1
45.4774 15.406 0 1
45.5924 15.3946 0 1
45.7085 15.3843 0 1
45.8238 15.3713 0 1
45.9367 15.3581 0 1
46.0501 15.3654 0 1
46.1646 15.3728 0 1
46.2785 15.3807 0 1
46.3895 15.4094 0 1
46.5035 15.4396 0 1
46.6194 15.4691 0 1
46.7361 15.4981 0 1
46.8535 15.5234 0 1
46.9719 15.5287 0 1
47.0676 15.4635 0 1
47.1537 15.3924 0 1
47.2429 15.331 0 1
47.3399 15.2879 0 1
47.4433 15.2693 0 1
47.5479 15.2781 0 1
47.648 15.3125 0 1
47.741 15.367 0 1
47.8297 15.4333 0 1
47.9244 15.498 0 1
48.0395 15.5133 0 1
48.1555 15.4821 0 1
48.2665 15.4409 0 1
48.3745 15.4004 0 1
48.4875 15.3806 0 1
48.6017 15.3618 0 1
48.7147 15.34 0 1
48.8253 15.3181 0 1
48.9379 15.3165 0 1
49.0513 15.3146 0 1
49.1639 15.3126 0 1
49.2751 15.3309 0 1
49.3887 15.349 0 1
49.5033 15.3642 0 1
49.6169 15.3804 0 1
49.7259 15.4176 0 1
49.838 15.4555 0 1
49.9548 15.4835 0 1
50.0693 15.4648 0 1
50.162 15.3973 0 1
50.2487 15.3283 0 1
50.3399 15.2709 0 1
50.4388 15.2333 0 1
50.5429 15.2213 0 1
50.6467 15.237 0 1
50.7445 15.2777 0 1
50.835 15.3371 0 1
50.9223 15.4064 0 1
51.0192 15.4696 0 1
51.1372 15.4617 0 1
51.2538 15.4339 0 1
51.3698 15.4026 0 1
51.4851 15.3712 0 1
51.5989 15.3398 0 1
51.7102 15.3107 0 1
51.8246 15.3034 0 1
51.9402 15.2972 0 1
52.0551 15.2881 0 1
52.1678 15.2789 0 1
52.28 15.2904 0 1
52.3934 15.3022 0 1
52.5061 15.3144 0 1
52.6149 15.3475 0 1
52.7265 15.382 0 1
52.8401 15.4147 0 1
52.9553 15.4426 0 1
53.0723 15.4494 0 1
53.168 15.3848 0 1
53.2543 15.3142 0 1
53.3437 15.2532 0 1
53.4407 15.2106 0 1
53.544 15.1929 0 1
53.6483 15.203 0 1
53.7476 15.2392 0 1
53.8393 15.2956 0 1
53.9263 15.364 0 1
54.0193 15.431 0 1
54.1342 15.4492 0 1
54.2521 15.4216 0 1
54.3669 15.3854 0 1
54.4794 15.348 0 1
54.5895 15.3134 0 1
54.7037 15.3008 0 1
54.8193 15.2896 0 1
54.9343 15.2764 0 1
55.0475 15.2642 0 1
55.161 15.2737 0 1
55.2762 15.2842 0 1
55.3916 15.2924 0 1
55.5057 15.3018 0 1
55.6161 15.3331 0 1
55.7286 15.3665 0 1
55.8427 15.3989 0 1
55.9581 15.4268 0 1
56.0752 15.434 0 1
56.1714 15.3697 0 1
56.2583 15.2999 0 1
56.3483 15.2399 0 1
56.4458 15.1986 0 1
56.5494 15.1824 0 1
56.6535 15.1942 0 1
56.7521 15.2319 0 1
56.8429 15.2898 0 1
56.9289 15.3595 0 1
57.021 15.4277 0 1
57.1357 15.447 0 1
57.2537 15.4206 0 1
57.3684 15.3851 0 1
57.4804 15.3479 0 1
57.5892 15.3125 0 1
57.7021 15.2982 0 1
57.8154 15.2846 0 1
57.9272 15.2712 0 1
58.0396 15.2784 0 1
58.1538 15.2855 0 1
58.2681 15.2888 0 1
58.3806 15.2917 0 1
58.4906 15.3151 0 1
58.6021 15.3388 0 1
58.713 15.3631 0 1
58.8182 15.4074 0 1
58.927 15.4516 0 1
59.0414 15.4849 0 1
59.1553 15.4696 0 1
59.2472 15.4023 0 1
59.3318 15.3319 0 1
59.4207 15.2725 0 1
59.518 15.2333 0 1
59.6213 15.2215 0 1
59.7237 15.2398 0 1
59.8187 15.2847 0 1
59.9049 15.3487 0 1
59.9877 15.4224 0 1
60.0808 15.4901 0 1
60.1971 15.4853 0 1
60.3123 15.4596 0 1
60.427 15.4301 0 1
60.541 15.4008 0 1
60.6537 15.3716 0 1
60.7643 15.3455 0 1
60.8776 15.3424 0 1
60.9921 15.3411 0 1
61.1064 15.3377 0 1
61.2189 15.3355 0 1
61.3296 15.3555 0 1
61.4418 15.377 0 1
61.5546 15.3964 0 1
61.6659 15.4174 0 1
61.7713 15.4602 0 1
61.8792 15.5044 0 1
61.9924 15.5379 0 1
62.1051 15.5217 0 1
62.1947 15.4524 0 1
62.2761 15.3792 0 1
62.3618 15.3166 0 1
62.4569 15.274 0 1
62.5591 15.2603 0 1
62.6605 15.2789 0 1
62.7538 15.3257 0 1
62.8376 15.3918 0 1
62.9186 15.4665 0 1
63.0115 15.5332 0 1
63.1269 15.5241 0 1
63.2403 15.4929 0 1
63.3528 15.4576 0 1
63.4645 15.422 0 1
63.5745 15.3861 0 1
63.6818 15.3523 0 1
63.7931 15.3407 0 1
63.9052 15.3302 0 1
64.0162 15.3204 0 1
64.127 15.3326 0 1
64.2398 15.3453 0 1
64.3532 15.3552 0 1
64.4652 15.3664 0 1
64.573 15.4002 0 1
64.6827 15.4365 0 1
64.794 15.4716 0 1
64.9069 15.5016 0 1
65.022 15.5087 0 1
65.1133 15.44 0 1
65.1924 15.3633 0 1
65.2748 15.2955 0 1
65.367 15.2465 0 1
65.468 15.2254 0 1
65.5704 15.2367 0 1
65.6664 15.277 0 1
65.7535 15.3378 0 1
65.8363 15.4093 0 1
65.9275 15.4768 0 1
66.041 15.4909 0 1
66.155 15.4561 0 1
66.2649 15.4118 0 1
66.3723 15.3663 0 1
66.4775 15.3237 0 1
66.5886 15.3033 0 1
66.701 15.2843 0 1
66.8123 15.2624 0 1
66.9213 15.2409 0 1
67.032 15.2411 0 1
67.1437 15.2415 0 1
67.2544 15.2423 0 1
67.3631 15.2647 0 1
67.474 15.2875 0 1
67.5859 15.3078 0 1
67.6966 15.3293 0 1
67.8024 15.3699 0 1
67.9139 15.4019 0 1
68.0261 15.3843 0 1
68.1159 15.315 0 1
68.1981 15.2424 0 1
68.2853 15.1809 0 1
68.3814 15.1396 0 1
68.4842 15.1262 0 1
68.5864 15.1436 0 1
68.6813 15.1881 0 1
68.7675 15.2517 0 1
68.8509 15.3244 0 1
68.9455 15.3893 0 1
69.0629 15.3793 0 1
69.1787 15.3485 0 1
69.2942 15.3146 0 1
69.41 15.2816 0 1
69.5252 15.2497 0 1
69.6385 15.2181 0 1
69.749 15.1886 0 1
69.8625 15.1809 0 1
69.9767 15.1743 0 1
70.0897 15.1684 0 1
70.2019 15.1838 0 1
70.3161 15.1998 0 1
70.431 15.2136 0 1
70.5446 15.2288 0 1
70.6537 15.2655 0 1
70.7657 15.3031 0 1
70.8821 15.3304 0 1
70.9957 15.3102 0 1
71.0855 15.2399 0 1
71.1684 15.1672 0 1
71.2562 15.1057 0 1
71.3527 15.0642 0 1
71.4558 15.0494 0 1
71.5591 15.064 0 1
71.6561 15.105 0 1
71.7454 15.1651 0 1
71.8318 15.2348 0 1
71.9282 15.2978 0 1
72.0449 15.2877 0 1
72.1598 15.2571 0 1
72.274 15.2231 0 1
72.3876 15.1894 0 1
72.4999 15.1559 0 1
72.6099 15.1254 0 1
72.7234 15.1173 0 1
72.8381 15.1108 0 1
72.9522 15.1018 0 1
73.064 15.093 0 1
73.1754 15.1057 0 1
73.2877 15.119 0 1
73.3993 15.1332 0 1
73.5065 15.1688 0 1
73.6162 15.2061 0 1
73.7279 15.2418 0 1
73.8413 15.2725 0 1
73.957 15.2811 0 1
74.0506 15.2149 0 1
74.1331 15.1413 0 1
74.2185 15.0766 0 1
74.3128 15.0307 0 1
74.4148 15.0118 0 1
74.5177 15.0236 0 1
74.6145 15.0634 0 1
74.7026 15.1234 0 1
74.7862 15.1945 0 1
74.8774 15.2628 0 1
74.9913 15.2796 0 1
75.1073 15.249 0 1
75.2197 15.2095 0 1
75.3297 15.169 0 1
75.4375 15.1316 0 1
75.5501 15.1165 0 1
75.664 15.1031 0 1
75.777 15.0872 0 1
75.8881 15.0719 0 1
75.9999 15.0784 0 1
76.1128 15.0858 0 1
76.2249 15.0942 0 1
76.3337 15.1247 0 1
76.4452 15.1574 0 1
76.5585 15.1898 0 1
76.6725 15.2222 0 1
76.7872 15.2508 0 1
76.9035 15.2586 0 1
76.9982 15.1932 0 1
77.0824 15.121 0 1
77.1695 15.0581 0 1
77.2651 15.0142 0 1
77.3676 14.9967 0 1
77.4708 15.0093 0 1
77.5678 15.0491 0 1
77.6563 15.109 0 1
77.7402 15.1802 0 1
77.8313 15.2487 0 1
77.9454 15.266 0 1
78.0622 15.2361 0 1
78.1752 15.1969 0 1
78.2857 15.1561 0 1
78.3931 15.1174 0 1
78.5054 15.0999 0 1
78.6182 15.0832 0 1
78.7295 15.0671 0 1
78.842 15.0719 0 1
78.9562 15.0766 0 1
79.0705 15.0779 0 1
79.183 15.0791 0 1
79.2932 15.1009 0 1
79.4049 15.1234 0 1
79.5159 15.1467 0 1
79.6213 15.1903 0 1
79.7302 15.2339 0 1
79.8446 15.2668 0 1
79.9583 15.251 0 1
80.0493 15.183 0 1
80.1328 15.1117 0 1
80.2207 15.0513 0 1
80.3171 15.0105 0 1
80.4199 14.9973 0 1
80.5222 15.0147 0 1
80.6172 15.0591 0 1
80.7035 15.1228 0 1
80.7867 15.1957 0 1
80.8807 15.2616 0 1
80.997 15.2537 0 1
81.1117 15.2248 0 1
81.2257 15.1923 0 1
81.3393 15.16 0 1
81.4515 15.128 0 1
81.5619 15.0992 0 1
81.6754 15.0935 0 1
81.7902 15.0895 0 1
81.9048 15.0837 0 1
82.0176 15.0792 0 1
82.1291 15.097 0 1
82.2421 15.1164 0 1
82.3557 15.1339 0 1
82.4678 15.1532 0 1
82.5742 15.1944 0 1
82.6833 15.2371 0 1
82.7973 15.2696 0 1
82.9105 15.2534 0 1
83.0011 15.1849 0 1
83.084 15.1132 0 1
83.1714 15.0523 0 1
83.2676 15.0114 0 1
83.3702 14.9985 0 1
83.4721 15.0168 0 1
83.5663 15.0624 0 1
83.6516 15.1271 0 1
83.7339 15.2008 0 1
83.8276 15.2668 0 1
83.9439 15.2577 0 1
84.0584 15.2271 0 1
84.1722 15.1927 0 1
84.2852 15.1582 0 1
84.3966 15.1235 0 1
84.5053 15.0909 0 1
84.6177 15.0801 0 1
84.7309 15.0704 0 1
84.8429 15.0615 0 1
84.9546 15.074 0 1
85.0684 15.0872 0 1
85.1827 15.0977 0 1
85.2957 15.1096 0 1
85.4045 15.1435 0 1
85.5152 15.1799 0 1
85.6275 15.2153 0 1
85.7412 15.2459 0 1
85.8571 15.2543 0 1
85.95 15.1874 0 1
86.0313 15.1128 0 1
86.1155 15.0468 0 1
86.209 14.9997 0 1
86.3105 14.9797 0 1
86.4133 14.9912 0 1
86.5098 15.031 0 1
86.5976 15.0912 0 1
86.681 15.1623 0 1
86.7723 15.2301 0 1
86.886 15.2458 0 1
87.001 15.2137 0 1
87.112 15.1722 0 1
87.2202 15.1294 0 1
87.3257 15.0888 0 1
87.4364 15.0701 0 1
87.5478 15.0524 0 1
87.658 15.0355 0 1
87.7695 15.0403 0 1
87.8829 15.0454 0 1
87.9965 15.0474 0 1
88.1086 15.0501 0 1
88.218 15.0747 0 1
88.329 15.1008 0 1
88.4408 15.1249 0 1
88.5511 15.1504 0 1
88.6559 15.1949 0 1
88.7665 15.231 0 1
88.8789 15.2168 0 1
88.9698 15.1492 0 1
89.0526 15.0777 0 1
89.1398 15.0169 0 1
89.2359 14.9764 0 1
89.3386 14.9644 0 1
89.4401 14.9842 0 1
89.5334 15.0315 0 1
89.6172 15.0979 0 1
89.6979 15.1733 0 1
89.7901 15.2413 0 1
89.9069 15.2345 0 1
90.0225 15.2067 0 1
90.138 15.1757 0 1
90.2536 15.1458 0 1
90.3687 15.117 0 1
90.482 15.0886 0 1
90.5924 15.0624 0 1
90.7053 15.0587 0 1
90.8189 15.0562 0 1
90.9311 15.0547 0 1
91.0417 15.0749 0 1
91.1542 15.096 0 1
91.2675 15.1148 0 1
91.3795 15.1353 0 1
91.4858 15.1775 0 1
91.5948 15.2211 0 1
91.7089 15.2548 0 1
91.8228 15.2404 0 1
91.9155 15.1742 0 1
92.0009 15.105 0 1
92.0908 15.047 0 1
92.1887 15.0097 0 1
92.2921 14.9999 0 1
92.394 15.0204 0 1
92.488 15.0673 0 1
92.573 15.1328 0 1
92.6549 15.2075 0 1
92.7477 15.2754 0 1
92.8647 15.2699 0 1
92.9807 15.2436 0 1
93.0962 15.2138 0 1
93.2113 15.1843 0 1
93.325 15.1551 0 1
93.4364 15.1288 0 1
93.5505 15.125 0 1
93.6656 15.1229 0 1
93.7803 15.1183 0 1
93.8928 15.1141 0 1
94.0038 15.1311 0 1
94.1159 15.149 0 1
94.2271 15.1676 0 1
94.3331 15.2074 0 1
94.4416 15.249 0 1
94.552 15.2891 0 1
94.6643 15.3243 0 1
94.7796 15.3369 0 1
94.8744 15.2729 0 1
94.9577 15.2005 0 1
95.0435 15.1368 0 1
95.1381 15.0922 0 1
95.2401 15.0751 0 1
95.3424 15.0896 0 1
95.4376 15.1324 0 1
95.5233 15.1955 0 1
95.6042 15.2694 0 1
95.693 15.3406 0 1
95.8058 15.3609 0 1
95.9217 15.3335 0 1
96.0342 15.297 0 1
96.1443 15.2596 0 1
96.2521 15.2252 0 1
96.3643 15.214 0 1
96.4775 15.2045 0 1
96.5899 15.1923 0 1
96.7 15.1804 0 1
96.8099 15.1907 0 1
96.9207 15.2016 0 1
97.0304 15.2128 0 1
97.136 15.2456 0 1
97.2437 15.2792 0 1
97.3526 15.3102 0 1
97.4601 15.3423 0 1
97.5609 15.3928 0 1
97.6686 15.4344 0 1
97.7805 15.4241 0 1
97.8716 15.3578 0 1
97.9539 15.2864 0 1
98.0402 15.2253 0 1
98.136 15.1855 0 1
98.2385 15.1763 0 1
98.3387 15.2005 0 1
98.4295 15.2525 0 1
98.511 15.322 0 1
98.5897 15.4 0 1
98.6809 15.4707 0 1
98.7998 15.4638 0 1
98.9108 15.4196 0 1
99.0162 15.3726 0 1
99.1279 15.347 0 1
99.2408 15.3243 0 1
99.3527 15.3008 0 1
99.4627 15.2795 0 1
99.5745 15.2812 0 1
99.6877 15.2843 0 1
99.8005 15.2846 0 1
99.9114 15.2853 0 1
100.02 15.308 0 1
100.129 15.332 0 1
100.238 15.3571 0 1
100.34 15.4035 0 1
100.445 15.4505 0 1
100.557 15.4861 0 1
100.669 15.4708 0 1
100.758 15.401 0 1
100.837 15.3266 0 1
100.921 15.2625 0 1
101.016 15.2191 0 1
101.117 15.2057 0 1
101.218 15.2261 0 1
101.31 15.2753 0 1
101.391 15.3433 0 1
101.47 15.4197 0 1
101.562 15.4876 0 1
101.676 15.4781 0 1
101.789 15.446 0 1
101.901 15.4099 0 1
102.012 15.3738 0 1
102.122 15.3379 0 1
102.23 15.3054 0 1
102.342 15.2961 0 1
102.456 15.2886 0 1
102.568 15.2787 0 1
102.679 15.2695 0 1
102.79 15.2827 0 1
102.901 15.2971 0 1
103.012 15.3128 0 1
103.118 15.3509 0 1
103.226 15.3916 0 1
103.337 15.4308 0 1
103.452 15.4604 0 1
103.565 15.4416 0 1
103.654 15.3706 0 1
103.734 15.2962 0 1
103.819 15.2324 0 1
103.913 15.1887 0 1
104.015 15.1738 0 1
104.117 15.1912 0 1
104.211 15.2369 0 1
104.296 15.3018 0 1
104.377 15.3758 0 1
104.471 15.4415 0 1
104.586 15.4307 0 1
104.699 15.3977 0 1
104.811 15.3606 0 1
104.922 15.3234 0 1
105.032 15.2859 0 1
105.138 15.2507 0 1
105.25 15.2377 0 1
105.362 15.2259 0 1
105.473 15.215 0 1
105.584 15.226 0 1
105.697 15.2376 0 1
105.81 15.2466 0 1
105.923 15.2569 0 1
106.031 15.2899 0 1
106.141 15.3254 0 1
106.253 15.36 0 1
106.366 15.3896 0 1
106.481 15.3969 0 1
106.574 15.3292 0 1
106.655 15.2541 0 1
106.739 15.1882 0 1
106.832 15.1414 0 1
106.934 15.122 0 1
107.037 15.1342 0 1
107.133 15.1747 0 1
107.22 15.2353 0 1
107.304 15.3069 0 1
107.395 15.3751 0 1
107.508 15.3911 0 1
107.623 15.3591 0 1
107.735 15.3176 0 1
107.843 15.2745 0 1
107.949 15.2338 0 1
108.059 15.2147 0 1
108.171 15.1966 0 1
108.281 15.1793 0 1
108.393 15.1836 0 1
108.506 15.188 0 1
108.62 15.1895 0 1
108.732 15.1916 0 1
108.842 15.2156 0 1
108.954 15.2408 0 1
109.066 15.2641 0 1
109.177 15.2888 0 1
109.282 15.3324 0 1
109.393 15.3677 0 1
109.506 15.353 0 1
109.596 15.2852 0 1
109.679 15.2137 0 1
109.767 15.153 0 1
109.863 15.1126 0 1
109.966 15.1005 0 1
110.068 15.1196 0 1
110.162 15.1661 0 1
110.246 15.2318 0 1
110.327 15.3067 0 1
110.42 15.3746 0 1
110.537 15.3687 0 1
110.652 15.3418 0 1
110.768 15.3118 0 1
110.884 15.2828 0 1
110.999 15.255 0 1
111.112 15.2273 0 1
111.222 15.2018 0 1
111.335 15.1988 0 1
111.448 15.1969 0 1
111.56 15.1959 0 1
111.671 15.2166 0 1
111.783 15.238 0 1
111.896 15.2571 0 1
112.008 15.2776 0 1
112.114 15.3198 0 1
112.222 15.3632 0 1
112.336 15.3963 0 1
112.45 15.3809 0 1
112.541 15.3131 0 1
112.625 15.2422 0 1
112.713 15.1824 0 1
112.81 15.1429 0 1
112.913 15.1315 0 1
113.015 15.1511 0 1
113.108 15.1978 0 1
113.193 15.2633 0 1
113.275 15.3379 0 1
113.368 15.4054 0 1
113.484 15.399 0 1
113.599 15.3712 0 1
113.713 15.3396 0 1
113.826 15.3077 0 1
113.937 15.2754 0 1
114.046 15.2452 0 1
114.158 15.2371 0 1
114.271 15.2299 0 1
114.383 15.2235 0 1
114.493 15.2387 0 1
114.606 15.2543 0 1
114.72 15.2673 0 1
114.832 15.2813 0 1
114.939 15.3175 0 1
115.049 15.3561 0 1
115.16 15.3935 0 1
115.273 15.4261 0 1
115.388 15.4362 0 1
115.482 15.3708 0 1
115.565 15.2976 0 1
115.651 15.2336 0 1
115.745 15.1889 0 1
115.847 15.1715 0 1
115.95 15.1853 0 1
116.046 15.2271 0 1
116.133 15.2888 0 1
116.215 15.3615 0 1
116.305 15.431 0 1
116.419 15.4491 0 1
116.535 15.4194 0 1
116.647 15.3804 0 1
116.757 15.3401 0 1
116.865 15.3027 0 1
116.978 15.2876 0 1
117.092 15.2739 0 1
117.205 15.2577 0 1
117.316 15.242 0 1
117.428 15.2479 0 1
117.541 15.2546 0 1
117.654 15.2621 0 1
117.763 15.2917 0 1
117.875 15.3232 0 1
117.989 15.3543 0 1
118.104 15.3853 0 1
118.219 15.4126 0 1
118.336 15.4193 0 1
118.431 15.3536 0 1
118.515 15.2816 0 1
118.603 15.2192 0 1
118.699 15.1756 0 1
118.801 15.1581 0 1
118.905 15.1699 0 1
119.003 15.2085 0 1
119.092 15.2673 0 1
119.178 15.3373 0 1
119.27 15.4046 0 1
119.384 15.4206 0 1
119.5 15.389 0 1
119.611 15.3472 0 1
119.719 15.3062 0 1
119.832 15.286 0 1
119.947 15.2672 0 1
120.061 15.2462 0 1
120.173 15.2262 0 1
120.287 15.2271 0 1
120.403 15.2286 0 1
120.518 15.2271 0 1
120.631 15.2253 0 1
120.742 15.244 0 1
120.855 15.2631 0 1
120.968 15.2829 0 1
121.075 15.3229 0 1
121.186 15.3628 0 1
121.302 15.3921 0 1
121.417 15.374 0 1
121.508 15.3059 0 1
121.594 15.2356 0 1
121.683 15.1768 0 1
121.781 15.1378 0 1
121.885 15.1249 0 1
121.989 15.1404 0 1
122.086 15.1815 0 1
122.176 15.2415 0 1
122.263 15.3113 0 1
122.359 15.375 0 1
122.476 15.3671 0 1
122.592 15.3389 0 1
122.707 15.3072 0 1
122.822 15.2756 0 1
122.935 15.244 0 1
123.046 15.2149 0 1
123.16 15.2078 0 1
123.275 15.202 0 1
123.39 15.1933 0 1
123.502 15.1846 0 1
123.614 15.1969 0 1
123.727 15.2095 0 1
123.839 15.2227 0 1
123.947 15.2569 0 1
124.058 15.2925 0 1
124.171 15.3264 0 1
124.285 15.3555 0 1
124.402 15.3633 0 1
124.498 15.2993 0 1
124.585 15.2294 0 1
124.675 15.1694 0 1
124.772 15.128 0 1
124.876 15.1117 0 1
124.98 15.1234 0 1
125.079 15.1611 0 1
125.169 15.2189 0 1
125.255 15.2885 0 1
125.348 15.3568 0 1
125.462 15.3762 0 1
125.581 15.3501 0 1
125.697 15.3153 0 1
125.81 15.2794 0 1
125.921 15.2463 0 1
126.036 15.235 0 1
126.152 15.2253 0 1
126.268 15.2136 0 1
126.381 15.2031 0 1
126.495 15.2139 0 1
126.611 15.2258 0 1
126.727 15.2355 0 1
126.841 15.2464 0 1
126.952 15.2788 0 1
127.065 15.3134 0 1
127.179 15.347 0 1
127.295 15.3762 0 1
127.412 15.3852 0 1
127.51 15.323 0 1
127.598 15.2546 0 1
127.689 15.1961 0 1
127.787 15.1561 0 1
127.891 15.1408 0 1
127.995 15.1529 0 1
128.094 15.1905 0 1
128.186 15.2479 0 1
128.272 15.3172 0 1
128.365 15.3852 0 1
128.48 15.4052 0 1
128.598 15.3796 0 1
128.713 15.345 0 1
128.826 15.3084 0 1
128.935 15.2734 0 1
129.048 15.2593 0 1
129.161 15.2457 0 1
129.273 15.2321 0 1
129.386 15.2389 0 1
129.5 15.2453 0 1
129.614 15.2478 0 1
129.727 15.2497 0 1
129.838 15.2718 0 1
129.95 15.2942 0 1
130.062 15.3171 0 1
130.168 15.3601 0 1
130.278 15.4034 0 1
130.393 15.4369 0 1
130.51 15.4249 0 1
130.609 15.365 0 1
130.702 15.3046 0 1
130.8 15.2568 0 1
130.903 15.2284 0 1
131.009 15.2238 0 1
131.113 15.2444 0 1
131.212 15.2879 0 1
131.302 15.3495 0 1
131.389 15.4216 0 1
131.485 15.4895 0 1
131.609 15.4878 0 1
131.727 15.4523 0 1
131.84 15.4142 0 1
131.956 15.3963 0 1
132.074 15.3806 0 1
132.19 15.3631 0 1
132.304 15.3457 0 1
132.418 15.3485 0 1
132.534 15.3513 0 1
132.648 15.3539 0 1
132.76 15.3763 0 1
132.875 15.3986 0 1
132.991 15.4183 0 1
133.105 15.4389 0 1
133.215 15.4793 0 1
133.328 15.5203 0 1
133.445 15.5516 0 1
133.561 15.537 0 1
133.657 15.4733 0 1
133.747 15.4079 0 1
133.84 15.3542 0 1
133.941 15.3197 0 1
134.046 15.3097 0 1
134.15 15.3261 0 1
134.249 15.3663 0 1
134.34 15.4251 0 1
134.428 15.4943 0 1
134.525 15.5593 0 1
134.643 15.5555 0 1
134.76 15.5324 0 1
134.877 15.5056 0 1
134.993 15.4784 0 1
135.107 15.4505 0 1
135.218 15.4239 0 1
135.331 15.4186 0 1
135.445 15.4138 0 1
135.558 15.409 0 1
135.669 15.4248 0 1
135.783 15.4403 0 1
135.898 15.4528 0 1
136.012 15.4658 0 1
136.121 15.4999 0 1
136.233 15.5359 0 1
136.346 15.5704 0 1
136.461 15.6002 0 1
136.579 15.609 0 1
136.676 15.5465 0 1
136.764 15.4784 0 1
136.856 15.4203 0 1
136.954 15.3808 0 1
137.058 15.366 0 1
137.163 15.3784 0 1
137.262 15.416 0 1
137.353 15.4734 0 1
137.44 15.5426 0 1
137.533 15.6107 0 1
137.648 15.6306 0 1
137.767 15.6051 0 1
137.882 15.5707 0 1
137.996 15.5349 0 1
138.107 15.5013 0 1
138.222 15.489 0 1
138.338 15.4776 0 1
138.453 15.4636 0 1
138.566 15.4494 0 1
138.679 15.4555 0 1
138.794 15.4619 0 1
138.908 15.4687 0 1
139.019 15.4963 0 1
139.134 15.5253 0 1
139.25 15.5536 0 1
139.368 15.5815 0 1
139.486 15.6058 0 1
139.605 15.6109 0 1
139.702 15.5471 0 1
139.791 15.4784 0 1
139.883 15.42 0 1
139.982 15.3801 0 1
140.086 15.3645 0 1
140.192 15.3751 0 1
140.292 15.4099 0 1
140.386 15.4639 0 1
140.476 15.5298 0 1
140.571 15.5947 0 1
140.687 15.6118 0 1
140.805 15.5833 0 1
140.918 15.5448 0 1
141.027 15.5065 0 1
141.142 15.4885 0 1
141.257 15.4712 0 1
141.371 15.4508 0 1
141.483 15.4299 0 1
141.596 15.4286 0 1
141.711 15.4267 0 1
141.825 15.4242 0 1
141.937 15.4414 0 1
142.052 15.4581 0 1
142.168 15.4717 0 1
142.283 15.486 0 1
142.394 15.5209 0 1
142.509 15.5564 0 1
142.628 15.5829 0 1
142.745 15.5661 0 1
142.844 15.5048 0 1
142.939 15.4445 0 1
143.038 15.3968 0 1
143.142 15.3679 0 1
143.249 15.3618 0 1
143.355 15.3791 0 1
143.456 15.4183 0 1
143.551 15.475 0 1
143.643 15.5423 0 1
143.742 15.6056 0 1
143.863 15.6025 0 1
143.984 15.5815 0 1
144.105 15.5573 0 1
144.226 15.533 0 1
144.344 15.5082 0 1
144.46 15.4849 0 1
144.578 15.4818 0 1
144.697 15.4794 0 1
144.816 15.4742 0 1
144.932 15.4684 0 1
145.047 15.4818 0 1
145.164 15.4951 0 1
145.281 15.5085 0 1
145.394 15.5414 0 1
145.51 15.5753 0 1
145.63 15.6074 0 1
145.752 15.6316 0 1
145.87 15.6135 0 1
145.968 15.5507 0 1
146.062 15.4877 0 1
146.159 15.4367 0 1
146.262 15.4039 0 1
146.369 15.3933 0 1
146.476 15.4059 0 1
146.578 15.4406 0 1
146.675 15.4934 0 1
146.767 15.5583 0 1
146.864 15.6239 0 1
146.982 15.6466 0 1
147.104 15.6276 0 1
147.224 15.601 0 1
147.342 15.5729 0 1
147.457 15.5466 0 1
147.574 15.5409 0 1
147.693 15.536 0 1
147.811 15.5287 0 1
147.927 15.5214 0 1
148.042 15.5341 0 1
148.16 15.5469 0 1
148.278 15.557 0 1
148.394 15.5675 0 1
148.507 15.5982 0 1
148.623 15.6302 0 1
148.741 15.6608 0 1
148.859 15.6871 0 1
148.98 15.6949 0 1
149.082 15.6362 0 1
149.177 15.5738 0 1
149.275 15.5224 0 1
149.378 15.4889 0 1
149.485 15.4772 0 1
149.591 15.4887 0 1
149.694 15.5223 0 1
149.792 15.5743 0 1
149.885 15.6384 0 1
149.982 15.7034 0 1
150.099 15.7246 0 1
150.222 15.7035 0 1
150.341 15.674 0 1
150.457 15.6424 0 1
150.57 15.6116 0 1
150.686 15.6003 0 1
150.803 15.5888 0 1
150.917 15.5767 0 1
151.032 15.5835 0 1
151.149 15.589 0 1
151.266 15.5904 0 1
151.382 15.5905 0 1
151.495 15.6093 0 1
151.611 15.6276 0 1
151.726 15.6458 0 1
151.837 15.6828 0 1
151.952 15.7192 0 1
152.072 15.7461 0 1
152.191 15.7302 0 1
152.291 15.6704 0 1
152.388 15.6118 0 1
152.489 15.5657 0 1
152.594 15.5376 0 1
152.702 15.5308 0 1
152.809 15.5463 0 1
152.912 15.5828 0 1
153.01 15.6363 0 1
153.105 15.7008 0 1
153.206 15.7626 0 1
153.328 15.7597 0 1
153.451 15.7393 0 1
153.573 15.7157 0 1
153.694 15.6917 0 1
153.813 15.667 0 1
153.93 15.6436 0 1
154.049 15.6399 0 1
154.169 15.6366 0 1
154.288 15.6307 0 1
154.406 15.6247 0 1
154.523 15.6379 0 1
154.642 15.651 0 1
154.762 15.6618 0 1
154.881 15.6731 0 1
154.996 15.7039 0 1
155.115 15.7348 0 1
155.238 15.7575 0 1
155.358 15.7394 0 1
155.46 15.6802 0 1
155.559 15.6228 0 1
155.662 15.578 0 1
155.769 15.5505 0 1
155.878 15.5432 0 1
155.987 15.5567 0 1
156.093 15.5898 0 1
156.194 15.6394 0 1
156.293 15.7004 0 1
156.397 15.7597 0 1
156.521 15.7566 0 1
156.644 15.737 0 1
156.768 15.7142 0 1
156.89 15.6908 0 1
157.01 15.666 0 1
157.126 15.6415 0 1
157.245 15.6357 0 1
157.363 15.6294 0 1
157.481 15.6222 0 1
157.598 15.6332 0 1
157.718 15.6431 0 1
157.839 15.6498 0 1
157.958 15.6564 0 1
158.075 15.6818 0 1
158.195 15.7079 0 1
158.318 15.7325 0 1
158.441 15.7535 0 1
158.566 15.7587 0 1
158.673 15.7037 0 1
158.776 15.648 0 1
158.882 15.6046 0 1
158.991 15.5776 0 1
159.103 15.5693 0 1
159.213 15.5803 0 1
159.322 15.6098 0 1
159.425 15.6556 0 1
159.526 15.7138 0 1
159.629 15.7747 0 1
159.751 15.7967 0 1
159.879 15.7802 0 1
160.004 15.757 0 1
160.127 15.7324 0 1
160.247 15.7088 0 1
160.368 15.7039 0 1
160.49 15.6992 0 1
160.612 15.6915 0 1
160.731 15.6828 0 1
160.85 15.6917 0 1
160.97 15.6998 0 1
161.09 15.7072 0 1
161.208 15.7326 0 1
161.33 15.7581 0 1
161.453 15.7826 0 1
161.579 15.8065 0 1
161.704 15.8277 0 1
161.831 15.8343 0 1
161.941 15.7819 0 1
162.047 15.7296 0 1
162.155 15.6897 0 1
162.266 15.6658 0 1
162.379 15.6594 0 1
162.491 15.671 0 1
162.6 15.7003 0 1
162.705 15.7454 0 1
162.807 15.8031 0 1
162.912 15.8642 0 1
163.034 15.8879 0 1
163.161 15.8735 0 1
163.285 15.851 0 1
163.405 15.828 0 1
163.527 15.8232 0 1
163.649 15.8184 0 1
163.771 15.8105 0 1
163.89 15.8011 0 1
164.009 15.8089 0 1
164.129 15.8152 0 1
164.248 15.8198 0 1
164.365 15.8416 0 1
164.486 15.8621 0 1
164.607 15.8797 0 1
164.728 15.8972 0 1
164.846 15.9325 0 1
164.967 15.9677 0 1
165.092 15.9954 0 1
165.217 15.9853 0 1
165.328 15.937 0 1
165.437 15.8923 0 1
165.548 15.861 0 1
165.661 15.8461 0 1
165.774 15.8487 0 1
165.886 15.8686 0 1
165.995 15.905 0 1
166.099 15.9561 0 1
166.2 16.0192 0 1
166.305 16.0834 0 1
166.432 16.092 0 1
166.561 16.0866 0 1
166.689 16.0786 0 1
166.817 16.0701 0 1
166.942 16.0605 0 1
167.064 16.0511 0 1
167.186 16.0596 0 1
167.309 16.0679 0 1
167.432 16.073 0 1
167.552 16.0764 0 1
167.67 16.0967 0 1
167.79 16.116 0 1
167.91 16.1342 0 1
168.026 16.1694 0 1
168.146 16.2046 0 1
168.269 16.2379 0 1
168.393 16.2676 0 1
168.519 16.2824 0 1
168.633 16.238 0 1
168.743 16.1936 0 1
168.855 16.1616 0 1
168.968 16.1448 0 1
169.082 16.1447 0 1
169.194 16.1617 0 1
169.304 16.1957 0 1
169.408 16.2455 0 1
169.508 16.3082 0 1
169.61 16.3754 0 1
169.731 16.4081 0 1
169.861 16.4052 0 1
169.989 16.3957 0 1
170.115 16.3844 0 1
170.237 16.3733 0 1
170.359 16.3806 0 1
170.482 16.3879 0 1
170.605 16.3919 0 1
170.724 16.3942 0 1
170.843 16.4135 0 1
170.963 16.4317 0 1
171.082 16.4489 0 1
171.199 16.4833 0 1
171.319 16.5177 0 1
171.441 16.5508 0 1
171.565 16.5832 0 1
171.69 16.6128 0 1
171.816 16.6277 0 1
171.93 16.5832 0 1
172.041 16.5388 0 1
172.152 16.5068 0 1
172.265 16.49 0 1
172.379 16.4903 0 1
172.491 16.5081 0 1
172.599 16.543 0 1
172.703 16.5938 0 1
172.802 16.6576 0 1
172.903 16.7255 0 1
173.023 16.7587 0 1
173.153 16.7555 0 1
173.28 16.7452 0 1
173.404 16.7323 0 1
173.524 16.7187 0 1
173.645 16.7229 0 1
173.765 16.7261 0 1
173.884 16.7275 0 1
174.002 16.7457 0 1
174.121 16.7621 0 1
174.242 16.7738 0 1
174.36 16.7832 0 1
174.476 16.8092 0 1
174.595 16.834 0 1
174.713 16.8577 0 1
174.827 16.8983 0 1
174.946 16.938 0 1
175.07 16.9695 0 1
175.195 16.963 0 1
175.308 16.9182 0 1
175.418 16.8771 0 1
175.531 16.8495 0 1
175.644 16.8389 0 1
175.758 16.8457 0 1
175.869 16.8698 0 1
175.977 16.9103 0 1
176.079 16.9659 0 1
176.178 17.0334 0 1
176.28 17.1023 0 1
176.406 17.1171 0 1
176.535 17.1176 0 1
176.663 17.1153 0 1
176.791 17.1119 0 1
176.917 17.107 0 1
177.039 17.1019 0 1
177.161 17.1146 0 1
177.284 17.127 0 1
177.406 17.1361 0 1
177.527 17.1439 0 1
177.646 17.1689 0 1
177.767 17.1931 0 1
177.889 17.2143 0 1
178.01 17.2351 0 1
178.127 17.2732 0 1
178.248 17.311 0 1
178.374 17.341 0 1
178.499 17.3329 0 1
178.612 17.2865 0 1
178.722 17.2438 0 1
178.834 17.2147 0 1
178.948 17.2024 0 1
179.062 17.2077 0 1
179.174 17.2305 0 1
179.282 17.2706 0 1
179.384 17.3267 0 1
179.482 17.3956 0 1
179.583 17.4673 0 1
179.707 17.4884 0 1
179.834 17.4963 0 1
179.961 17.5016 0 1
180.086 17.5054 0 1
180.209 17.5068 0 1
180.328 17.5068 0 1
180.445 17.5248 0 1
180.563 17.5415 0 1
180.68 17.556 0 1
180.793 17.5874 0 1
180.909 17.6171 0 1
181.028 17.6428 0 1
181.145 17.6671 0 1
181.257 17.7088 0 1
181.373 17.7508 0 1
181.491 17.7905 0 1
181.612 17.8259 0 1
181.735 17.8453 0 1
181.85 17.8037 0 1
181.96 17.7615 0 1
182.071 17.7322 0 1
182.184 17.7204 0 1
182.297 17.7271 0 1
182.407 17.7527 0 1
182.511 17.7974 0 1
182.607 17.8593 0 1
182.697 17.9352 0 1
182.786 18.0176 0 1
182.898 18.0714 0 1
183.022 18.0914 0 1
183.146 18.1041 0 1
183.266 18.1134 0 1
183.383 18.1215 0 1
183.497 18.1484 0 1
183.611 18.1741 0 1
183.724 18.1975 0 1
183.832 18.2384 0 1
183.943 18.2778 0 1
184.056 18.313 0 1
184.168 18.3472 0 1
184.274 18.3996 0 1
184.384 18.4531 0 1
184.498 18.5054 0 1
184.616 18.5527 0 1
184.741 18.5651 0 1
184.838 18.5009 0 1
184.924 18.4297 0 1
185.011 18.3654 0 1
185.103 18.3136 0 1
185.201 18.2778 0 1
185.302 18.2598 0 1
185.405 18.2594 0 1
185.506 18.2753 0 1
185.604 18.3066 0 1
185.695 18.3541 0 1
185.776 18.4178 0 1
185.845 18.4966 0 1
185.898 18.588 0 1
185.939 18.6888 0 1
185.972 18.7964 0 1
186.013 18.9062 0 1
186.116 18.9739 0 1
186.235 19.0115 0 1
186.353 19.0433 0 1
186.47 19.0727 0 1
186.584 19.0985 0 1
186.694 19.1219 0 1
186.798 19.1643 0 1
186.903 19.2049 0 1
187.007 19.2424 0 1
187.103 19.2967 0 1
187.203 19.3488 0 1
187.305 19.3942 0 1
187.407 19.4349 0 1
187.501 19.4916 0 1
187.598 19.5457 0 1
187.695 19.5961 0 1
187.783 19.6616 0 1
187.875 19.7247 0 1
187.971 19.7813 0 1
188.068 19.8332 0 1
188.155 19.8998 0 1
188.245 19.9641 0 1
188.336 20.0247 0 1
188.417 20.0992 0 1
188.502 20.1718 0 1
188.592 20.2383 0 1
188.683 20.3002 0 1
188.762 20.3756 0 1
188.845 20.4491 0 1
188.93 20.5191 0 1
189.002 20.6017 0 1
189.079 20.683 0 1
189.162 20.7589 0 1
189.246 20.8305 0 1
189.317 20.9144 0 1
189.391 20.9969 0 1
189.468 21.0764 0 1
189.53 21.1671 0 1
189.597 21.2574 0 1
189.67 21.3433 0 1
189.745 21.4254 0 1
189.805 21.5183 0 1
189.868 21.6108 0 1
189.933 21.7013 0 1
189.983 21.8015 0 1
190.038 21.9026 0 1
190.102 21.9996 0 1
190.186 22.0795 0 1
190.301 22.089 0 1
190.413 22.0865 0 1
190.521 22.0919 0 1
190.625 22.1146 0 1
190.721 22.1593 0 1
190.801 22.2262 0 1
190.862 22.3122 0 1
190.902 22.4116 0 1
190.923 22.5192 0 1
190.933 22.6324 0 1
190.947 22.7505 0 1
191.024 22.8454 0 1
191.123 22.9185 0 1
191.222 22.989 0 1
191.318 23.0606 0 1
191.411 23.1331 0 1
191.503 23.2057 0 1
191.594 23.2773 0 1
191.685 23.3465 0 1
191.776 23.4112 0 1
191.865 23.4727 0 1
191.939 23.5504 0 1
192.015 23.6269 0 1
192.092 23.7004 0 1
192.153 23.7871 0 1
192.218 23.8727 0 1
192.29 23.9525 0 1
192.364 24.0277 0 1
192.422 24.1148 0 1
192.485 24.2007 0 1
192.549 24.2835 0 1
192.598 24.3768 0 1
192.652 24.4694 0 1
192.713 24.5572 0 1
192.777 24.6409 0 1
192.825 24.7346 0 1
192.876 24.8277 0 1
192.93 24.9183 0 1
192.966 25.0174 0 1
193.007 25.1167 0 1
193.056 25.2127 0 1
193.108 25.3053 0 1
193.141 25.4058 0 1
193.178 25.5064 0 1
193.217 25.6054 0 1
193.237 25.7103 0 1
193.26 25.8169 0 1
193.29 25.9226 0 1
193.321 26.0271 0 1
193.331 26.1361 0 1
193.341 26.2481 0 1
193.356 26.3618 0 1
193.374 26.4766 0 1
193.398 26.5915 0 1
193.445 26.6992 0 1
193.558 26.7206 0 1
193.667 26.7118 0 2
193.771 26.6903 0 2
193.869 26.6614 0 2
193.965 26.6282 0 2
194.059 26.5943 0 2
194.154 26.5638 0 2
194.251 26.541 0 2
194.35 26.5302 0 2
194.449 26.5353 0 2
194.546 26.5591 0 2
194.635 26.6028 0 2
194.712 26.6656 0 2
194.773 26.7446 0 2
194.814 26.8352 0 2
194.835 26.9326 0 2
194.836 27.0323 0 2
194.819 27.1306 0 2
194.788 27.2254 0 2
194.745 27.3156 0 2
194.693 27.4009 0 2
194.635 27.4819 0 2
194.572 27.5595 0 2
194.506 27.6349 0 2
194.44 27.7094 0 2
194.373 27.784 0 2
194.308 27.8597 0 2
194.245 27.9377 0 2
194.185 28.0192 0 2
194.129 28.1048 0 2
194.077 28.1959 0 2
194.035 28.2948 0 2
194.018 28.4045 0 2
194.091 28.4978 0 2
194.182 28.5743 0 2
194.276 28.6452 0 2
194.359 28.7275 0 2
194.444 28.8096 0 2
194.53 28.8894 0 2
194.603 28.9801 0 2
194.679 29.0703 0 2
194.755 29.1582 0 2
194.819 29.2555 0 2
194.885 29.3526 0 2
194.953 29.447 0 2
195.007 29.5494 0 2
195.065 29.6512 0 2
195.124 29.7495 0 2
195.17 29.8548 0 2
195.215 29.9606 0 2
195.246 30.072 0 2
195.281 30.1849 0 2
195.317 30.297 0 2
195.338 30.4134 0 2
195.361 30.5321 0 2
195.387 30.6505 0 2
195.414 30.7672 0 2
195.424 30.8864 0 2
195.435 31.007 0 2
195.446 31.1268 0 2
195.44 31.2472 0 2
195.434 31.3704 0 2
195.43 31.4945 0 2
195.425 31.6178 0 2
195.401 31.7392 0 2
195.377 31.8638 0 2
195.352 31.9904 0 2
195.33 32.1186 0 2
195.326 32.2484 0 2
195.417 32.3154 0 2
195.52 32.3513 0 2
195.624 32.3666 0 2
195.727 32.361 0 2
195.824 32.3311 0 2
195.908 32.2765 0 2
195.974 32.2021 0 2
196.023 32.1151 0 2
196.059 32.0215 0 2
196.085 31.925 0 2
196.108 31.8277 0 2
196.134 31.7309 0 2
196.166 31.6364 0 2
196.211 31.5469 0 2
196.27 31.467 0 2
196.346 31.4026 0 2
196.437 31.3606 0 2
196.535 31.3466 0 2
196.633 31.3634 0 2
196.721 31.4093 0 2
196.793 31.479 0 2
196.842 31.5654 0 2
196.87 31.6614 0 2
196.877 31.7611 0 2
196.867 31.8606 0 2
196.843 31.9578 0 2
196.808 32.0517 0 2
196.765 32.1421 0 2
196.715 32.2292 0 2
196.661 32.3138 0 2
196.604 32.3963 0 2
196.545 32.4774 0 2
196.485 32.5576 0 2
196.424 32.6372 0 2
196.363 32.7166 0 2
196.301 32.7958 0 2
196.239 32.8748 0 2
196.177 32.9536 0 2
196.114 33.032 0 2
196.051 33.1094 0 2
195.985 33.1854 0 2
195.917 33.2593 0 2
195.846 33.3299 0 2
195.77 33.3961 0 2
195.689 33.4572 0 2
195.603 33.5135 0 2
195.513 33.5681 0 2
195.422 33.6271 0 2
195.343 33.7053 0 2
195.34 33.8245 0 2
195.361 33.9432 0 2
195.387 34.0595 0 2
195.397 34.1783 0 2
195.408 34.2987 0 2
195.422 34.4182 0 2
195.44 34.5347 0 2
195.44 34.652 0 2
195.439 34.7693 0 2
195.421 34.8858 0 2
195.405 35.0056 0 2
195.394 35.1264 0 2
195.383 35.2458 0 2
195.356 35.3625 0 2
195.329 35.481 0 2
195.303 35.5992 0 2
195.259 35.7126 0 2
195.214 35.8291 0 2
195.17 35.9474 0 2
195.126 36.0659 0 2
195.081 36.1823 0 2
195.018 36.2905 0 2
194.952 36.4005 0 2
194.884 36.5114 0 2
194.814 36.6222 0 2
194.741 36.7315 0 2
194.666 36.8391 0 2
194.589 36.9448 0 2
194.513 37.0485 0 2
194.437 37.1489 0 2
194.348 37.2375 0 2
194.257 37.3287 0 2
194.182 37.4328 0 2
194.219 37.5395 0 2
194.284 37.6275 0 2
194.361 37.6996 0 2
194.448 37.754 0 2
194.544 37.7846 0 2
194.644 37.7868 0 2
194.74 37.7604 0 2
194.827 37.7113 0 2
194.903 37.6462 0 2
194.969 37.571 0 2
195.028 37.4902 0 2
195.084 37.4073 0 2
195.141 37.3249 0 2
195.202 37.246 0 2
195.272 37.174 0 2
195.351 37.1133 0 2
195.44 37.0688 0 2
195.537 37.046 0 2
195.637 37.049 0 2
195.731 37.0799 0 2
195.813 37.1369 0 2
195.874 37.2152 0 2
195.912 37.3076 0 2
195.924 37.4066 0 2
195.913 37.5058 0 2
195.882 37.6007 0 2
195.834 37.6888 0 2
195.774 37.7688 0 2
195.704 37.8408 0 2
195.628 37.9054 0 2
195.546 37.9636 0 2
195.461 38.0164 0 2
195.373 38.0649 0 2
195.284 38.11 0 2
195.193 38.1524 0 2
195.101 38.193 0 2
195.009 38.2322 0 2
194.916 38.2703 0 2
194.823 38.3075 0 2
194.73 38.344 0 2
194.636 38.3795 0 2
194.542 38.4138 0 2
194.447 38.4466 0 2
194.352 38.4772 0 2
194.256 38.5049 0 2
194.158 38.5288 0 2
194.06 38.5476 0 2
193.959 38.5609 0 2
193.857 38.5694 0 2
193.752 38.5762 0 2
193.644 38.5883 0 2
193.538 38.6231 0 2
193.482 38.7276 0 2
193.449 38.8427 0 2
193.423 38.9588 0 2
193.399 39.0728 0 2
193.358 39.1815 0 2
193.319 39.2915 0 2
193.283 39.4004 0 2
193.231 39.5028 0 2
193.18 39.6074 0 2
193.132 39.7119 0 2
193.07 39.8084 0 2
193.008 39.9074 0 2
192.949 40.0068 0 2
192.875 40.0962 0 2
192.801 40.1887 0 2
192.73 40.2838 0 2
192.661 40.3783 0 2
192.579 40.4611 0 2
192.496 40.5457 0 2
192.414 40.6301 0 2
192.319 40.7009 0 2
192.222 40.7737 0 2
192.126 40.849 0 2
192.03 40.9252 0 2
191.935 40.9992 0 2
191.829 41.0569 0 2
191.72 41.1146 0 2
191.611 41.1734 0 2
191.502 41.2322 0 2
191.394 41.2912 0 2
191.289 41.3482 0 2
191.176 41.3878 0 2
191.061 41.4279 0 2
190.949 41.4739 0 2
190.851 41.5408 0 2
190.836 41.651 0 2
190.852 41.7574 0 2
190.886 41.8563 0 2
190.935 41.9459 0 2
190.999 42.0236 0 2
191.076 42.0873 0 2
191.162 42.1369 0 2
191.255 42.1746 0 2
191.35 42.2033 0 2
191.448 42.2265 0 2
191.545 42.2477 0 2
191.643 42.2705 0 2
191.739 42.2983 0 2
191.832 42.3342 0 2
191.92 42.381 0 2
192 42.4404 0 2
192.068 42.5132 0 2
192.121 42.5982 0 2
192.152 42.6927 0 2
192.161 42.7919 0 2
192.145 42.8903 0 2
192.106 42.9818 0 2
192.045 43.0613 0 2
191.969 43.1248 0 2
191.88 43.1704 0 2
191.784 43.1976 0 2
191.684 43.2072 0 2
191.585 43.2009 0 2
191.487 43.1807 0 2
191.392 43.1488 0 2
191.301 43.1073 0 2
191.214 43.0583 0 2
191.13 43.0033 0 2
191.05 42.9439 0 2
190.971 42.8814 0 2
190.895 42.8169 0 2
190.819 42.7514 0 2
190.744 42.6858 0 2
190.668 42.6212 0 2
190.59 42.5582 0 2
190.51 42.498 0 2
190.428 42.4412 0 2
190.342 42.3884 0 2
190.251 42.3403 0 2
190.155 42.2984 0 2
190.052 42.267 0 2
189.941 42.262 0 2
189.858 42.3396 0 2
189.795 42.4356 0 2
189.742 42.5337 0 2
189.675 42.6228 0 2
189.611 42.7143 0 2
189.552 42.8066 0 2
189.479 42.8882 0 2
189.407 42.9696 0 2
189.322 43.0388 0 2
189.239 43.1134 0 2
189.16 43.1906 0 2
189.069 43.2551 0 2
188.979 43.3233 0 2
188.891 43.393 0 2
188.792 43.4479 0 2
188.692 43.5059 0 2
188.595 43.568 0 2
188.499 43.6302 0 2
188.394 43.6756 0 2
188.288 43.7228 0 2
188.184 43.7738 0 2
188.083 43.8254 0 2
187.975 43.8599 0 2
187.867 43.8964 0 2
187.761 43.9343 0 2
187.65 43.9547 0 2
187.538 43.9774 0 2
187.427 44.0016 0 2
187.313 44.0074 0 2
187.197 44.0151 0 2
187.081 44.0268 0 2
186.966 44.0387 0 2
186.85 44.0312 0 2
186.732 44.0238 0 2
186.612 44.0195 0 2
186.493 44.0219 0 2
186.379 44.049 0 2
186.323 44.1459 0 2
186.296 44.2506 0 2
186.287 44.3549 0 2
186.294 44.457 0 2
186.317 44.5553 0 2
186.355 44.6479 0 2
186.405 44.7341 0 2
186.465 44.8143 0 2
186.53 44.8897 0 2
186.599 44.9621 0 2
186.669 45.0336 0 2
186.738 45.1063 0 2
186.803 45.1823 0 2
186.862 45.2633 0 2
186.911 45.3502 0 2
186.948 45.4431 0 2
186.968 45.5408 0 2
186.969 45.6406 0 2
186.949 45.7381 0 2
186.906 45.828 0 2
186.841 45.9043 0 2
186.76 45.9615 0 2
186.666 45.9958 0 2
186.567 46.0054 0 2
186.468 45.9911 0 2
186.375 45.9551 0 2
186.291 45.901 0 2
186.219 45.8327 0 2
186.157 45.7537 0 2
186.107 45.6673 0 2
186.066 45.5759 0 2
186.033 45.4814 0 2
186.006 45.3851 0 2
185.983 45.2878 0 2
185.962 45.1901 0 2
185.939 45.0925 0 2
185.914 44.9957 0 2
185.884 44.9002 0 2
185.848 44.8072 0 2
185.802 44.7181 0 2
185.746 44.634 0 2
185.68 44.5561 0 2
185.603 44.4854 0 2
185.514 44.4247 0 2
185.408 44.3887 0 2
185.309 44.4397 0 2
185.227 44.5159 0 2
185.155 44.5974 0 2
185.073 44.6663 0 2
184.99 44.7337 0 2
184.897 44.7862 0 2
184.806 44.8447 0 2
184.719 44.9078 0 2
184.624 44.9558 0 2
184.528 45.0037 0 2
184.425 45.035 0 2
184.322 45.072 0 2
184.219 45.112 0 2
184.111 45.1347 0 2
184.001 45.1604 0 2
183.891 45.191 0 2
183.783 45.2221 0 2
183.67 45.2336 0 2
183.556 45.246 0 2
183.442 45.2621 0 2
183.33 45.2782 0 2
183.217 45.274 0 2
183.102 45.27 0 2
182.986 45.2692 0 2
182.872 45.268 0 2
182.76 45.2461 0 2
182.646 45.2233 0 2
182.53 45.203 0 2
182.415 45.1856 0 2
182.303 45.1689 0 2
182.195 45.1326 0 2
182.087 45.0959 0 2
181.979 45.0595 0 2
181.878 45.0051 0 2
181.771 44.9534 0 2
181.655 44.9251 0 2
181.573 45.0027 0 2
181.518 45.0969 0 2
181.477 45.1943 0 2
181.444 45.2918 0 2
181.413 45.3882 0 2
181.377 45.4818 0 2
181.331 45.5697 0 2
181.267 45.6463 0 2
181.186 45.7031 0 2
181.091 45.731 0 2
180.992 45.7241 0 2
180.902 45.6831 0 2
180.83 45.6152 0 2
180.779 45.5299 0 2
180.747 45.4356 0 2
180.728 45.3378 0 0
180.714 45.239 0 0
180.698 45.1397 0 0
180.673 45.0405 0 0
180.637 44.942 0 0
180.585 44.846 0 0
180.508 44.7614 0 0
180.397 44.7552 0 0
180.294 44.794 0 0
180.197 44.8422 0 0
180.104 44.8933 0 0
180.015 44.9478 0 0
179.931 45.0073 0 0
179.854 45.0722 0 0
179.78 45.1366 0 0
179.692 45.1779 0 0
179.605 45.2211 0 0
179.521 45.2662 0 0
179.428 45.288 0 0
179.335 45.3136 0 0
179.245 45.3423 0 0
179.15 45.348 0 0
179.054 45.3601 0 0
178.961 45.3866 0 0
178.872 45.4193 0 0
178.779 45.4306 0 0
178.686 45.4468 0 0
178.595 45.4681 0 0
178.501 45.4682 0 0
178.408 45.4749 0 0
178.316 45.4885 0 0
178.223 45.482 0 0
178.129 45.4827 0 0
178.037 45.4907 0 0
177.945 45.479 0 0
177.852 45.4746 0 0
177.759 45.4776 0 0
177.668 45.4604 0 0
177.575 45.4495 0 0
177.482 45.4448 0 0
177.392 45.4208 0 0
177.299 45.4056 0 0
177.204 45.4079 0 0
177.112 45.4195 0 0
177.02 45.4121 0 0
176.926 45.4109 0 0
176.834 45.4164 0 0
176.743 45.4025 0 0
176.65 45.3961 0 0
176.558 45.3978 0 0
176.468 45.3809 0 0
176.376 45.3719 0 0
176.284 45.371 0 0
176.194 45.3516 0 0
176.102 45.3399 0 0
176.01 45.3364 0 0
175.92 45.3145 0 0
175.829 45.3005 0 0
175.737 45.2943 0 0
175.648 45.269 0 0
175.557 45.2502 0 0
175.466 45.2378 0 0
175.378 45.2072 0 0
175.286 45.1856 0 0
175.192 45.1819 0 0
175.099 45.1879 0 0
175.008 45.1753 0 0
174.915 45.1691 0 0
174.823 45.1697 0 0
174.733 45.151 0 0
174.641 45.1399 0 0
174.549 45.137 0 0
174.46 45.1157 0 0
174.368 45.1021 0 0
174.276 45.0967 0 0
174.187 45.073 0 0
174.096 45.0569 0 0
174.004 45.0488 0 0
173.916 45.0215 0 0
173.826 45.0006 0 0
173.735 44.9862 0 0
173.648 44.9535 0 0
173.557 44.9297 0 0
173.463 44.9238 0 0
173.37 44.9277 0 0
173.279 44.9129 0 0
173.186 44.9045 0 0
173.094 44.9029 0 0
173.005 44.882 0 0
172.913 44.8686 0 0
172.821 44.8633 0 0
172.733 44.8396 0 0
172.641 44.8236 0 0
172.55 44.8157 0 0
172.462 44.7895 0 0
172.371 44.7708 0 0
172.28 44.76 0 0
172.193 44.7302 0 0
172.103 44.7065 0 0
172.012 44.6893 0 0
171.926 44.6539 0 0
171.836 44.6272 0 0
171.742 44.6184 0 0
171.65 44.6193 0 0
171.559 44.6016 0 0
171.467 44.59 0 0
171.375 44.5853 0 0
171.286 44.5611 0 0
171.195 44.5444 0 0
171.104 44.5356 0 0
171.016 44.5085 0 0
170.925 44.4887 0 0
170.834 44.4769 0 0
170.747 44.4467 0 0
170.658 44.4236 0 0
170.567 44.4085 0 0
170.481 44.375 0 0
170.392 44.3486 0 0
170.302 44.3298 0 0
170.218 44.2919 0 0
170.131 44.2597 0 0
170.042 44.2334 0 0
169.961 44.1889 0 0
169.874 44.1521 0 0
169.781 44.132 0 0
169.689 44.1211 0 0
169.601 44.0908 0 0
169.511 44.0659 0 0
169.421 44.0472 0 0
169.337 44.0086 0 0
169.249 43.9763 0 0
169.16 43.9509 0 0
169.079 43.9068 0 0
168.993 43.8685 0 0
168.906 43.8368 0 0
168.828 43.7866 0 0
168.746 43.7417 0 0
168.661 43.7029 0 0
168.588 43.6453 0 0
168.511 43.5912 0 0
168.432 43.5414 0 0
168.366 43.474 0 0
168.294 43.4108 0 0
168.213 43.3597 0 0
168.129 43.3151 0 0
168.06 43.252 0 0
167.987 43.1914 0 0
167.911 43.1347 0 0
167.853 43.0609 0 0
167.79 42.9893 0 0
167.724 42.9211 0 0
167.678 42.838 0 0
167.628 42.7553 0 0
167.575 42.674 0 0
167.545 42.5807 0 0
167.509 42.4856 0 0
167.46 42.3926 0 0
167.393 42.3079 0 0
167.294 42.2646 0 0
167.19 42.3121 0 0
167.108 42.3835 0 0
167.041 42.4639 0 0
166.982 42.5474 0 0
166.919 42.6259 0 0
166.841 42.6856 0 0
166.745 42.7049 0 0
166.656 42.6675 0 0
166.602 42.586 0 0
166.59 42.4882 0 0
166.603 42.3888 0 0
166.622 42.2886 0 0
166.633 42.1848 0 0
166.626 42.0774 0 0
166.587 41.9726 0 0
166.488 41.9215 0 0
166.367 41.9326 0 0
166.254 41.9765 0 0
166.147 42.0275 0 0
166.043 42.0816 0 0
165.945 42.139 0 0
165.852 42.2005 0 0
165.764 42.2627 0 0
165.667 42.3078 0 0
165.572 42.3565 0 0
165.482 42.4089 0 0
165.385 42.4454 0 0
165.289 42.4878 0 0
165.197 42.5354 0 0
165.1 42.568 0 0
165.003 42.6074 0 0
164.911 42.6524 0 0
164.813 42.6827 0 0
164.716 42.7198 0 0
164.623 42.763 0 0
164.525 42.7911 0 0
164.427 42.8263 0 0
164.333 42.8675 0 0
164.233 42.8933 0 0
164.134 42.9256 0 0
164.038 42.9631 0 0
163.936 42.9845 0 0
163.834 43.0126 0 0
163.736 43.0513 0 0
163.642 43.0952 0 0
163.542 43.1232 0 0
163.444 43.1569 0 0
163.349 43.196 0 0
163.249 43.2196 0 0
163.15 43.2501 0 0
163.054 43.2868 0 0
162.954 43.3082 0 0
162.855 43.3366 0 0
162.758 43.3714 0 0
162.658 43.3907 0 0
162.558 43.4172 0 0
162.461 43.4499 0 0
162.36 43.4668 0 0
162.258 43.4903 0 0
162.159 43.5191 0 0
162.056 43.5314 0 0
161.952 43.5504 0 0
161.851 43.5803 0 0
161.754 43.6159 0 0
161.653 43.635 0 0
161.552 43.6598 0 0
161.454 43.6904 0 0
161.353 43.7051 0 0
161.252 43.7268 0 0
161.154 43.7549 0 0
161.052 43.7674 0 0
160.951 43.787 0 0
160.853 43.8132 0 0
160.751 43.8238 0 0
160.65 43.8416 0 0
160.551 43.866 0 0
160.449 43.8746 0 0
160.347 43.8904 0 0
160.247 43.9127 0 0
160.145 43.9188 0 0
160.042 43.9314 0 0
159.941 43.9497 0 0
159.837 43.9509 0 0
159.732 43.9588 0 0
159.629 43.9779 0 0
159.529 44.003 0 0
159.426 44.0113 0 0
159.323 44.0253 0 0
159.223 44.0454 0 0
159.121 44.0491 0 0
159.018 44.0598 0 0
158.918 44.0772 0 0
158.816 44.0786 0 0
158.713 44.0871 0 0
158.613 44.1023 0 0
158.511 44.1016 0 0
158.408 44.1078 0 0
158.307 44.1207 0 0
158.205 44.117 0 0
158.101 44.1198 0 0
157.998 44.1282 0 0
157.895 44.1196 0 0
157.79 44.1174 0 0
157.685 44.1265 0 0
157.583 44.1419 0 0
157.48 44.1401 0 0
157.377 44.1441 0 0
157.275 44.1544 0 0
157.174 44.1481 0 0
157.071 44.1486 0 0
156.969 44.156 0 0
156.868 44.1473 0 0
156.765 44.1456 0 0
156.664 44.1509 0 0
156.563 44.1402 0 0
156.46 44.1365 0 0
156.359 44.1398 0 0
156.258 44.1271 0 0
156.156 44.1211 0 0
156.054 44.122 0 0
155.953 44.1064 0 0
155.85 44.0969 0 0
155.747 44.0932 0 0
155.646 44.0725 0 0
155.542 44.058 0 0
155.438 44.0549 0 0
155.335 44.0584 0 0
155.233 44.0448 0 0
155.13 44.0369 0 0
155.028 44.0354 0 0
154.928 44.0174 0 0
154.826 44.006 0 0
154.724 44.0015 0 0
154.625 43.981 0 0
154.523 43.9672 0 0
154.422 43.9605 0 0
154.323 43.9378 0 0
154.222 43.9216 0 0
154.12 43.9122 0 0
154.022 43.8864 0 0
153.92 43.8665 0 0
153.819 43.8523 0 0
153.721 43.8213 0 0
153.619 43.7961 0 0
153.515 43.7821 0 0
153.412 43.7748 0 0
153.313 43.7504 0 0
153.211 43.7314 0 0
153.11 43.7188 0 0
153.012 43.6896 0 0
152.912 43.6664 0 0
152.811 43.6497 0 0
152.714 43.6166 0 0
152.614 43.5893 0 0
152.513 43.5679 0 0
152.418 43.5291 0 0
152.318 43.4943 0 0
152.217 43.4632 0 0
152.124 43.4131 0 0
152.025 43.3641 0 0
151.922 43.3194 0 0
151.815 43.2779 0 0
151.706 43.2382 0 0
151.595 43.2001 0 0
151.479 43.1692 0 0
151.361 43.1786 0 0
151.283 43.263 0 0
151.224 43.3553 0 0
151.167 43.4444 0 0
151.104 43.5256 0 0
151.029 43.5935 0 0
150.942 43.6418 0 0
150.845 43.6654 0 0
150.746 43.6621 0 0
150.651 43.6324 0 0
150.566 43.5795 0 0
150.496 43.508 0 0
150.441 43.4234 0 0
150.397 43.3307 0 0
150.356 43.2333 0 0
150.309 43.134 0 0
150.242 43.042 0 0
150.123 43.0247 0 0
150.004 43.0492 0 0
149.888 43.0821 0 0
149.775 43.1181 0 0
149.665 43.1574 0 0
149.56 43.2012 0 0
149.461 43.2468 0 0
149.355 43.2747 0 0
149.251 43.3065 0 0
149.151 43.3429 0 0
149.046 43.3633 0 0
148.942 43.3897 0 0
148.841 43.4217 0 0
148.737 43.4382 0 0
148.632 43.4609 0 0
148.53 43.489 0 0
148.424 43.501 0 0
148.318 43.5194 0 0
148.213 43.548 0 0
148.113 43.582 0 0
148.009 43.6003 0 0
147.905 43.6244 0 0
147.804 43.6544 0 0
147.7 43.6691 0 0
147.597 43.6908 0 0
147.496 43.7189 0 0
147.392 43.732 0 0
147.288 43.7523 0 0
147.187 43.7791 0 0
147.084 43.7911 0 0
146.98 43.8102 0 0
146.878 43.8359 0 0
146.775 43.8466 0 0
146.67 43.8644 0 0
146.568 43.8887 0 0
146.464 43.8977 0 0
146.359 43.9132 0 0
146.255 43.9344 0 0
146.15 43.9395 0 0
146.043 43.9511 0 0
145.937 43.9732 0 0
145.835 44.0011 0 0
145.73 44.013 0 0
145.626 44.0308 0 0
145.524 44.0546 0 0
145.419 44.063 0 0
145.315 44.0783 0 0
145.213 44.1002 0 0
145.109 44.107 0 0
145.004 44.1209 0 0
144.902 44.1414 0 0
144.797 44.1468 0 0
144.692 44.1593 0 0
144.59 44.1783 0 0
144.485 44.1818 0 0
144.379 44.1919 0 0
144.275 44.2076 0 0
144.17 44.2072 0 0
144.062 44.2132 0 0
143.956 44.2298 0 0
143.853 44.2524 0 0
143.748 44.2588 0 0
143.643 44.2711 0 0
143.54 44.2896 0 0
143.436 44.2926 0 0
143.331 44.3024 0 0
143.228 44.3191 0 0
143.124 44.3205 0 0
143.019 44.3289 0 0
142.916 44.3443 0 0
142.812 44.3444 0 0
142.707 44.3516 0 0
142.604 44.3657 0 0
142.5 44.3645 0 0
142.394 44.3704 0 0
142.291 44.3829 0 0
142.186 44.3798 0 0
142.08 44.383 0 0
141.976 44.392 0 0
141.871 44.3846 0 0
141.763 44.3832 0 0
141.656 44.3923 0 0
141.552 44.4072 0 0
141.447 44.4055 0 0
141.341 44.4093 0 0
141.237 44.4192 0 0
141.133 44.4131 0 0
141.027 44.4134 0 0
140.923 44.4204 0 0
140.819 44.4117 0 0
140.714 44.4097 0 0
140.61 44.4145 0 0
140.507 44.4038 0 0
140.402 44.3999 0 0
140.297 44.4027 0 0
140.194 44.3899 0 0
140.088 44.3833 0 0
139.984 44.3826 0 0
139.88 44.3655 0 0
139.773 44.3546 0 0
139.666 44.3544 0 0
139.561 44.3607 0 0
139.457 44.3505 0 0
139.351 44.3462 0 0
139.247 44.3484 0 0
139.144 44.3348 0 0
139.039 44.328 0 0
138.936 44.3282 0 0
138.833 44.3131 0 0
138.728 44.3049 0 0
138.625 44.3038 0 0
138.523 44.2875 0 0
138.418 44.278 0 0
138.315 44.2756 0 0
138.212 44.2579 0 0
138.108 44.2469 0 0
138.004 44.2429 0 0
137.902 44.2233 0 0
137.797 44.2098 0 0
137.693 44.2022 0 0
137.591 44.1783 0 0
137.486 44.1604 0 0
137.379 44.1533 0 0
137.274 44.1527 0 0
137.171 44.1357 0 0
137.066 44.1245 0 0
136.962 44.1198 0 0
136.86 44.0994 0 0
136.756 44.0856 0 0
136.653 44.0789 0 0
136.551 44.0569 0 0
136.448 44.0415 0 0
136.344 44.0332 0 0
136.243 44.0095 0 0
136.14 43.9923 0 0
136.036 43.9821 0 0
135.936 43.956 0 0
135.832 43.9357 0 0
135.728 43.921 0 0
135.627 43.8898 0 0
135.522 43.8639 0 0
135.415 43.8478 0 0
135.309 43.8371 0 0
135.206 43.8085 0 0
135.101 43.7835 0 0
134.994 43.7618 0 0
134.893 43.7212 0 0
134.786 43.6822 0 0
134.676 43.6476 0 0
134.561 43.6167 0 0
134.443 43.5943 0 0
134.325 43.6121 0 0
134.251 43.7005 0 0
134.193 43.7945 0 0
134.135 43.8837 0 0
134.069 43.9634 0 0
133.991 44.029 0 0
133.901 44.0752 0 0
133.804 44.0996 0 0
133.704 44.1022 0 0
133.605 44.0834 0 0
133.513 44.0443 0 0
133.431 43.9859 0 0
133.361 43.9115 0 0
133.304 43.8254 0 0
133.254 43.7315 0 0
133.203 43.6338 0 0
133.135 43.5416 0 0
133.016 43.5201 0 0
132.894 43.5384 0 0
132.775 43.5642 0 0
132.657 43.5919 0 0
132.542 43.6213 0 0
132.429 43.6535 0 0
132.32 43.6896 0 0
132.214 43.7268 0 0
132.105 43.745 0 0
131.995 43.7665 0 0
131.889 43.7959 0 0
131.786 43.8298 0 0
131.68 43.8472 0 0
131.575 43.8698 0 0
131.473 43.898 0 0
131.368 43.9107 0 0
131.263 43.9301 0 0
131.161 43.9558 0 0
131.056 43.9665 0 0
130.951 43.9842 0 0
130.849 44.0084 0 0
130.744 44.0176 0 0
130.639 44.0339 0 0
130.536 44.0567 0 0
130.431 44.0641 0 0
130.325 44.0782 0 0
130.221 44.0979 0 0
130.114 44.1017 0 0
130.007 44.112 0 0
129.9 44.1328 0 0
129.798 44.1595 0 0
129.692 44.1703 0 0
129.587 44.1871 0 0
129.484 44.2099 0 0
129.379 44.2174 0 0
129.274 44.2319 0 0
129.171 44.253 0 0
129.066 44.2592 0 0
128.961 44.2725 0 0
128.858 44.2925 0 0
128.754 44.2977 0 0
128.648 44.31 0 0
128.545 44.3291 0 0
128.441 44.3332 0 0
128.335 44.3444 0 0
128.231 44.3622 0 0
128.126 44.3646 0 0
128.02 44.3735 0 0
127.915 44.3883 0 0
127.809 44.3869 0 0
127.701 44.3921 0 0
127.594 44.4079 0 0
127.491 44.4296 0 0
127.385 44.4354 0 0
127.279 44.4471 0 0
127.175 44.465 0 0
127.07 44.4675 0 0
126.965 44.4769 0 0
126.861 44.493 0 0
126.756 44.494 0 0
126.651 44.5021 0 0
126.547 44.5171 0 0
126.442 44.5169 0 0
126.336 44.5238 0 0
126.232 44.5374 0 0
126.127 44.5355 0 0
126.021 44.5402 0 0
125.916 44.5506 0 0
125.81 44.545 0 0
125.702 44.5458 0 0
125.594 44.557 0 0
125.49 44.5744 0 0
125.384 44.5757 0 0
125.278 44.5829 0 0
125.174 44.5964 0 0
125.069 44.5944 0 0
124.963 44.5991 0 0
124.859 44.6107 0 0
124.754 44.6069 0 0
124.648 44.6099 0 0
124.544 44.6196 0 0
124.439 44.6139 0 0
124.333 44.6149 0 0
124.229 44.6226 0 0
124.125 44.6147 0 0
124.019 44.6135 0 0
123.914 44.6188 0 0
123.809 44.6083 0 0
123.703 44.6039 0 0
123.597 44.6052 0 0
123.492 44.5902 0 0
123.385 44.5812 0 0
123.277 44.5827 0 0
123.171 44.5905 0 0
123.066 44.5821 0 0
122.96 44.5796 0 0
122.855 44.5835 0 0
122.751 44.5719 0 0
122.645 44.5671 0 0
122.541 44.5692 0 0
122.437 44.5562 0 0
122.331 44.5501 0 0
122.227 44.551 0 0
122.124 44.5368 0 0
122.018 44.5293 0 0
121.913 44.5288 0 0
121.81 44.5128 0 0
121.704 44.5031 0 0
121.599 44.4993 0 0
121.495 44.4794 0 0
121.388 44.4656 0 0
121.28 44.4624 0 0
121.175 44.4656 0 0
121.07 44.4527 0 0
120.964 44.4456 0 0
120.86 44.4451 0 0
120.756 44.4291 0 0
120.651 44.4198 0 0
120.547 44.4176 0 0
120.444 44.4002 0 0
120.339 44.3898 0 0
120.235 44.3864 0 0
120.132 44.3681 0 0
120.027 44.3565 0 0
119.923 44.3521 0 0
119.821 44.3326 0 0
119.716 44.3198 0 0
119.612 44.314 0 0
119.509 44.2927 0 0
119.404 44.2775 0 0
119.299 44.2683 0 0
119.196 44.243 0 0
119.091 44.2235 0 0
118.983 44.2145 0 0
118.877 44.2119 0 0
118.773 44.193 0 0
118.668 44.1796 0 0
118.563 44.1725 0 0
118.46 44.1495 0 0
118.355 44.1325 0 0
118.249 44.1215 0 0
118.147 44.0939 0 0
118.041 44.0711 0 0
117.934 44.0523 0 0
117.831 44.0151 0 0
117.723 43.98 0 0
117.611 43.9497 0 0
117.496 43.9225 0 0
117.379 43.898 0 0
117.258 43.8812 0 0
117.14 43.9037 0 0
117.069 43.9946 0 0
117.013 44.0901 0 0
116.956 44.1803 0 0
116.891 44.2609 0 0
116.813 44.3273 0 0
116.724 44.3753 0 0
116.627 44.4028 0 0
116.527 44.41 0 0
116.427 44.3975 0 0
116.332 44.3652 0 0
116.245 44.3134 0 0
116.17 44.2441 0 0
116.107 44.1616 0 0
116.052 44.0703 0 0
115.998 43.9745 0 0
115.926 43.8839 0 0
115.807 43.8632 0 0
115.685 43.8818 0 0
115.567 43.9078 0 0
115.45 43.9357 0 0
115.335 43.9655 0 0
115.223 43.9984 0 0
115.116 44.0358 0 0
115.013 44.0752 0 0
114.906 44.0967 0 0
114.8 44.1224 0 0
114.698 44.1528 0 0
114.592 44.1672 0 0
114.487 44.1877 0 0
114.385 44.2143 0 0
114.28 44.2255 0 0
114.174 44.2435 0 0
114.071 44.2678 0 0
113.966 44.2767 0 0
113.86 44.2921 0 0
113.756 44.3131 0 0
113.65 44.3182 0 0
113.542 44.3298 0 0
113.436 44.3517 0 0
113.334 44.3794 0 0
113.228 44.3913 0 0
113.123 44.4091 0 0
113.021 44.4329 0 0
112.916 44.4415 0 0
112.811 44.457 0 0
112.708 44.4791 0 0
112.603 44.4863 0 0
112.498 44.5005 0 0
112.395 44.5214 0 0
112.291 44.5274 0 0
112.185 44.5404 0 0
112.082 44.56 0 0
111.977 44.5643 0 0
111.871 44.5751 0 0
111.766 44.5917 0 0
111.66 44.5922 0 0
111.552 44.5993 0 0
111.445 44.617 0 0
111.342 44.6406 0 0
111.236 44.6483 0 0
111.131 44.6619 0 0
111.027 44.6817 0 0
110.922 44.6861 0 0
110.817 44.6975 0 0
110.714 44.7156 0 0
110.609 44.7186 0 0
110.503 44.7288 0 0
110.4 44.7458 0 0
110.295 44.7479 0 0
110.19 44.7571 0 0
110.086 44.7732 0 0
109.982 44.7742 0 0
109.876 44.7823 0 0
109.772 44.797 0 0
109.667 44.7964 0 0
109.56 44.8022 0 0
109.455 44.8139 0 0
109.349 44.8095 0 0
109.241 44.8115 0 0
109.134 44.824 0 0
109.029 44.8427 0 0
108.924 44.8452 0 0
108.817 44.8537 0 0
108.713 44.8683 0 0
108.608 44.8675 0 0
108.502 44.8733 0 0
108.397 44.8857 0 0
108.293 44.8828 0 0
108.186 44.8865 0 0
108.082 44.8968 0 0
107.977 44.8916 0 0
107.871 44.893 0 0
107.766 44.9007 0 0
107.661 44.8926 0 0
107.554 44.8905 0 0
107.448 44.894 0 0
107.343 44.881 0 0
107.235 44.8739 0 0
107.127 44.877 0 0
107.021 44.8862 0 0
106.916 44.8792 0 0
106.809 44.878 0 0
106.704 44.8831 0 0
106.6 44.8728 0 0
106.494 44.8692 0 0
106.389 44.8726 0 0
106.285 44.8609 0 0
106.179 44.8562 0 0
106.075 44.8585 0 0
105.971 44.8457 0 0
105.865 44.8399 0 0
105.761 44.8412 0 0
105.657 44.8274 0 0
105.551 44.8204 0 0
105.446 44.8203 0 0
105.343 44.8048 0 0
105.237 44.7956 0 0
105.131 44.7923 0 0
105.027 44.773 0 0
104.92 44.7598 0 0
104.812 44.7571 0 0
104.706 44.7608 0 0
104.601 44.7484 0 0
104.495 44.7418 0 0
104.39 44.7418 0 0
104.286 44.7264 0 0
104.18 44.7176 0 0
104.076 44.7159 0 0
103.973 44.6991 0 0
103.867 44.689 0 0
103.763 44.6861 0 0
103.66 44.6681 0 0
103.554 44.6569 0 0
103.449 44.6525 0 0
103.346 44.6328 0 0
103.241 44.6192 0 0
103.135 44.6116 0 0
103.032 44.588 0 0
102.926 44.5704 0 0
102.818 44.5632 0 0
102.712 44.5626 0 0
102.608 44.5459 0 0
102.502 44.5349 0 0
102.397 44.5306 0 0
102.294 44.5108 0 0
102.189 44.4977 0 0
102.085 44.4916 0 0
101.982 44.4705 0 0
101.877 44.4561 0 0
101.773 44.4487 0 0
101.671 44.4263 0 0
101.566 44.4105 0 0
101.461 44.4015 0 0
101.359 44.3772 0 0
101.254 44.3591 0 0
101.149 44.3471 0 0
101.046 44.3188 0 0
100.94 44.2954 0 0
100.833 44.2762 0 0
100.731 44.2387 0 0
100.623 44.2034 0 0
100.511 44.1728 0 0
100.396 44.1455 0 0
100.279 44.12 0 0
100.16 44.0965 0 0
100.038 44.0803 0 0
99.92 44.1031 0 0
99.8489 44.1942 0 0
99.7935 44.29 0 0
99.7371 44.3805 0 0
99.672 44.4614 0 0
99.5949 44.5283 0 0
99.5064 44.5771 0 0
99.4099 44.606 0 0
99.3096 44.6152 0 0
99.2094 44.605 0 0
99.1131 44.5754 0 0
99.025 44.526 0 0
98.9483 44.4586 0 0
98.8836 44.3773 0 0
98.8276 44.2867 0 0
98.7725 44.1908 0 0
98.7015 44.0997 0 0
98.5834 44.077 0 0
98.4622 44.0937 0 0
98.3442 44.1182 0 0
98.2287 44.1453 0 0
98.116 44.1754 0 0
98.0075 44.2101 0 0
97.9037 44.2466 0 0
97.7957 44.2644 0 0
97.6882 44.2858 0 0
97.5835 44.3111 0 0
97.476 44.3191 0 0
97.3676 44.3324 0 0
97.2614 44.3555 0 0
97.1589 44.384 0 0
97.0535 44.3963 0 0
96.9483 44.4141 0 0
96.8461 44.4379 0 0
96.7415 44.4462 0 0
96.6366 44.4614 0 0
96.5343 44.4831 0 0
96.43 44.4898 0 0
96.3251 44.5036 0 0
96.2227 44.5241 0 0
96.1185 44.5297 0 0
96.0135 44.5424 0 0
95.9109 44.5619 0 0
95.8065 44.5664 0 0
95.7013 44.578 0 0
95.5981 44.5963 0 0
95.4933 44.5991 0 0
95.3874 44.6085 0 0
95.2829 44.6238 0 0
95.1772 44.6229 0 0
95.0695 44.6285 0 0
94.9629 44.6447 0 0
94.8595 44.6669 0 0
94.7542 44.673 0 0
94.6485 44.6852 0 0
94.5453 44.7035 0 0
94.4405 44.7064 0 0
94.3351 44.7162 0 0
94.2319 44.7328 0 0
94.1274 44.7343 0 0
94.022 44.7429 0 0
93.9186 44.7583 0 0
93.8141 44.7586 0 0
93.7085 44.766 0 0
93.6047 44.78 0 0
93.4999 44.7786 0 0
93.3936 44.7837 0 0
93.2887 44.7947 0 0
93.183 44.7895 0 0
93.0753 44.7907 0 0
92.9681 44.8026 0 0
92.8639 44.8205 0 0
92.7584 44.8224 0 0
92.6523 44.8302 0 0
92.5485 44.8443 0 0
92.4438 44.843 0 0
92.3381 44.8485 0 0
92.2344 44.861 0 0
92.13 44.8583 0 0
92.0244 44.8626 0 0
91.9206 44.8739 0 0
91.8163 44.8702 0 0
91.7106 44.8735 0 0
91.6066 44.8837 0 0
91.5022 44.8787 0 0
91.3963 44.8806 0 0
91.2918 44.8892 0 0
91.1871 44.882 0 0
91.0806 44.881 0 0
90.9751 44.8856 0 0
90.8698 44.8738 0 0
90.7621 44.8678 0 0
90.6542 44.8721 0 0
90.5488 44.8824 0 0
90.4433 44.8762 0 0
90.3368 44.8756 0 0
90.232 44.8812 0 0
90.1276 44.871 0 0
90.0217 44.8675 0 0
89.9172 44.8709 0 0
89.8133 44.859 0 0
89.7076 44.854 0 0
89.6031 44.8561 0 0
89.4994 44.8429 0 0
89.3936 44.8366 0 0
89.2889 44.8372 0 0
89.1851 44.8223 0 0
89.0791 44.8137 0 0
88.9736 44.811 0 0
88.8695 44.7923 0 0
88.7624 44.7796 0 0
88.6547 44.7776 0 0
88.549 44.7819 0 0
88.4441 44.7702 0 0
88.3379 44.7643 0 0
88.2331 44.7649 0 0
88.1294 44.7501 0 0
88.0239 44.742 0 0
87.9195 44.7409 0 0
87.8163 44.7248 0 0
87.711 44.7156 0 0
87.6066 44.7135 0 0
87.5037 44.6964 0 0
87.3985 44.6861 0 0
87.2941 44.683 0 0
87.1912 44.6648 0 0
87.086 44.6534 0 0
86.9813 44.6489 0 0
86.8784 44.6291 0 0
86.7729 44.6154 0 0
86.6676 44.6077 0 0
86.5645 44.584 0 0
86.4582 44.5662 0 0
86.3506 44.559 0 0
86.2448 44.5583 0 0
86.1406 44.5416 0 0
86.0348 44.5306 0 0
85.93 44.5262 0 0
85.8271 44.5064 0 0
85.722 44.4932 0 0
85.6176 44.4871 0 0
85.5152 44.4659 0 0
85.4103 44.4515 0 0
85.306 44.4441 0 0
85.2038 44.4218 0 0
85.099 44.406 0 0
84.9944 44.3972 0 0
84.8923 44.3729 0 0
84.7873 44.3547 0 0
84.6822 44.3424 0 0
84.58 44.3141 0 0
84.4742 44.2914 0 0
84.3665 44.2789 0 0
84.2602 44.2726 0 0
84.1563 44.2498 0 0
84.0502 44.2322 0 0
83.9442 44.2202 0 0
83.8414 44.1916 0 0
83.7353 44.1678 0 0
83.6284 44.148 0 0
83.5258 44.1102 0 0
83.4185 44.0745 0 0
83.307 44.0438 0 0
83.193 44.0169 0 0
83.0774 43.9925 0 0
82.9606 43.9703 0 0
82.8427 43.9517 0 0
82.7234 43.9457 0 0
82.6183 43.9896 0 0
82.5511 44.0799 0 0
82.4968 44.1736 0 0
82.4416 44.2628 0 0
82.3779 44.3433 0 0
82.3024 44.4108 0 0
82.2155 44.4613 0 0
82.12 44.4922 0 0
82.0203 44.5023 0 0
81.9206 44.491 0 0
81.8259 44.4579 0 0
81.7412 44.4036 0 0
81.67 44.331 0 0
81.6118 44.2455 0 0
81.5623 44.1515 0 0
81.5126 44.0531 0 0
81.4453 43.9596 0 0
81.3276 43.9352 0 0
81.2057 43.9505 0 0
81.0863 43.9731 0 0
80.9686 43.9974 0 0
80.8525 44.023 0 0
80.7382 44.0506 0 0
80.6266 44.0815 0 0
80.5193 44.1172 0 0
80.4169 44.155 0 0
80.3101 44.1745 0 0
80.2043 44.1981 0 0
80.102 44.2265 0 0
79.9966 44.2387 0 0
79.8915 44.2571 0 0
79.7893 44.2815 0 0
79.6845 44.2905 0 0
79.5794 44.3064 0 0
79.4768 44.3286 0 0
79.372 44.3353 0 0
79.2663 44.3485 0 0
79.1624 44.3674 0 0
79.0566 44.3701 0 0
78.9491 44.3794 0 0
78.8432 44.3991 0 0
78.7406 44.4247 0 0
78.6355 44.4344 0 0
78.5303 44.45 0 0
78.4279 44.4717 0 0
78.3233 44.4781 0 0
78.2184 44.4915 0 0
78.1159 44.5115 0 0
78.0116 44.5166 0 0
77.9067 44.5288 0 0
77.8041 44.5478 0 0
77.6998 44.5518 0 0
77.5947 44.563 0 0
77.4919 44.581 0 0
77.3875 44.584 0 0
77.2821 44.5941 0 0
77.1787 44.6109 0 0
77.074 44.6123 0 0
76.9679 44.6202 0 0
76.8633 44.634 0 0
76.7576 44.6316 0 0
76.6499 44.6358 0 0
76.5431 44.6505 0 0
76.4394 44.6713 0 0
76.3339 44.676 0 0
76.2281 44.6867 0 0
76.1246 44.7037 0 0
76.0198 44.7052 0 0
75.9142 44.7136 0 0
75.8108 44.7289 0 0
75.7062 44.729 0 0
75.6007 44.7362 0 0
75.4971 44.7503 0 0
75.3925 44.7492 0 0
75.2867 44.7552 0 0
75.1826 44.7679 0 0
75.0778 44.7651 0 0
74.9714 44.7688 0 0
74.8661 44.7784 0 0
74.7605 44.7719 0 0
74.6526 44.7716 0 0
74.5451 44.7819 0 0
74.4404 44.7981 0 0
74.3346 44.7981 0 0
74.2282 44.8038 0 0
74.1238 44.8155 0 0
74.0188 44.8115 0 0
73.9127 44.814 0 0
73.8083 44.8231 0 0
73.7037 44.8167 0 0
73.5977 44.8169 0 0
73.4932 44.8238 0 0
73.3889 44.8152 0 0
73.2829 44.8133 0 0
73.1783 44.8181 0 0
73.0741 44.8076 0 0
72.9681 44.8037 0 0
72.8631 44.8066 0 0
72.7589 44.7939 0 0
72.6525 44.7876 0 0
72.5467 44.7871 0 0
72.4421 44.7706 0 0
72.3346 44.7602 0 0
72.2266 44.7603 0 0
72.1209 44.7669 0 0
72.0156 44.7573 0 0
71.909 44.7536 0 0
71.8041 44.7563 0 0
71.6999 44.7437 0 0
71.5939 44.7378 0 0
71.4892 44.7389 0 0
71.3854 44.7249 0 0
71.2797 44.7178 0 0
71.175 44.7178 0 0
71.0713 44.7027 0 0
70.9656 44.6943 0 0
70.8606 44.6929 0 0
70.7569 44.6761 0 0
70.6508 44.6655 0 0
70.5451 44.6609 0 0
70.4411 44.6403 0 0
70.334 44.6258 0 0
70.2261 44.6218 0 0
70.1202 44.6243 0 0
70.0153 44.6107 0 0
69.909 44.603 0 0
69.804 44.6018 0 0
69.7003 44.5852 0 0
69.5947 44.5753 0 0
69.49 44.5725 0 0
69.3868 44.5547 0 0
69.2814 44.5437 0 0
69.1768 44.5399 0 0
69.0738 44.5212 0 0
68.9685 44.5093 0 0
68.8639 44.5045 0 0
68.761 44.4847 0 0
68.6557 44.4717 0 0
68.5508 44.4656 0 0
68.448 44.4442 0 0
68.3424 44.4288 0 0
68.237 44.4195 0 0
68.134 44.3943 0 0
68.0276 44.3749 0 0
67.9198 44.3661 0 0
67.8136 44.3639 0 0
67.7093 44.3456 0 0
67.6032 44.3331 0 0
67.4981 44.3271 0 0
67.395 44.3058 0 0
67.2896 44.2909 0 0
67.1848 44.2831 0 0
67.0822 44.2602 0 0
66.9769 44.2438 0 0
66.8719 44.2343 0 0
66.7695 44.2095 0 0
66.664 44.1908 0 0
66.5583 44.1782 0 0
66.4556 44.1496 0 0
66.3494 44.1259 0 0
66.2419 44.1063 0 0
66.1387 44.0688 0 0
66.0304 44.0334 0 0
65.9177 44.0026 0 0
65.802 43.9751 0 0
65.6838 43.9502 0 0
65.5623 43.9332 0 0
65.4439 43.9556 0 0
65.3732 44.0469 0 0
65.3185 44.1431 0 0
65.263 44.2341 0 0
65.1991 44.316 0 0
65.1233 44.3844 0 0
65.0359 44.4353 0 0
64.9402 44.4669 0 0
64.8402 44.4792 0 0
64.7396 44.472 0 0
64.6425 44.4448 0 0
64.5531 44.3973 0 0
64.4748 44.3315 0 0
64.4084 44.2515 0 0
64.3508 44.1616 0 0
64.2945 44.0662 0 0
64.2231 43.9752 0 0
64.1046 43.9519 0 0
63.9828 43.9673 0 0
63.8638 43.9897 0 0
63.7467 44.014 0 0
63.6317 44.0401 0 0
63.5194 44.0693 0 0
63.4112 44.1033 0 0
63.3079 44.1393 0 0
63.2004 44.1568 0 0
63.0938 44.1782 0 0
62.9903 44.2044 0 0
62.8841 44.2137 0 0
62.7776 44.2286 0 0
62.6732 44.2487 0 0
62.5668 44.2521 0 0
62.4589 44.2617 0 0
62.3526 44.2815 0 0
62.2497 44.307 0 0
62.1444 44.3164 0 0
62.0389 44.3317 0 0
61.9362 44.353 0 0
61.8315 44.3589 0 0
61.7263 44.3716 0 0
61.6235 44.391 0 0
61.519 44.3954 0 0
61.4138 44.4067 0 0
61.3108 44.4249 0 0
61.2063 44.4279 0 0
61.1008 44.438 0 0
60.9973 44.4548 0 0
60.8924 44.4561 0 0
60.7863 44.4639 0 0
60.6815 44.4776 0 0
60.5757 44.4751 0 0
60.4679 44.4791 0 0
60.361 44.4936 0 0
60.2572 44.5142 0 0
60.1517 44.5187 0 0
60.0457 44.5292 0 0
59.9421 44.5459 0 0
59.8373 44.5471 0 0
59.7316 44.5553 0 0
59.6281 44.5703 0 0
59.5235 44.5703 0 0
59.4179 44.5773 0 0
59.3143 44.5912 0 0
59.2098 44.5901 0 0
59.1041 44.5961 0 0
59.0003 44.609 0 0
58.8957 44.6068 0 0
58.7898 44.6116 0 0
58.6855 44.6231 0 0
58.5805 44.6192 0 0
58.474 44.6218 0 0
58.3685 44.6302 0 0
58.2629 44.6225 0 0
58.1548 44.621 0 0
58.047 44.6301 0 0
57.942 44.6452 0 0
57.8361 44.644 0 0
57.7294 44.6486 0 0
57.6246 44.6592 0 0
57.5195 44.654 0 0
57.4131 44.6554 0 0
57.3084 44.6633 0 0
57.2037 44.6557 0 0
57.0974 44.6547 0 0
56.9925 44.6603 0 0
56.8879 44.6504 0 0
56.7815 44.6471 0 0
56.6763 44.6502 0 0
56.5717 44.6376 0 0
56.465 44.6311 0 0
56.359 44.6303 0 0
56.2541 44.6134 0 0
56.1464 44.6024 0 0
56.0382 44.602 0 0
55.9323 44.6079 0 0
55.8269 44.5978 0 0
55.7203 44.5934 0 0
55.6152 44.5956 0 0
55.5109 44.5823 0 0
55.4048 44.5757 0 0
55.3 44.5761 0 0
55.1961 44.5615 0 0
55.0903 44.5537 0 0
54.9855 44.553 0 0
54.8819 44.5374 0 0
54.7761 44.5287 0 0
54.6713 44.527 0 0
54.5677 44.5104 0 0
54.4618 44.5005 0 0
54.3567 44.4974 0 0
54.253 44.4791 0 0
54.1469 44.4669 0 0
54.0411 44.4606 0 0
53.9372 44.4384 0 0
53.8302 44.4222 0 0
53.722 44.4165 0 0
53.6158 44.4173 0 0
53.5108 44.4021 0 0
53.4043 44.3926 0 0
53.299 44.3897 0 0
53.1953 44.3715 0 0
53.0895 44.3598 0 0
52.9845 44.3551 0 0
52.8813 44.3355 0 0
52.7757 44.3226 0 0
52.6707 44.3168 0 0
52.5677 44.2961 0 0
52.4621 44.2819 0 0
52.357 44.2747 0 0
52.254 44.2522 0 0
52.1482 44.2357 0 0
52.0426 44.2252 0 0
51.9395 44.1989 0 0
51.833 44.1784 0 0
51.725 44.1684 0 0
51.6187 44.1648 0 0
51.5142 44.1454 0 0
51.408 44.1317 0 0
51.3028 44.1246 0 0
51.1997 44.1022 0 0
51.0943 44.0864 0 0
50.9895 44.0776 0 0
50.887 44.054 0 0
50.7819 44.037 0 0
50.6772 44.0272 0 0
50.5749 44.0026 0 0
50.47 43.9846 0 0
50.3653 43.9737 0 0
50.2632 43.9479 0 0
50.1582 43.9286 0 0
50.0533 43.916 0 0
49.9513 43.8883 0 0
49.8461 43.8663 0 0
49.7404 43.85 0 0
49.6381 43.8178 0 0
49.5319 43.7908 0 0
49.4232 43.7732 0 0
49.3152 43.761 0 0
49.2107 43.7318 0 0
49.1032 43.7064 0 0
48.995 43.6846 0 0
48.8916 43.6447 0 0
48.7833 43.6066 0 0
48.6707 43.5728 0 0
48.5551 43.542 0 0
48.4371 43.5138 0 0
48.3156 43.4934 0 0
48.1967 43.5132 0 0
48.1262 43.6042 0 0
48.0733 43.701 0 0
48.0214 43.7939 0 0
47.9621 43.8789 0 0
47.8909 43.9518 0 0
47.8072 44.0081 0 0
47.7138 44.0452 0 0
47.6148 44.0622 0 0
47.5143 44.0586 0 0
47.4169 44.0338 0 0
47.3273 43.9875 0 0
47.2493 43.922 0 0
47.1834 43.842 0 0
47.1261 43.7523 0 0
47.0695 43.6574 0 0
46.9972 43.5674 0 0
46.8791 43.5462 0 0
46.7586 43.5643 0 0
46.6412 43.5895 0 0
46.5257 43.6165 0 0
46.4124 43.6454 0 0
46.302 43.6776 0 0
46.1959 43.7146 0 0
46.0948 43.7536 0 0
45.9889 43.7739 0 0
45.8841 43.7984 0 0
45.7828 43.8275 0 0
45.6784 43.8401 0 0
45.5743 43.8587 0 0
45.4731 43.8835 0 0
45.3694 43.8928 0 0
45.2655 43.9089 0 0
45.1643 43.9317 0 0
45.0608 43.9391 0 0
44.9568 43.9536 0 0
44.8552 43.9749 0 0
44.7517 43.9808 0 0
44.6474 43.9938 0 0
44.5452 44.0135 0 0
44.4413 44.0175 0 0
44.3362 44.0281 0 0
44.2327 44.0444 0 0
44.1277 44.0444 0 0
44.0209 44.0509 0 0
43.9153 44.0682 0 0
43.8129 44.0915 0 0
43.7083 44.0985 0 0
43.6035 44.1115 0 0
43.5012 44.1307 0 0
43.3971 44.1342 0 0
43.2925 44.1447 0 0
43.1901 44.1619 0 0
43.0863 44.1638 0 0
42.9816 44.1728 0 0
42.8789 44.1887 0 0
42.775 44.1893 0 0
42.6701 44.1969 0 0
42.5669 44.2112 0 0
42.4627 44.2099 0 0
42.3571 44.2151 0 0
42.2527 44.2261 0 0
42.1477 44.2208 0 0
42.0405 44.2219 0 0
41.934 44.2337 0 0
41.8304 44.2517 0 0
41.7254 44.2535 0 0
41.6198 44.2611 0 0
41.5165 44.275 0 0
41.4123 44.2733 0 0
41.307 44.2785 0 0
41.2037 44.2905 0 0
41.0997 44.2872 0 0
40.9945 44.2909 0 0
40.8911 44.3014 0 0
40.7871 44.2965 0 0
40.6818 44.2985 0 0
40.578 44.3071 0 0
40.474 44.3001 0 0
40.3684 44.2998 0 0
40.2641 44.306 0 0
40.16 44.2962 0 0
40.0539 44.2925 0 0
39.9486 44.2944 0 0
39.8441 44.2796 0 0
39.7369 44.2707 0 0
39.6293 44.2721 0 0
39.5241 44.2797 0 0
39.4192 44.2708 0 0
39.3131 44.2676 0 0
39.2086 44.2708 0 0
39.1048 44.2583 0 0
38.9993 44.2525 0 0
38.8951 44.2538 0 0
38.7917 44.2397 0 0
38.6865 44.2325 0 0
38.5822 44.2324 0 0
38.4791 44.217 0 0
38.3737 44.2084 0 0
38.2692 44.2066 0 0
38.166 44.1894 0 0
38.0604 44.1783 0 0
37.9552 44.1732 0 0
37.8518 44.1519 0 0
37.7453 44.1367 0 0
37.6377 44.132 0 0
37.5322 44.1338 0 0
37.4278 44.1194 0 0
37.3219 44.1108 0 0
37.2172 44.1087 0 0
37.1141 44.0912 0 0
37.0089 44.0803 0 0
36.9046 44.0765 0 0
36.802 44.0575 0 0
36.6971 44.0454 0 0
36.5929 44.0404 0 0
36.4905 44.0204 0 0
36.3857 44.0071 0 0
36.2814 44.0009 0 0
36.1792 43.9797 0 0
36.0743 43.9652 0 0
35.9698 43.9576 0 0
35.8676 43.9346 0 0
35.7625 43.9177 0 0
35.6575 43.9067 0 0
35.5552 43.8798 0 0
35.4494 43.8587 0 0
35.3421 43.848 0 0
35.2363 43.8439 0 0
35.1326 43.8238 0 0
35.0271 43.8093 0 0
34.9225 43.8014 0 0
34.8202 43.7781 0 0
34.7154 43.7614 0 0
34.6112 43.7517 0 0
34.5095 43.7271 0 0
34.4051 43.7091 0 0
34.3009 43.6981 0 0
34.1995 43.6722 0 0
34.0951 43.6528 0 0
33.9909 43.6403 0 0
33.8895 43.6126 0 0
33.7851 43.5908 0 0
33.6805 43.5749 0 0
33.5793 43.5432 0 0
33.4744 43.5171 0 0
33.3673 43.5013 0 0
33.2616 43.492 0 0
33.1586 43.4668 0 0
33.0535 43.447 0 0
32.949 43.4338 0 0
32.8475 43.4052 0 0
32.7432 43.3828 0 0
32.6389 43.3672 0 0
32.538 43.3363 0 0
32.4339 43.3113 0 0
32.3291 43.2923 0 0
32.2284 43.2574 0 0
32.1239 43.2272 0 0
32.018 43.201 0 0
31.9174 43.1571 0 0
31.8118 43.1151 0 0
31.7016 43.0775 0 0
31.5883 43.0433 0 0
31.4729 43.0112 0 0
31.3552 42.9816 0 0
31.2343 42.96 0 0
31.116 42.9798 0 0
31.0501 43.0732 0 0
31.0057 43.1735 0 0
30.9664 43.2716 0 0
30.9232 43.3651 0 0
30.8692 43.4505 0 0
30.8006 43.5232 0 0
30.7172 43.5777 0 0
30.6227 43.6092 0 0
30.5233 43.6146 0 0
30.4261 43.5931 0 0
30.3375 43.5469 0 0
30.2613 43.4807 0 0
30.1966 43.4009 0 0
30.1381 43.313 0 0
30.0768 43.222 0 0
29.997 43.1394 0 0
29.8795 43.1333 0 0
29.7654 43.1677 0 0
29.656 43.2099 0 0
29.5497 43.2543 0 0
29.4469 43.3017 0 0
29.3492 43.3533 0 0
29.2565 43.4057 0 0
29.1561 43.4393 0 0
29.0574 43.4763 0 0
28.9626 43.5172 0 0
28.8622 43.5409 0 0
28.7629 43.5705 0 0
28.667 43.6058 0 0
28.5666 43.6247 0 0
28.4667 43.6502 0 0
28.3696 43.6816 0 0
28.2686 43.6965 0 0
28.1673 43.7178 0 0
28.0681 43.7444 0 0
27.9656 43.754 0 0
27.862 43.7703 0 0
27.7607 43.7978 0 0
27.6633 43.8309 0 0
27.562 43.8473 0 0
27.461 43.8695 0 0
27.3631 43.8974 0 0
27.2619 43.9089 0 0
27.1608 43.9273 0 0
27.0624 43.9521 0 0
26.9613 43.961 0 0
26.8599 43.9769 0 0
26.761 43.9995 0 0
26.6597 44.0061 0 0
26.5578 44.0197 0 0
26.4579 44.0397 0 0
26.3561 44.0433 0 0
26.2531 44.0534 0 0
26.1516 44.069 0 0
26.0486 44.0676 0 0
25.9438 44.0728 0 0
25.8401 44.0894 0 0
25.7397 44.1121 0 0
25.637 44.1179 0 0
25.5342 44.1294 0 0
25.4338 44.147 0 0
25.3318 44.1481 0 0
25.2292 44.156 0 0
25.1288 44.1708 0 0
25.0272 44.1694 0 0
24.9246 44.1751 0 0
24.8239 44.1877 0 0
24.7224 44.1843 0 0
24.6197 44.1879 0 0
24.5186 44.1985 0 0
24.4171 44.1931 0 0
24.3141 44.1945 0 0
24.2124 44.2026 0 0
24.1106 44.1942 0 0
24.007 44.1921 0 0
23.9041 44.1957 0 0
23.8018 44.1821 0 0
23.6968 44.1748 0 0
23.5917 44.1789 0 0
23.489 44.1893 0 0
23.3862 44.1827 0 0
23.2824 44.1817 0 0
23.1804 44.1871 0 0
23.0788 44.1761 0 0
22.9757 44.1716 0 0
22.8739 44.1742 0 0
22.7729 44.1606 0 0
22.6701 44.154 0 0
22.5682 44.1543 0 0
22.4675 44.1386 0 0
22.3647 44.1297 0 0
22.2625 44.1277 0 0
22.162 44.1093 0 0
22.059 44.0971 0 0
21.9561 44.0905 0 0
21.8555 44.0671 0 0
21.7517 44.0497 0 0
21.6466 44.0435 0 0
21.5432 44.044 0 0
21.4415 44.0274 0 0
21.3383 44.0164 0 0
21.2361 44.012 0 0
21.136 43.9913 0 0
21.0336 43.9771 0 0
20.9319 43.9701 0 0
20.8325 43.9472 0 0
20.7305 43.9311 0 0
20.629 43.9221 0 0
20.5301 43.8974 0 0
20.4285 43.8793 0 0
20.327 43.8683 0 0
20.2285 43.8417 0 0
20.127 43.8216 0 0
20.0255 43.8084 0 0
19.9273 43.7793 0 0
19.826 43.7559 0 0
19.7243 43.7383 0 0
19.6265 43.7042 0 0
19.5249 43.6758 0 0
19.4208 43.6582 0 0
19.3178 43.6474 0 0
19.2182 43.62 0 0
19.1165 43.598 0 0
19.0151 43.5825 0 0
18.9175 43.5512 0 0
18.817 43.5261 0 0
18.7163 43.5081 0 0
18.6196 43.4747 0 0
18.5196 43.4476 0 0
18.4193 43.4276 0 0
18.3233 43.3922 0 0
18.2238 43.3631 0 0
18.1236 43.3408 0 0
18.0282 43.3029 0 0
17.9292 43.2705 0 0
17.8291 43.2439 0 0
17.7346 43.2012 0 0
17.6357 43.1637 0 0
17.5334 43.1369 0 0
17.4315 43.1168 0 0
17.3345 43.0805 0 0
17.235 43.0494 0 0
17.1352 43.0249 0 0
17.0405 42.9849 0 0
16.9424 42.9509 0 0
16.8434 42.9239 0 0
16.7499 42.882 0 0
16.6525 42.846 0 0
16.5541 42.8169 0 0
16.4613 42.773 0 0
16.3645 42.7348 0 0
16.2664 42.7034 0 0
16.1745 42.6569 0 0
16.0782 42.6158 0 0
15.9803 42.5805 0 0
15.8894 42.5293 0 0
15.794 42.482 0 0
15.6967 42.4383 0 0
15.6083 42.3775 0 0
15.5149 42.3177 0 0
15.416 42.2621 0 0
15.3133 42.2102 0 0
15.2078 42.1614 0 0
15.0997 42.1156 0 0
14.9888 42.0738 0 0
14.8732 42.043 0 0
14.7585 42.0606 0 0
14.7087 42.1622 0 0
14.6943 42.2702 0 0
14.6989 42.3752 0 0
14.7143 42.4764 0 0
14.7301 42.5758 0 0
14.7311 42.6749 0 0
14.6994 42.7679 0 0
14.6274 42.8338 0 0
14.5312 42.8493 0 0
14.4399 42.8135 0 0
14.3681 42.7454 0 0
14.3105 42.6632 0 0
14.2546 42.5776 0 0
14.1896 42.4953 0 0
14.1095 42.4214 0 0
14.0072 42.3703 0 0
13.9045 42.4081 0 0
13.8297 42.4873 0 0
13.7691 42.5747 0 0
13.7183 42.6652 0 0
13.6778 42.7579 0 0
13.6413 42.849 0 0
13.5825 42.926 0 0
13.525 43.0039 0 0
13.4699 43.0819 0 0
13.3961 43.1431 0 0
13.3248 43.2091 0 0
13.2639 43.2841 0 0
13.2087 43.3614 0 0
13.1366 43.4226 0 0
13.0668 43.4871 0 0
13.0012 43.5541 0 0
12.9214 43.6034 0 0
12.8444 43.6579 0 0
12.772 43.7168 0 0
12.6882 43.7578 0 0
12.6067 43.8048 0 0
12.5296 43.8569 0 0
12.4429 43.8905 0 0
12.3582 43.9307 0 0
12.2775 43.9766 0 0
12.1887 44.0039 0 0
12.1016 44.0381 0 0
12.0181 44.0784 0 0
11.9276 44.0991 0 0
11.8379 44.126 0 0
11.7508 44.1581 0 0
11.6583 44.171 0 0
11.566 44.1929 0 0
11.4793 44.2311 0 0
11.3981 44.2768 0 0
11.3095 44.3042 0 0
11.2222 44.3376 0 0
11.1384 44.3766 0 0
11.0483 44.3966 0 0
10.9592 44.424 0 0
10.8737 44.4585 0 0
10.7829 44.4746 0 0
10.6929 44.4985 0 0
10.6062 44.5297 0 0
10.5148 44.5425 0 0
10.4241 44.5631 0 0
10.3361 44.5909 0 0
10.2442 44.5994 0 0
10.1522 44.6146 0 0
10.0622 44.6359 0 0
9.96922 44.6384 0 0
9.87552 44.6506 0 0
9.78577 44.6801 0 0
9.70085 44.718 0 0
9.61051 44.7377 0 0
9.52105 44.7639 0 0
9.43465 44.7961 0 0
9.34344 44.8095 0 0
9.25291 44.8306 0 0
9.16542 44.8593 0 0
9.07394 44.8698 0 0
8.9829 44.8884 0 0
8.89464 44.9145 0 0
8.80292 44.9224 0 0
8.71138 44.9384 0 0
8.62238 44.962 0 0
8.53046 44.9673 0 0
8.43845 44.9808 0 0
8.34868 45.0018 0 0
8.25646 45.0035 0 0
8.16363 45.0121 0 0
8.07235 45.027 0 0
7.97941 45.0232 0 0
7.8851 45.0291 0 0
7.79356 45.0525 0 0
7.70628 45.0848 0 0
7.61482 45.0987 0 0
7.52382 45.119 0 0
7.43548 45.1458 0 0
7.34355 45.1534 0 0
7.25181 45.1689 0 0
7.1626 45.192 0 0
7.07057 45.1969 0 0
6.97845 45.2098 0 0
6.88863 45.2305 0 0
6.7965 45.2329 0 0
6.70401 45.2433 0 0
6.61352 45.2613 0 0
6.52121 45.26 0 0
6.42808 45.2656 0 0
6.33628 45.2775 0 0
6.24344 45.2707 0 0
6.14892 45.2735 0 0
6.05659 45.2939 0 0
5.96824 45.3232 0 0
5.87632 45.3341 0 0
5.78466 45.3515 0 0
5.69548 45.3754 0 0
5.60332 45.3802 0 0
5.51112 45.393 0 0
5.42125 45.4135 0 0
5.32909 45.4157 0 0
5.23664 45.4261 0 0
5.14628 45.4442 0 0
5.0541 45.4441 0 0
4.96138 45.4519 0 0
4.87052 45.4677 0 0
4.77834 45.4651 0 0
4.68536 45.4706 0 0
4.59395 45.4838 0 0
4.50174 45.4777 0 0
4.40833 45.4783 0 0
4.3159 45.4854 0 0
4.22343 45.4735 0 0
4.12874 45.4711 0 0
4.03519 45.4861 0 0
3.94502 45.5101 0 0
3.85237 45.5152 0 0
3.75952 45.5267 0 0
3.66866 45.5447 0 0
3.5761 45.5431 0 0
3.48289 45.5491 0 0
3.39134 45.5628 0 0
3.29892 45.5576 0 0
3.20547 45.5601 0 0
3.11333 45.5702 0 0
3.02109 45.5612 0 0
2.92745 45.5596 0 0
2.83467 45.5653 0 0
2.74284 45.5507 0 0
2.64915 45.5423 0 0
2.55573 45.5396 0 0
2.46463 45.5167 0 0
2.37026 45.5016 0 0
2.27456 45.5027 0 0
2.18046 45.5115 0 0
2.08728 45.4992 0 0
1.99261 45.4918 0 0
1.89842 45.4897 0 0
1.80737 45.4657 0 0
1.71393 45.4473 0 0
1.62011 45.4345 0 0
1.53204 45.3999 0 0
1.44096 45.3695 0 0
1.34886 45.3433 0 0
1.26633 45.2944 0 0
1.18065 45.2471 0 0
1.09364 45.2015 0 0
1.02111 45.1335 0 0
0.944535 45.0646 0 0
0.85957 45.0006 0 0
0.763568 44.9479 0 0
0.653595 44.9406 0 0
0.56636 45.0152 0 0
0.502677 45.104 0 0
0.454763 45.1976 0 0
0.422758 45.2948 0 0
0.408174 45.3945 0 0
0.409738 45.4944 0 0
0.423114 45.5935 0 2
0.444018 45.6914 0 2
0.468316 45.7885 0 2
0.491994 45.8857 0 2
0.511029 45.984 0 2
0.521282 46.0835 0 2
0.518528 46.1834 0 2
0.498763 46.2813 0 2
0.458888 46.3727 0 2
0.39776 46.4514 0 2
0.317303 46.51 0 2
0.223075 46.5418 0 2
0.123627 46.543 0 2
0.028579 46.5136 0 2
-0.053783 46.4577 0 2
-0.118243 46.3816 0 2
-0.163081 46.2925 0 2
-0.189436 46.1962 0 2
-0.200245 46.0968 0 2
-0.199303 45.9967 0 2
-0.190656 45.897 0 2
-0.178337 45.7977 0 2
-0.166312 45.6983 0 2
-0.15855 45.5986 0 2
-0.159069 45.4984 0 2
-0.171559 45.3982 0 2
-0.197756 45.2992 0 2
-0.238834 45.2032 0 2
-0.297274 45.113 0 2
-0.382145 45.0418 0 2
-0.489689 45.0582 0 2
-0.586626 45.1045 0 2
-0.686389 45.1425 0 2
-0.78605 45.1806 0 2
-0.890816 45.2012 0 2
-0.996522 45.2269 0 2
-1.10053 45.2566 0 2
-1.208 45.2695 0 2
-1.31675 45.2862 0 2
-1.42424 45.3059 0 2
-1.53356 45.3075 0 2
-1.64469 45.3119 0 2
-1.75522 45.3183 0 2
-1.86541 45.3056 0 2
-1.97828 45.2946 0 2
-2.09207 45.2883 0 2
-2.20438 45.2829 0 2
-2.31396 45.2576 0 2
-2.42559 45.2325 0 2
-2.53809 45.2111 0 2
-2.6489 45.1907 0 2
-2.75426 45.1507 0 2
-2.86147 45.1108 0 2
-2.9699 45.0749 0 2
-3.07673 45.0409 0 2
-3.17581 44.9887 0 2
-3.27642 44.9369 0 2
-3.3766 44.886 0 2
-3.46643 44.8183 0 2
-3.55891 44.75 0 2
-3.65403 44.6844 0 2
-3.74819 44.619 0 2
-3.82925 44.5372 0 2
-3.91258 44.4529 0 2
-4.00095 44.3706 0 2
-4.10306 44.3048 0 2
-4.20991 44.345 0 2
-4.29934 44.4086 0 2
-4.3774 44.48 0 2
-4.44634 44.5567 0 2
-4.50618 44.6386 0 2
-4.55713 44.725 0 2
-4.60047 44.8151 0 2
-4.63782 44.9079 0 2
-4.67082 45.0023 0 2
-4.70123 45.0976 0 2
-4.73084 45.1932 0 2
-4.76147 45.2884 0 2
-4.79494 45.3827 0 2
-4.83304 45.4752 0 2
-4.87747 45.5649 0 2
-4.92977 45.6501 0 2
-4.99117 45.729 0 2
-5.06243 45.7991 0 2
-5.14356 45.8574 0 2
-5.23357 45.9007 0 2
-5.33022 45.9256 0 2
-5.42991 45.9295 0 2
-5.52781 45.9105 0 2
-5.61832 45.8687 0 2
-5.6958 45.806 0 2
-5.75547 45.7262 0 2
-5.79415 45.6343 0 2
-5.81067 45.536 0 2
-5.80578 45.4363 0 2
-5.78167 45.3395 0 2
-5.74142 45.2481 0 2
-5.68839 45.1634 0 2
-5.62582 45.0854 0 2
-5.5566 45.0133 0 2
-5.48322 44.9454 0 2
-5.40785 44.8796 0 2
-5.33249 44.8139 0 2
-5.2592 44.7459 0 2
-5.19021 44.6735 0 2
-5.1282 44.5952 0 2
-5.07628 44.5099 0 2
-5.03787 44.4175 0 2
-5.01545 44.319 0 2
-5.00967 44.2168 0 2
-5.01976 44.1127 0 2
-5.0475 44.0086 0 2
-5.10437 43.9128 0 2
-5.21542 43.8876 0 2
-5.32965 43.891 0 2
-5.44086 43.9027 0 2
-5.55214 43.8988 0 2
-5.66389 43.8986 0 2
-5.7734 43.9031 0 2
-5.88188 43.8901 0 2
-5.99046 43.8768 0 2
-6.09585 43.8462 0 2
-6.20479 43.8196 0 2
-6.31431 43.7962 0 2
-6.41904 43.7558 0 2
-6.52721 43.7168 0 2
-6.63753 43.6819 0 2
-6.74673 43.6484 0 2
-6.84882 43.597 0 2
-6.9531 43.5455 0 2
-7.0592 43.4973 0 2
-7.16391 43.4505 0 2
-7.25928 43.3868 0 2
-7.35653 43.3227 0 2
-7.4557 43.2624 0 2
-7.55375 43.2044 0 2
-7.6408 43.1312 0 2
-7.72954 43.058 0 2
-7.81815 42.9864 0 2
-7.89377 42.901 0 2
-7.972 42.8146 0 2
-8.0534 42.7303 0 2
-8.13397 42.6467 0 2
-8.19909 42.5504 0 2
-8.26553 42.4517 0 2
-8.33431 42.3527 0 2
-8.40453 42.2544 0 2
-8.47859 42.1597 0 2
-8.56808 42.0832 0 2
-8.68008 42.0917 0 2
-8.78326 42.1248 0 2
-8.87938 42.167 0 2
-8.97014 42.2148 0 2
-9.05646 42.2674 0 2
-9.13898 42.3241 0 2
-9.21871 42.3844 0 2
-9.29629 42.4475 0 2
-9.37235 42.5125 0 2
-9.44764 42.5784 0 2
-9.52294 42.6442 0 2
-9.59907 42.7091 0 2
-9.67688 42.772 0 2
-9.75714 42.8318 0 2
-9.84055 42.887 0 2
-9.92764 42.9362 0 2
-10.0187 42.9777 0 2
-10.1135 43.0094 0 2
-10.2115 43.0291 0 2
-10.3113 43.0346 0 2
-10.4106 43.0237 0 2
-10.5062 42.9949 0 2
-10.5939 42.9473 0 2
-10.669 42.8816 0 2
-10.7264 42.8001 0 2
-10.7622 42.7071 0 2
-10.7737 42.6082 0 2
-10.7603 42.5094 0 2
-10.7237 42.4167 0 2
-10.6674 42.3344 0 2
-10.5956 42.2652 0 2
-10.5127 42.2097 0 2
-10.4225 42.1668 0 2
-10.3279 42.1345 0 2
-10.2311 42.1099 0 2
-10.1332 42.0896 0 2
-10.0352 42.0701 0 2
-9.93777 42.0477 0 2
-9.84215 42.0188 0 2
-9.7502 41.9799 0 2
-9.66488 41.9283 0 2
-9.59016 41.8619 0 2
-9.52987 41.7813 0 2
-9.48583 41.6892 0 2
-9.45779 41.5887 0 2
-9.44753 41.4817 0 2
-9.4685 41.3728 0 2
-9.56638 41.3116 0 2
-9.67668 41.2752 0 2
-9.78696 41.2471 0 2
-9.89207 41.2049 0 2
-9.99887 41.1657 0 2
-10.1051 41.1315 0 2
-10.2047 41.0821 0 2
-10.3043 41.0325 0 2
-10.3958 40.9683 0 2
-10.4918 40.9064 0 2
-10.5892 40.8472 0 2
-10.6772 40.7742 0 2
-10.7688 40.7014 0 2
-10.8635 40.632 0 2
-10.9578 40.5651 0 2
-11.0406 40.4845 0 2
-11.1254 40.4039 0 2
-11.2104 40.3247 0 2
-11.2822 40.2332 0 2
-11.3566 40.1406 0 2
-11.4339 40.0497 0 2
-11.5104 39.9601 0 2
-11.5716 39.8593 0 2
-11.6341 39.7565 0 2
-11.699 39.6544 0 2
-11.7655 39.5547 0 2
-11.8312 39.4578 0 2
-11.8807 39.352 0 2
-11.9313 39.2459 0 2
-11.9823 39.1417 0 2
-12.0165 39.0307 0 2
-12.0527 38.9182 0 2
-12.0926 38.807 0 2
-12.1327 38.6981 0 2
-12.1565 38.5843 0 2
-12.1859 38.4703 0 2
-12.2387 38.3661 0 2
-12.3447 38.3309 0 2
-12.4523 38.32 0 2
-12.5572 38.3165 0 2
-12.6598 38.3142 0 2
-12.761 38.3103 0 2
-12.8612 38.304 0 2
-12.961 38.2954 0 2
-13.0606 38.2851 0 2
-13.16 38.2734 0 2
-13.2593 38.2606 0 2
-13.3585 38.2467 0 2
-13.4575 38.2317 0 2
-13.5563 38.2154 0 2
-13.6548 38.1974 0 2
-13.7529 38.1772 0 2
-13.8504 38.1541 0 2
-13.9469 38.1272 0 2
-14.0419 38.0956 0 2
-14.1348 38.058 0 2
-14.2244 38.0134 0 2
-14.3092 37.9602 0 2
-14.3872 37.8976 0 2
-14.4556 37.8246 0 2
-14.5111 37.7415 0 2
-14.5496 37.6493 0 2
-14.5672 37.5511 0 2
-14.5607 37.4517 0 2
-14.5285 37.3574 0 2
-14.4717 37.2757 0 2
-14.3945 37.2129 0 2
-14.3032 37.1733 0 2
-14.2047 37.1583 0 2
-14.1053 37.1662 0 2
-14.0093 37.1932 0 2
-13.9184 37.2347 0 2
-13.8327 37.2861 0 2
-13.7505 37.3429 0 2
-13.6692 37.4012 0 2
-13.5862 37.4568 0 2
-13.4988 37.5052 0 2
-13.4058 37.5415 0 2
-13.3078 37.5596 0 2
-13.208 37.5542 0 2
-13.112 37.5232 0 2
-13.0245 37.47 0 2
-12.9474 37.3986 0 2
-12.8837 37.311 0 2
-12.8484 37.2047 0 2
-12.9234 37.1071 0 2
-13.0129 37.0269 0 2
-13.0935 36.939 0 2
-13.1752 36.8519 0 2
-13.2567 36.7678 0 2
-13.3259 36.6739 0 2
-13.3978 36.5814 0 2
-13.4717 36.493 0 2
-13.5324 36.3957 0 2
-13.593 36.2981 0 2
-13.6396 36.1927 0 2
-13.6908 36.0867 0 2
-13.7438 35.982 0 2
-13.7821 35.8706 0 2
-13.8231 35.7575 0 2
-13.8677 35.6454 0 2
-13.9128 35.5355 0 2
-13.9417 35.4204 0 2
-13.9719 35.3044 0 2
-14.0029 35.1895 0 2
-14.017 35.0714 0 2
-14.0328 34.9512 0 2
-14.0519 34.8316 0 2
-14.072 34.714 0 2
-14.0749 34.5949 0 2
-14.0789 34.4747 0 2
-14.0836 34.3553 0 2
-14.071 34.2364 0 2
-14.0592 34.1149 0 2
-14.05 33.9928 0 2
-14.0408 33.872 0 2
-14.0138 33.7537 0 2
-13.9859 33.633 0 2
-13.9593 33.5112 0 2
-13.9374 33.3891 0 2
-13.9375 33.2678 0 2
-14.0152 33.1869 0 2
-14.1039 33.1244 0 2
-14.1914 33.0659 0 2
-14.2745 33.005 0 2
-14.3514 32.9388 0 2
-14.4219 32.8669 0 2
-14.4867 32.7903 0 2
-14.5474 32.7103 0 2
-14.6049 32.628 0 2
-14.6603 32.5442 0 2
-14.7142 32.4596 0 2
-14.7674 32.3744 0 2
-14.8202 32.2891 0 2
-14.8729 32.2037 0 2
-14.9256 32.1182 0 2
-14.9782 32.0328 0 2
-15.0305 31.9471 0 2
-15.0819 31.8609 0 2
-15.1318 31.7739 0 2
-15.1795 31.6856 0 2
-15.2235 31.5955 0 2
-15.2626 31.5031 0 2
-15.2947 31.4082 0 2
-15.3174 31.3106 0 2
-15.3279 31.211 0 2
-15.3232 31.111 0 2
-15.3001 31.0138 0 2
-15.2564 30.924 0 2
-15.1915 30.8483 0 2
-15.1081 30.7939 0 2
-15.0123 30.7673 0 2
-14.9129 30.7718 0 2
-14.8197 30.8065 0 2
-14.7403 30.8666 0 2
-14.6787 30.945 0 2
-14.6352 31.0348 0 2
-14.6072 31.1307 0 2
-14.5902 31.2293 0 2
-14.5792 31.3288 0 2
-14.5687 31.4284 0 2
-14.5532 31.5272 0 2
-14.527 31.6238 0 2
-14.4849 31.7143 0 2
-14.4229 31.7927 0 2
-14.3417 31.8514 0 2
-14.2466 31.886 0 2
-14.1441 31.8964 0 2
-14.0393 31.8857 0 2
-13.9351 31.8541 0 2
-13.8426 31.7902 0 2
-13.843 31.662 0 2
-13.8641 31.5366 0 2
-13.888 31.4155 0 2
-13.8959 31.2928 0 2
-13.9037 31.1698 0 2
-13.9117 31.0484 0 2
-13.903 30.9272 0 2
-13.8949 30.8042 0 2
-13.89 30.6816 0 2
-13.8874 30.5616 0 2
-13.8682 30.4437 0 2
-13.847 30.3259 0 2
-13.8094 30.2119 0 2
-13.7728 30.0942 0 2
-13.7384 29.9749 0 2
-13.7042 29.8568 0 2
-13.6534 29.7446 0 2
-13.6013 29.6301 0 2
-13.5494 29.5146 0 2
-13.4961 29.4006 0 2
-13.4264 29.2955 0 2
-13.3532 29.1885 0 2
-13.2775 29.0804 0 2
-13.1986 28.9729 0 2
-13.1161 28.8669 0 2
-13.03 28.7633 0 2
-12.9405 28.6624 0 2
-12.8477 28.5643 0 2
-12.7522 28.4691 0 2
-12.6556 28.3752 0 2
-12.5698 28.2727 0 2
-12.5864 28.1578 0 2
-12.6213 28.0517 0 2
-12.6559 27.9494 0 2
-12.6841 27.8479 0 2
-12.7039 27.746 0 2
-12.7148 27.6439 0 2
-12.7179 27.5419 0 2
-12.7153 27.4398 0 2
-12.708 27.338 0 2
-12.696 27.2366 0 2
-12.6787 27.136 0 2
-12.6541 27.037 0 2
-12.6195 26.9411 0 2
-12.5707 26.8515 0 2
-12.5055 26.7725 0 2
-12.4247 26.708 0 2
-12.3315 26.6593 0 2
-12.2297 26.6238 0 2
