-14.7716 28.4867 0 1
-14.6678 28.4314 0 1
-14.6175 28.3206 0 1
-14.6011 28.1977 0 1
-14.5895 28.0758 0 1
-14.5771 27.9553 0 1
-14.5636 27.8362 0 1
-14.5499 27.7184 0 1
-14.5375 27.6022 0 1
-14.5282 27.4881 0 1
-14.5201 27.3777 0 1
-14.4914 27.2713 0 1
-14.4641 27.1645 0 1
-14.4395 27.0587 0 1
-14.3962 26.9592 0 1
-14.3553 26.8572 0 1
-14.3217 26.7527 0 1
-14.2925 26.6492 0 1
-14.2457 26.5525 0 1
-14.2014 26.4537 0 1
-14.1604 26.3546 0 1
-14.1027 26.264 0 1
-14.0474 26.1696 0 1
-13.9991 26.0712 0 1
-13.9547 25.9729 0 1
-13.8938 25.8839 0 1
-13.8349 25.7917 0 1
-13.7831 25.6955 0 1
-13.7362 25.5992 0 1
-13.6735 25.5126 0 1
-13.6131 25.4232 0 1
-13.5562 25.3326 0 1
-13.4844 25.2532 0 1
-13.4145 25.1692 0 1
-13.3509 25.0801 0 1
-13.2912 24.99 0 1
-13.2162 24.9123 0 1
-13.1416 24.8314 0 1
-13.0682 24.7492 0 1
-12.9796 24.6824 0 1
-12.8881 24.6124 0 1
-12.7956 24.5385 0 1
-12.701 24.4628 0 1
-12.6049 24.3844 0 1
-12.5201 24.2927 0 1
-12.4481 24.1936 0 1
-12.4318 24.0744 0 1
-12.4161 23.9601 0 1
-12.3861 23.8523 0 1
-12.337 23.7542 0 1
-12.2685 23.6699 0 1
-12.1828 23.6031 0 1
-12.0842 23.5554 0 1
-11.9771 23.5248 0 1
-11.8646 23.5049 0 1
-11.7497 23.4778 0 1
-11.6704 23.3902 0 1
-11.6094 23.2889 0 1
-11.5573 23.1845 0 1
-11.5097 23.0816 0 1
-11.4464 22.9878 0 1
-11.3849 22.8924 0 1
-11.3268 22.7967 0 1
-11.2543 22.7113 0 1
-11.1834 22.6222 0 1
-11.1182 22.5292 0 1
-11.0574 22.4359 0 1
-10.9828 22.3533 0 1
-10.91 22.2678 0 1
-10.8405 22.1811 0 1
-10.7583 22.1062 0 1
-10.6772 22.0273 0 1
-10.6014 21.9432 0 1
-10.53 21.8582 0 1
-10.4464 21.7854 0 1
-10.3642 21.7093 0 1
-10.2854 21.6315 0 1
-10.1954 21.5667 0 1
-10.1063 21.4974 0 1
-10.0222 21.4222 0 1
-9.94252 21.3452 0 1
-9.85204 21.2816 0 1
-9.76281 21.2143 0 1
-9.67681 21.1448 0 1
-9.58097 21.0894 0 1
-9.48558 21.0293 0 1
-9.39441 20.9627 0 1
-9.3074 20.8941 0 1
-9.21093 20.8398 0 1
-9.11524 20.7818 0 1
-9.02239 20.7213 0 1
-8.92112 20.676 0 1
-8.81958 20.626 0 1
-8.72112 20.5695 0 1
-8.62575 20.5108 0 1
-8.52233 20.4681 0 1
-8.41832 20.4221 0 1
-8.3152 20.3742 0 1
-8.20493 20.3444 0 1
-8.09112 20.3118 0 1
-7.9753 20.2755 0 1
-7.85777 20.2367 0 1
-7.73984 20.1924 0 1
-7.63915 20.1193 0 1
-7.60159 20.0077 0 1
-7.57209 19.8987 0 1
-7.53416 19.7965 0 1
-7.48219 19.7036 0 1
-7.41509 19.6232 0 1
-7.33466 19.5575 0 1
-7.24437 19.507 0 1
-7.14754 19.4713 0 1
-7.04678 19.4494 0 1
-6.94375 19.442 0 1
-6.84045 19.4512 0 1
-6.73923 19.4779 0 1
-6.6422 19.5214 0 1
-6.54945 19.5784 0 1
-6.45756 19.6432 0 1
-6.3561 19.701 0 1
-6.23122 19.6817 0 1
-6.11379 19.6287 0 1
-6.001 19.571 0 1
-5.892 19.5121 0 1
-5.78689 19.4546 0 1
-5.67455 19.4142 0 1
-5.56185 19.3726 0 1
-5.45166 19.327 0 1
-5.34479 19.2799 0 1
-5.23225 19.2493 0 1
-5.11893 19.2162 0 1
-5.00658 19.1815 0 1
-4.8898 19.1644 0 1
-4.76973 19.1451 0 1
-4.64791 19.1223 0 1
-4.52559 19.0952 0 1
-4.40685 19.0548 0 1
-4.31787 18.9688 0 1
-4.23058 18.8869 0 1
-4.13642 18.8176 0 1
-4.03434 18.764 0 1
-3.92597 18.7274 0 1
-3.81344 18.708 0 1
-3.69873 18.7062 0 1
-3.58364 18.7216 0 1
-3.46875 18.751 0 1
-3.3512 18.7843 0 1
-3.22538 18.779 0 1
-3.10269 18.7363 0 1
-2.9841 18.6871 0 1
-2.86884 18.6363 0 1
-2.75728 18.5861 0 1
-2.63998 18.5528 0 1
-2.5221 18.5186 0 1
-2.40621 18.4805 0 1
-2.29345 18.441 0 1
-2.1764 18.4177 0 1
-2.05833 18.392 0 1
-1.94093 18.3648 0 1
-1.82042 18.3547 0 1
-1.69635 18.3426 0 1
-1.57024 18.3279 0 1
-1.44295 18.3116 0 1
-1.3154 18.2928 0 1
-1.19054 18.2618 0 1
-1.09203 18.1843 0 1
-0.995162 18.1109 0 1
-0.892937 18.0502 0 1
-0.784969 18.0046 0 1
-0.672484 17.975 0 1
-0.557068 17.9617 0 1
-0.44041 17.965 0 1
-0.323966 17.9845 0 1
-0.208128 18.0174 0 1
-0.0900454 18.0547 0 1
0.0377254 18.0555 0 1
0.163684 18.0199 0 1
0.284999 17.9772 0 1
0.402285 17.9342 0 1
0.524107 17.9078 0 1
0.646578 17.8806 0 1
0.767628 17.8505 0 1
0.886034 17.8194 0 1
1.00751 17.8046 0 1
1.13059 17.788 0 1
1.25309 17.7677 0 1
1.37353 17.7461 0 1
1.4958 17.7411 0 1
1.62033 17.7344 0 1
1.74535 17.7245 0 1
1.86943 17.714 0 1
1.99401 17.7196 0 1
2.12226 17.7175 0 1
2.24303 17.679 0 1
2.34437 17.6083 0 1
2.44478 17.5422 0 1
2.54965 17.4886 0 1
2.65944 17.4499 0 1
2.77293 17.4266 0 1
2.88871 17.419 0 1
3.0052 17.4276 0 1
3.12113 17.4518 0 1
3.23651 17.4885 0 1
3.35527 17.5264 0 1
3.48375 17.5076 0 1
3.6104 17.4754 0 1
3.73622 17.4405 0 1
3.86072 17.405 0 1
3.9828 17.3684 0 1
4.10143 17.332 0 1
4.22375 17.3124 0 1
4.34694 17.2917 0 1
4.46882 17.2676 0 1
4.58793 17.2421 0 1
4.70929 17.2327 0 1
4.83212 17.2215 0 1
4.95466 17.2092 0 1
5.0782 17.2141 0 1
5.20586 17.2177 0 1
5.33623 17.2188 0 1
5.46817 17.2132 0 1
5.5904 17.1739 0 1
5.69264 17.1033 0 1
5.79414 17.0379 0 1
5.90005 16.9853 0 1
6.01068 16.9476 0 1
6.1248 16.9251 0 1
6.24091 16.9177 0 1
6.35774 16.9255 0 1
6.47418 16.9485 0 1
6.59026 16.9838 0 1
6.70972 17.0201 0 1
6.83841 16.9995 0 1
6.96514 16.9655 0 1
7.09079 16.929 0 1
7.215 16.8918 0 1
7.33648 16.8532 0 1
7.45394 16.8145 0 1
7.57523 16.792 0 1
7.69674 16.768 0 1
7.8164 16.7427 0 1
7.93844 16.7333 0 1
8.06274 16.7218 0 1
8.18734 16.7067 0 1
8.31077 16.6909 0 1
8.43536 16.692 0 1
8.56329 16.6924 0 1
8.69309 16.6906 0 1
8.82366 16.6855 0 1
8.9527 16.6676 0 1
9.0586 16.5996 0 1
9.16201 16.5344 0 1
9.26932 16.4814 0 1
9.38091 16.4429 0 1
9.49574 16.4194 0 1
9.61254 16.4104 0 1
9.73017 16.4162 0 1
9.84741 16.4371 0 1
9.96396 16.4708 0 1
10.0826 16.5091 0 1
10.2119 16.5111 0 1
10.3408 16.4775 0 1
10.4655 16.4375 0 1
10.5862 16.3973 0 1
10.711 16.3733 0 1
10.8367 16.3489 0 1
10.9612 16.3221 0 1
11.0832 16.2947 0 1
11.2077 16.2832 0 1
11.3337 16.2704 0 1
11.4594 16.2544 0 1
11.5832 16.2375 0 1
11.7081 16.2367 0 1
11.8354 16.2348 0 1
11.9633 16.2303 0 1
12.0902 16.2256 0 1
12.2169 16.2365 0 1
12.3476 16.2406 0 1
12.4721 16.2088 0 1
12.5785 16.1441 0 1
12.6841 16.0841 0 1
12.7933 16.0364 0 1
12.9063 16.0031 0 1
13.0221 15.9844 0 1
13.1393 15.9804 0 1
13.2569 15.9917 0 1
13.3736 16.0182 0 1
13.4896 16.0573 0 1
13.6085 16.0986 0 1
13.7395 16.0856 0 1
13.8697 16.0605 0 1
13.9997 16.0338 0 1
14.1291 16.0075 0 1
14.2571 15.9814 0 1
14.3825 15.9543 0 1
14.5039 15.927 0 1
14.6276 15.9164 0 1
14.7515 15.9049 0 1
14.8737 15.8921 0 1
14.9966 15.8957 0 1
15.1221 15.8977 0 1
15.2483 15.8968 0 1
15.3738 15.8956 0 1
15.4985 15.9116 0 1
15.6269 15.9267 0 1
15.7583 15.9344 0 1
15.8833 15.9066 0 1
15.9907 15.8449 0 1
16.0967 15.7878 0 1
16.2061 15.7434 0 1
16.3191 15.7141 0 1
16.4344 15.7002 0 1
16.5506 15.7015 0 1
16.6664 15.7181 0 1
16.7806 15.7499 0 1
16.8936 15.794 0 1
17.0098 15.8396 0 1
17.1395 15.8298 0 1
17.2684 15.8069 0 1
17.3964 15.7817 0 1
17.5232 15.756 0 1
17.6474 15.729 0 1
17.7677 15.7018 0 1
17.8904 15.6914 0 1
18.0132 15.6801 0 1
18.1344 15.6675 0 1
18.2563 15.6714 0 1
18.3807 15.6736 0 1
18.5056 15.6726 0 1
18.6295 15.671 0 1
18.7526 15.6867 0 1
18.8789 15.7022 0 1
19.0072 15.7161 0 1
19.1366 15.7267 0 1
19.2658 15.7236 0 1
19.3762 15.6661 0 1
19.4834 15.6101 0 1
19.5933 15.5664 0 1
19.7064 15.5375 0 1
19.8215 15.5239 0 1
19.9373 15.5257 0 1
20.0523 15.5432 0 1
20.1653 15.5757 0 1
20.2764 15.6214 0 1
20.3893 15.6715 0 1
20.5167 15.686 0 1
20.6479 15.6651 0 1
20.7765 15.6386 0 1
20.9026 15.6109 0 1
21.025 15.5839 0 1
21.1497 15.5743 0 1
21.2752 15.5646 0 1
21.3996 15.5521 0 1
21.5214 15.5385 0 1
21.6437 15.5413 0 1
21.7676 15.543 0 1
21.8908 15.5438 0 1
22.0131 15.5616 0 1
22.1391 15.5789 0 1
22.2674 15.595 0 1
22.3968 15.6104 0 1
22.5267 15.6233 0 1
22.656 15.6221 0 1
22.7649 15.5642 0 1
22.8701 15.507 0 1
22.9779 15.4614 0 1
23.0888 15.43 0 1
23.2023 15.4144 0 1
23.3165 15.4153 0 1
23.43 15.4328 0 1
23.5414 15.4663 0 1
23.6505 15.513 0 1
23.7617 15.564 0 1
23.8867 15.5787 0 1
24.0137 15.5569 0 1
24.137 15.5279 0 1
24.2566 15.4987 0 1
24.3789 15.4876 0 1
24.502 15.4767 0 1
24.6242 15.4631 0 1
24.7439 15.4488 0 1
24.8644 15.452 0 1
24.9865 15.4542 0 1
25.1083 15.4526 0 1
25.228 15.4494 0 1
25.3468 15.4633 0 1
25.4673 15.4761 0 1
25.5878 15.4882 0 1
25.7056 15.5177 0 1
25.8276 15.5461 0 1
25.9535 15.5659 0 1
26.0759 15.5466 0 1
26.1811 15.4883 0 1
26.2836 15.4325 0 1
26.3891 15.3889 0 1
26.4982 15.3611 0 1
26.6098 15.3511 0 1
26.7218 15.3596 0 1
26.8319 15.3859 0 1
26.9388 15.4281 0 1
27.0432 15.4827 0 1
27.1519 15.5371 0 1
27.2778 15.5321 0 1
27.4032 15.5121 0 1
27.5281 15.4892 0 1
27.6521 15.4659 0 1
27.7739 15.4416 0 1
27.8925 15.4179 0 1
28.0132 15.4127 0 1
28.1348 15.4073 0 1
28.2555 15.3986 0 1
28.3737 15.3885 0 1
28.4919 15.396 0 1
28.6116 15.4024 0 1
28.7308 15.4079 0 1
28.8482 15.4313 0 1
28.9691 15.4544 0 1
29.0923 15.4754 0 1
29.2168 15.4924 0 1
29.3419 15.4935 0 1
29.4486 15.4356 0 1
29.5507 15.3773 0 1
29.6558 15.331 0 1
29.7647 15.3005 0 1
29.8763 15.288 0 1
29.9881 15.294 0 1
30.0981 15.3182 0 1
30.2048 15.3586 0 1
30.3087 15.4115 0 1
30.4153 15.4674 0 1
30.5385 15.4842 0 1
30.6661 15.4629 0 1
30.7912 15.4351 0 1
30.9138 15.4061 0 1
31.0331 15.3782 0 1
31.155 15.369 0 1
31.2779 15.36 0 1
31.4001 15.3487 0 1
31.5201 15.337 0 1
31.6405 15.3433 0 1
31.7629 15.3491 0 1
31.8857 15.3523 0 1
32.0073 15.3555 0 1
32.1271 15.377 0 1
32.2498 15.3992 0 1
32.3743 15.4198 0 1
32.4998 15.4368 0 1
32.6254 15.4382 0 1
32.7315 15.3798 0 1
32.8328 15.3207 0 1
32.9369 15.273 0 1
33.0452 15.241 0 1
33.1562 15.2269 0 1
33.2677 15.2316 0 1
33.3776 15.2549 0 1
33.4841 15.2949 0 1
33.5875 15.3482 0 1
33.6936 15.4047 0 1
33.8158 15.4226 0 1
33.9419 15.4025 0 1
34.0651 15.3756 0 1
34.1853 15.3468 0 1
34.3017 15.3185 0 1
34.4204 15.3087 0 1
34.5393 15.2984 0 1
34.6562 15.2872 0 1
34.7736 15.2937 0 1
34.893 15.2988 0 1
35.0124 15.2996 0 1
35.1299 15.2988 0 1
35.246 15.3157 0 1
35.3641 15.3318 0 1
35.482 15.3474 0 1
35.5965 15.3809 0 1
35.7152 15.4137 0 1
35.8383 15.4376 0 1
35.9591 15.4209 0 1
36.063 15.3632 0 1
36.1637 15.3075 0 1
36.2675 15.2641 0 1
36.3752 15.2376 0 1
36.4853 15.2308 0 1
36.595 15.2441 0 1
36.7019 15.2762 0 1
36.8043 15.325 0 1
36.9036 15.3859 0 1
37.0078 15.4461 0 1
37.1324 15.4459 0 1
37.2574 15.4303 0 1
37.3823 15.4123 0 1
37.5069 15.3948 0 1
37.6302 15.3776 0 1
37.7513 15.3593 0 1
37.8687 15.3413 0 1
37.9871 15.3423 0 1
38.1059 15.3432 0 1
38.2233 15.3432 0 1
38.3393 15.3616 0 1
38.4578 15.3792 0 1
38.5774 15.3938 0 1
38.696 15.4088 0 1
38.811 15.4424 0 1
38.9294 15.4762 0 1
39.0519 15.5013 0 1
39.1718 15.4851 0 1
39.2743 15.4265 0 1
39.3732 15.3692 0 1
39.4753 15.3243 0 1
39.5818 15.2968 0 1
39.6908 15.2895 0 1
39.7994 15.3036 0 1
39.9044 15.3378 0 1
40.0044 15.3889 0 1
40.1013 15.4516 0 1
40.2038 15.5127 0 1
40.3267 15.5121 0 1
40.4496 15.4949 0 1
40.572 15.4746 0 1
40.6933 15.4538 0 1
40.8124 15.4316 0 1
40.928 15.4098 0 1
41.0451 15.4073 0 1
41.1627 15.4045 0 1
41.2788 15.4009 0 1
41.3941 15.416 0 1
41.5118 15.4303 0 1
41.6304 15.4412 0 1
41.7478 15.4521 0 1
41.862 15.4823 0 1
41.979 15.5135 0 1
42.098 15.543 0 1
42.2183 15.5683 0 1
42.3399 15.5757 0 1
42.4432 15.5178 0 1
42.5401 15.4568 0 1
42.6396 15.4069 0 1
42.7441 15.3743 0 1
42.8519 15.3628 0 1
42.9596 15.3737 0 1
43.0639 15.4061 0 1
43.1627 15.4564 0 1
43.2575 15.5192 0 1
43.356 15.5833 0 1
43.4743 15.6055 0 1
43.5977 15.5864 0 1
43.7185 15.5598 0 1
43.8366 15.5315 0 1
43.9518 15.5047 0 1
44.0693 15.4981 0 1
44.1878 15.4921 0 1
44.3056 15.4829 0 1
44.4209 15.473 0 1
44.5361 15.4822 0 1
44.6527 15.4908 0 1
44.7687 15.4991 0 1
44.8821 15.5269 0 1
44.9988 15.5554 0 1
45.1177 15.5826 0 1
45.2376 15.6091 0 1
45.3581 15.6321 0 1
45.4792 15.6369 0 1
45.5798 15.5756 0 1
45.6734 15.511 0 1
45.7701 15.4573 0 1
45.8725 15.4212 0 1
45.9791 15.407 0 1
46.0862 15.4158 0 1
46.1899 15.4469 0 1
46.2882 15.4965 0 1
46.3825 15.5585 0 1
46.4807 15.6216 0 1
46.598 15.6404 0 1
46.7181 15.6157 0 1
46.8338 15.5816 0 1
46.9461 15.5475 0 1
47.0621 15.5333 0 1
47.1791 15.5195 0 1
47.2948 15.5023 0 1
47.4079 15.4843 0 1
47.5222 15.4854 0 1
47.6376 15.4856 0 1
47.7519 15.485 0 1
47.8648 15.5034 0 1
47.9805 15.521 0 1
48.0973 15.5354 0 1
48.2132 15.5501 0 1
48.3252 15.5846 0 1
48.4406 15.6192 0 1
48.5605 15.6444 0 1
48.6777 15.6257 0 1
48.7755 15.5623 0 1
48.8692 15.4998 0 1
48.9671 15.4496 0 1
49.0704 15.418 0 1
49.1773 15.4088 0 1
49.2836 15.4232 0 1
49.3856 15.4598 0 1
49.4815 15.5143 0 1
49.5743 15.5798 0 1
49.6743 15.6419 0 1
49.7951 15.6382 0 1
49.9155 15.6165 0 1
50.0353 15.5915 0 1
50.1543 15.566 0 1
50.2715 15.5399 0 1
50.3857 15.5154 0 1
50.5022 15.5113 0 1
50.6197 15.5077 0 1
50.7365 15.5009 0 1
50.8509 15.4932 0 1
50.9648 15.505 0 1
51.0802 15.5162 0 1
51.1949 15.5272 0 1
51.3064 15.5579 0 1
51.421 15.5892 0 1
51.538 15.6183 0 1
51.6565 15.6428 0 1
51.7763 15.6483 0 1
51.8766 15.5873 0 1
51.9695 15.5223 0 1
52.0654 15.468 0 1
52.1672 15.4314 0 1
52.2734 15.4171 0 1
52.3801 15.4266 0 1
52.483 15.459 0 1
52.5801 15.5102 0 1
52.673 15.574 0 1
52.7699 15.6388 0 1
52.8871 15.6595 0 1
53.0087 15.6374 0 1
53.1274 15.6073 0 1
53.2438 15.5757 0 1
53.3574 15.546 0 1
53.474 15.537 0 1
53.5918 15.5288 0 1
53.709 15.5181 0 1
53.8242 15.5077 0 1
53.9394 15.5174 0 1
54.0565 15.5273 0 1
54.174 15.5345 0 1
54.2902 15.5422 0 1
54.4034 15.5705 0 1
54.5191 15.6003 0 1
54.6366 15.6286 0 1
54.7554 15.6528 0 1
54.8753 15.6585 0 1
54.9763 15.5982 0 1
55.0702 15.5343 0 1
55.167 15.4814 0 1
55.2695 15.4464 0 1
55.376 15.4336 0 1
55.4826 15.4445 0 1
55.5854 15.478 0 1
55.6821 15.5302 0 1
55.7745 15.5948 0 1
55.8709 15.6605 0 1
55.988 15.6822 0 1
56.1098 15.6613 0 1
56.2288 15.632 0 1
56.3448 15.6005 0 1
56.4573 15.57 0 1
56.5728 15.5593 0 1
56.6886 15.5487 0 1
56.8027 15.5375 0 1
56.9171 15.5456 0 1
57.0334 15.5526 0 1
57.15 15.5557 0 1
57.2646 15.5575 0 1
57.3771 15.5784 0 1
57.4914 15.5989 0 1
57.6054 15.6194 0 1
57.7146 15.6589 0 1
57.8279 15.6978 0 1
57.9461 15.7264 0 1
58.0628 15.71 0 1
58.1596 15.6467 0 1
58.2515 15.5827 0 1
58.3474 15.5304 0 1
58.4493 15.497 0 1
58.5552 15.4872 0 1
58.6606 15.5025 0 1
58.7609 15.5411 0 1
58.8545 15.5981 0 1
58.9447 15.6659 0 1
59.0427 15.7301 0 1
59.1622 15.7282 0 1
59.2813 15.708 0 1
59.3999 15.6845 0 1
59.5177 15.6608 0 1
59.6339 15.6367 0 1
59.7474 15.6145 0 1
59.8627 15.6138 0 1
59.9792 15.6141 0 1
60.0954 15.6117 0 1
60.2098 15.6097 0 1
60.3226 15.6284 0 1
60.4372 15.6478 0 1
60.5524 15.6645 0 1
60.6664 15.6821 0 1
60.7757 15.7203 0 1
60.8881 15.7591 0 1
61.0052 15.7879 0 1
61.1204 15.7703 0 1
61.2148 15.7044 0 1
61.3038 15.6378 0 1
61.3973 15.5834 0 1
61.4977 15.5487 0 1
61.6026 15.5387 0 1
61.7068 15.5553 0 1
61.8052 15.5959 0 1
61.8963 15.655 0 1
61.9842 15.7244 0 1
62.0808 15.7888 0 1
62.1992 15.7838 0 1
62.3166 15.7589 0 1
62.4332 15.7302 0 1
62.5489 15.701 0 1
62.6626 15.6707 0 1
62.7731 15.6417 0 1
62.8866 15.6336 0 1
63.0006 15.6257 0 1
63.1133 15.6177 0 1
63.2258 15.6301 0 1
63.3405 15.642 0 1
63.4559 15.6507 0 1
63.57 15.6599 0 1
63.6807 15.6903 0 1
63.7939 15.7223 0 1
63.9087 15.7528 0 1
64.025 15.7785 0 1
64.1427 15.7835 0 1
64.2386 15.7184 0 1
64.3256 15.6482 0 1
64.4159 15.5881 0 1
64.5137 15.5464 0 1
64.6175 15.5288 0 1
64.7223 15.5382 0 1
64.8226 15.5728 0 1
64.9159 15.6272 0 1
65.0049 15.6937 0 1
65.0996 15.759 0 1
65.2151 15.7762 0 1
65.3333 15.7479 0 1
65.4478 15.7107 0 1
65.5599 15.672 0 1
65.6692 15.6353 0 1
65.783 15.6198 0 1
65.8978 15.6049 0 1
66.0115 15.5868 0 1
66.1226 15.5681 0 1
66.2351 15.5695 0 1
66.3486 15.5703 0 1
66.4611 15.5706 0 1
66.5719 15.591 0 1
66.6852 15.6109 0 1
66.7997 15.6278 0 1
66.913 15.6454 0 1
67.0225 15.6815 0 1
67.1374 15.7095 0 1
67.2521 15.6912 0 1
67.347 15.6261 0 1
67.437 15.5606 0 1
67.5316 15.5074 0 1
67.6329 15.4735 0 1
67.7384 15.4634 0 1
67.8433 15.4789 0 1
67.9429 15.5182 0 1
68.0356 15.5759 0 1
68.1252 15.6438 0 1
68.2236 15.7066 0 1
68.3437 15.7004 0 1
68.4633 15.6755 0 1
68.5827 15.6476 0 1
68.7021 15.6204 0 1
68.8206 15.5937 0 1
68.937 15.5665 0 1
69.0501 15.5405 0 1
69.1655 15.5349 0 1
69.2815 15.5297 0 1
69.3962 15.5245 0 1
69.5102 15.5391 0 1
69.6265 15.5535 0 1
69.7436 15.5651 0 1
69.8597 15.5776 0 1
69.9721 15.6103 0 1
70.0878 15.6433 0 1
70.2074 15.6666 0 1
70.3233 15.6454 0 1
70.4178 15.5784 0 1
70.5076 15.5115 0 1
70.6019 15.4565 0 1
70.7029 15.4203 0 1
70.8086 15.4077 0 1
70.9144 15.42 0 1
71.0158 15.4558 0 1
71.1111 15.5099 0 1
71.2035 15.5748 0 1
71.3037 15.6355 0 1
71.4232 15.6288 0 1
71.5418 15.6037 0 1
71.6597 15.5754 0 1
71.7769 15.547 0 1
71.8923 15.5182 0 1
72.0051 15.4915 0 1
72.1205 15.4859 0 1
72.237 15.4811 0 1
72.3528 15.4733 0 1
72.4663 15.4649 0 1
72.5794 15.4766 0 1
72.6936 15.4882 0 1
72.8072 15.4998 0 1
72.9172 15.5317 0 1
73.0303 15.5645 0 1
73.1454 15.5954 0 1
73.2621 15.6213 0 1
73.3803 15.627 0 1
73.4776 15.5633 0 1
73.5664 15.4946 0 1
73.6585 15.4363 0 1
73.7575 15.3962 0 1
73.8621 15.3802 0 1
73.9673 15.3904 0 1
74.0682 15.4248 0 1
74.1623 15.4788 0 1
74.2522 15.5449 0 1
74.347 15.6109 0 1
74.4628 15.6303 0 1
74.5823 15.605 0 1
74.6985 15.5713 0 1
74.8124 15.5361 0 1
74.9235 15.503 0 1
75.0383 15.4912 0 1
75.1543 15.4802 0 1
75.2694 15.4663 0 1
75.3821 15.452 0 1
75.4955 15.458 0 1
75.6101 15.4641 0 1
75.7241 15.4704 0 1
75.8356 15.4975 0 1
75.9502 15.5259 0 1
76.0669 15.5535 0 1
76.1844 15.5806 0 1
76.3028 15.6044 0 1
76.422 15.6097 0 1
76.5214 15.5479 0 1
76.6129 15.4819 0 1
76.7075 15.4267 0 1
76.8084 15.3898 0 1
76.9139 15.3764 0 1
77.0196 15.388 0 1
77.1209 15.4229 0 1
77.2158 15.4766 0 1
77.3066 15.5422 0 1
77.4023 15.6075 0 1
77.519 15.6268 0 1
77.6396 15.6023 0 1
77.7571 15.5692 0 1
77.8717 15.5342 0 1
77.9829 15.5004 0 1
78.0977 15.4864 0 1
78.2129 15.4727 0 1
78.3264 15.4587 0 1
78.4407 15.4642 0 1
78.557 15.4688 0 1
78.6733 15.4695 0 1
78.7877 15.4693 0 1
78.9004 15.4884 0 1
79.0147 15.5073 0 1
79.1286 15.5264 0 1
79.2381 15.5648 0 1
79.3513 15.6027 0 1
79.4696 15.6303 0 1
79.5857 15.6128 0 1
79.6814 15.5482 0 1
79.7719 15.4828 0 1
79.8666 15.4292 0 1
79.9677 15.3944 0 1
80.0732 15.383 0 1
80.1784 15.397 0 1
80.2787 15.4348 0 1
80.3724 15.4912 0 1
80.4628 15.5582 0 1
80.5615 15.621 0 1
80.6808 15.6162 0 1
80.7993 15.5927 0 1
80.9174 15.566 0 1
81.0347 15.5392 0 1
81.1504 15.5121 0 1
81.2636 15.487 0 1
81.379 15.4835 0 1
81.4958 15.481 0 1
81.6121 15.476 0 1
81.7267 15.4715 0 1
81.8402 15.4878 0 1
81.9555 15.5049 0 1
82.0713 15.5196 0 1
82.1859 15.5353 0 1
82.2961 15.5719 0 1
82.4093 15.6092 0 1
82.527 15.6369 0 1
82.6427 15.6191 0 1
82.7379 15.5541 0 1
82.8282 15.4887 0 1
82.9227 15.4354 0 1
83.0238 15.4014 0 1
83.1291 15.3915 0 1
83.2337 15.4076 0 1
83.3328 15.4477 0 1
83.4249 15.5062 0 1
83.5138 15.5749 0 1
83.6114 15.6385 0 1
83.7307 15.6331 0 1
83.8492 15.6083 0 1
83.967 15.58 0 1
84.0839 15.5512 0 1
84.1988 15.5215 0 1
84.3104 15.493 0 1
84.4249 15.4851 0 1
84.54 15.4773 0 1
84.6536 15.4695 0 1
84.767 15.4816 0 1
84.8827 15.4934 0 1
84.9991 15.5022 0 1
85.1142 15.5115 0 1
85.2261 15.5416 0 1
85.3403 15.5733 0 1
85.4564 15.6036 0 1
85.5737 15.6294 0 1
85.6923 15.6352 0 1
85.7895 15.5715 0 1
85.878 15.5025 0 1
85.9696 15.4437 0 1
86.0683 15.4029 0 1
86.1727 15.3858 0 1
86.278 15.3946 0 1
86.3792 15.4279 0 1
86.4739 15.4807 0 1
86.5644 15.5457 0 1
86.6599 15.6107 0 1
86.7758 15.6288 0 1
86.8946 15.6023 0 1
87.01 15.5672 0 1
87.1222 15.5302 0 1
87.2312 15.4947 0 1
87.3442 15.4799 0 1
87.4577 15.4654 0 1
87.5697 15.4508 0 1
87.6825 15.4565 0 1
87.7973 15.4617 0 1
87.9123 15.4632 0 1
88.0259 15.4647 0 1
88.1373 15.4868 0 1
88.2507 15.5094 0 1
88.3651 15.5295 0 1
88.4781 15.5504 0 1
88.5867 15.5898 0 1
88.7009 15.6209 0 1
88.8154 15.6048 0 1
88.9101 15.54 0 1
88.9994 15.4742 0 1
89.0932 15.4206 0 1
89.1939 15.3866 0 1
89.299 15.3773 0 1
89.4031 15.3945 0 1
89.5013 15.436 0 1
89.592 15.496 0 1
89.6793 15.5662 0 1
89.7756 15.6316 0 1
89.8949 15.628 0 1
90.0139 15.6052 0 1
90.1328 15.5795 0 1
90.2516 15.5544 0 1
90.3696 15.5299 0 1
90.4854 15.5049 0 1
90.5979 15.4813 0 1
90.7125 15.4788 0 1
90.8275 15.4767 0 1
90.9413 15.4747 0 1
91.0537 15.493 0 1
91.1685 15.5112 0 1
91.2842 15.5267 0 1
91.3987 15.5431 0 1
91.5088 15.5803 0 1
91.622 15.6183 0 1
91.7398 15.6469 0 1
91.856 15.6307 0 1
91.9532 15.5679 0 1
92.0456 15.505 0 1
92.1421 15.4545 0 1
92.2445 15.4232 0 1
92.3504 15.4158 0 1
92.4552 15.4337 0 1
92.5542 15.4751 0 1
92.646 15.5345 0 1
92.7345 15.6043 0 1
92.8313 15.6697 0 1
92.9513 15.6675 0 1
93.071 15.6465 0 1
93.1904 15.6221 0 1
93.3091 15.5977 0 1
93.4261 15.5729 0 1
93.5404 15.5499 0 1
93.6565 15.548 0 1
93.7738 15.5469 0 1
93.8905 15.5428 0 1
94.0048 15.5382 0 1
94.1181 15.5535 0 1
94.2325 15.5687 0 1
94.3463 15.584 0 1
94.456 15.6192 0 1
94.5686 15.6554 0 1
94.6835 15.6898 0 1
94.7999 15.7194 0 1
94.9185 15.729 0 1
95.0176 15.6685 0 1
95.1078 15.6019 0 1
95.2008 15.5452 0 1
95.3004 15.5067 0 1
95.4051 15.4915 0 1
95.5102 15.5023 0 1
95.6107 15.5374 0 1
95.7044 15.5921 0 1
95.7935 15.6591 0 1
95.8873 15.7265 0 1
96.0026 15.7484 0 1
96.1221 15.7264 0 1
96.2387 15.6962 0 1
96.3528 15.6646 0 1
96.464 15.6353 0 1
96.5783 15.6278 0 1
96.6936 15.6212 0 1
96.808 15.6115 0 1
96.9199 15.6011 0 1
97.0317 15.6112 0 1
97.1444 15.6209 0 1
97.2561 15.6301 0 1
97.3645 15.6593 0 1
97.4754 15.6883 0 1
97.5876 15.7144 0 1
97.6987 15.741 0 1
97.8044 15.7857 0 1
97.9163 15.8218 0 1
98.0306 15.8095 0 1
98.1258 15.7461 0 1
98.2146 15.6803 0 1
98.3077 15.6261 0 1
98.408 15.5922 0 1
98.5126 15.5841 0 1
98.6158 15.6038 0 1
98.7121 15.6486 0 1
98.8 15.7122 0 1
98.8843 15.7861 0 1
98.9783 15.8552 0 1
99.0999 15.8524 0 1
99.2153 15.8143 0 1
99.3251 15.7733 0 1
99.4397 15.753 0 1
99.5553 15.7351 0 1
99.6698 15.7155 0 1
99.7819 15.6971 0 1
99.8954 15.7001 0 1
100.01 15.7036 0 1
100.125 15.7036 0 1
100.237 15.7032 0 1
100.348 15.7234 0 1
100.46 15.7438 0 1
100.571 15.7646 0 1
100.678 15.8057 0 1
100.788 15.8468 0 1
100.903 15.877 0 1
101.017 15.8599 0 1
101.11 15.7933 0 1
101.197 15.7247 0 1
101.288 15.6677 0 1
101.387 15.6308 0 1
101.491 15.6199 0 1
101.595 15.6373 0 1
101.691 15.6799 0 1
101.78 15.7414 0 1
101.866 15.8128 0 1
101.961 15.8785 0 1
102.079 15.8731 0 1
102.195 15.8473 0 1
102.311 15.8176 0 1
102.426 15.7876 0 1
102.54 15.7572 0 1
102.651 15.729 0 1
102.765 15.7226 0 1
102.88 15.7171 0 1
102.994 15.7085 0 1
103.107 15.6998 0 1
103.219 15.7119 0 1
103.332 15.7242 0 1
103.445 15.7371 0 1
103.554 15.7711 0 1
103.666 15.8068 0 1
103.781 15.8406 0 1
103.9 15.8653 0 1
104.014 15.8446 0 1
104.107 15.7763 0 1
104.194 15.7074 0 1
104.286 15.6509 0 1
104.385 15.6143 0 1
104.49 15.6029 0 1
104.594 15.6187 0 1
104.692 15.6589 0 1
104.784 15.7177 0 1
104.872 15.7865 0 1
104.969 15.8498 0 1
105.087 15.8426 0 1
105.204 15.8155 0 1
105.319 15.7845 0 1
105.434 15.753 0 1
105.547 15.7206 0 1
105.657 15.6897 0 1
105.77 15.6797 0 1
105.884 15.6701 0 1
105.996 15.6605 0 1
106.109 15.6714 0 1
106.224 15.6819 0 1
106.339 15.6892 0 1
106.453 15.6972 0 1
106.564 15.7265 0 1
106.677 15.7576 0 1
106.792 15.7872 0 1
106.909 15.8122 0 1
107.027 15.8168 0 1
107.123 15.7518 0 1
107.21 15.682 0 1
107.301 15.6224 0 1
107.399 15.5813 0 1
107.503 15.5644 0 1
107.608 15.5742 0 1
107.708 15.6089 0 1
107.802 15.6634 0 1
107.891 15.7299 0 1
107.985 15.7958 0 1
108.101 15.8142 0 1
108.219 15.7874 0 1
108.334 15.7517 0 1
108.446 15.7139 0 1
108.555 15.6775 0 1
108.668 15.6618 0 1
108.781 15.6464 0 1
108.893 15.6309 0 1
109.006 15.6357 0 1
109.12 15.6399 0 1
109.235 15.6405 0 1
109.349 15.6411 0 1
109.461 15.6623 0 1
109.574 15.6839 0 1
109.689 15.703 0 1
109.802 15.723 0 1
109.911 15.7614 0 1
110.025 15.7916 0 1
110.14 15.7743 0 1
110.233 15.7084 0 1
110.322 15.6414 0 1
110.415 15.5866 0 1
110.515 15.5513 0 1
110.62 15.5406 0 1
110.724 15.5567 0 1
110.823 15.5975 0 1
110.914 15.6569 0 1
111.002 15.7267 0 1
111.098 15.7916 0 1
111.218 15.7875 0 1
111.336 15.7643 0 1
111.455 15.7381 0 1
111.573 15.7124 0 1
111.69 15.6874 0 1
111.805 15.6619 0 1
111.918 15.6378 0 1
112.032 15.6348 0 1
112.146 15.6322 0 1
112.26 15.6297 0 1
112.372 15.6475 0 1
112.486 15.6652 0 1
112.602 15.6799 0 1
112.716 15.6955 0 1
112.825 15.7319 0 1
112.938 15.7689 0 1
113.056 15.7961 0 1
113.171 15.7773 0 1
113.265 15.711 0 1
113.354 15.6443 0 1
113.448 15.5895 0 1
113.548 15.5543 0 1
113.653 15.5435 0 1
113.758 15.5591 0 1
113.857 15.5991 0 1
113.949 15.6576 0 1
114.037 15.7265 0 1
114.134 15.7907 0 1
114.253 15.7858 0 1
114.371 15.7613 0 1
114.487 15.733 0 1
114.603 15.7042 0 1
114.717 15.6745 0 1
114.828 15.6459 0 1
114.942 15.6382 0 1
115.056 15.6306 0 1
115.169 15.623 0 1
115.282 15.6356 0 1
115.396 15.6477 0 1
115.512 15.6566 0 1
115.626 15.666 0 1
115.737 15.6963 0 1
115.851 15.7283 0 1
115.966 15.7588 0 1
116.082 15.7845 0 1
116.201 15.79 0 1
116.297 15.7259 0 1
116.386 15.6569 0 1
116.477 15.5981 0 1
116.576 15.5579 0 1
116.681 15.542 0 1
116.786 15.5525 0 1
116.886 15.5875 0 1
116.98 15.6418 0 1
117.07 15.708 0 1
117.165 15.7734 0 1
117.281 15.7916 0 1
117.4 15.765 0 1
117.516 15.7298 0 1
117.629 15.693 0 1
117.74 15.6582 0 1
117.855 15.6443 0 1
117.971 15.6312 0 1
118.086 15.6151 0 1
118.199 15.5987 0 1
118.312 15.6025 0 1
118.427 15.6061 0 1
118.542 15.61 0 1
118.654 15.6346 0 1
118.769 15.6602 0 1
118.887 15.6849 0 1
119.006 15.7091 0 1
119.125 15.7299 0 1
119.245 15.7325 0 1
119.343 15.6691 0 1
119.434 15.602 0 1
119.529 15.5458 0 1
119.629 15.5076 0 1
119.735 15.4925 0 1
119.841 15.5019 0 1
119.944 15.5346 0 1
120.04 15.586 0 1
120.133 15.6493 0 1
120.23 15.7122 0 1
120.347 15.7285 0 1
120.467 15.7002 0 1
120.581 15.6625 0 1
120.693 15.6251 0 1
120.809 15.6073 0 1
120.926 15.5902 0 1
121.043 15.5706 0 1
121.157 15.5513 0 1
121.273 15.5515 0 1
121.39 15.5513 0 1
121.507 15.5478 0 1
121.622 15.5433 0 1
121.737 15.558 0 1
121.852 15.5724 0 1
121.968 15.5869 0 1
122.08 15.6205 0 1
122.195 15.6535 0 1
122.315 15.6763 0 1
122.432 15.655 0 1
122.527 15.5889 0 1
122.619 15.5233 0 1
122.715 15.4698 0 1
122.817 15.4347 0 1
122.923 15.4223 0 1
123.03 15.4337 0 1
123.132 15.4675 0 1
123.229 15.5195 0 1
123.324 15.5826 0 1
123.425 15.642 0 1
123.546 15.6352 0 1
123.665 15.6104 0 1
123.784 15.5824 0 1
123.902 15.5541 0 1
124.018 15.5252 0 1
124.131 15.4981 0 1
124.247 15.4916 0 1
124.365 15.4855 0 1
124.481 15.4763 0 1
124.595 15.4663 0 1
124.709 15.4759 0 1
124.824 15.4852 0 1
124.939 15.4942 0 1
125.05 15.5232 0 1
125.165 15.5527 0 1
125.282 15.5801 0 1
125.401 15.6028 0 1
125.52 15.6066 0 1
125.62 15.5441 0 1
125.712 15.4779 0 1
125.807 15.4225 0 1
125.908 15.3848 0 1
126.014 15.3695 0 1
126.121 15.3781 0 1
126.224 15.4097 0 1
126.322 15.4601 0 1
126.415 15.523 0 1
126.513 15.5867 0 1
126.63 15.6061 0 1
126.752 15.5828 0 1
126.871 15.5514 0 1
126.987 15.5186 0 1
127.101 15.4877 0 1
127.218 15.4774 0 1
127.336 15.468 0 1
127.453 15.4561 0 1
127.569 15.4446 0 1
127.685 15.453 0 1
127.802 15.4616 0 1
127.92 15.4675 0 1
128.037 15.4741 0 1
128.151 15.501 0 1
128.268 15.5293 0 1
128.386 15.5563 0 1
128.505 15.579 0 1
128.626 15.5833 0 1
128.726 15.5219 0 1
128.819 15.457 0 1
128.916 15.403 0 1
129.018 15.3668 0 1
129.125 15.3526 0 1
129.232 15.3617 0 1
129.335 15.3932 0 1
129.433 15.4433 0 1
129.527 15.5059 0 1
129.625 15.5697 0 1
129.742 15.5894 0 1
129.864 15.5663 0 1
129.982 15.5347 0 1
130.097 15.501 0 1
130.209 15.4681 0 1
130.324 15.4549 0 1
130.44 15.4416 0 1
130.553 15.4276 0 1
130.668 15.4326 0 1
130.784 15.4364 0 1
130.901 15.436 0 1
131.016 15.4342 0 1
131.129 15.4514 0 1
131.244 15.4681 0 1
131.359 15.4848 0 1
131.47 15.5207 0 1
131.585 15.5565 0 1
131.705 15.5828 0 1
131.823 15.5668 0 1
131.924 15.5076 0 1
132.022 15.45 0 1
132.123 15.4051 0 1
132.229 15.3782 0 1
132.337 15.3726 0 1
132.444 15.3891 0 1
132.547 15.4264 0 1
132.645 15.4808 0 1
132.739 15.5463 0 1
132.839 15.6093 0 1
132.962 15.6082 0 1
133.086 15.5902 0 1
133.209 15.5695 0 1
133.333 15.5494 0 1
133.455 15.5297 0 1
133.575 15.5092 0 1
133.692 15.4892 0 1
133.81 15.4886 0 1
133.928 15.488 0 1
134.045 15.4868 0 1
134.161 15.5043 0 1
134.279 15.5213 0 1
134.398 15.5355 0 1
134.516 15.5501 0 1
134.631 15.5837 0 1
134.749 15.6174 0 1
134.87 15.6421 0 1
134.989 15.6244 0 1
135.089 15.5628 0 1
135.184 15.5017 0 1
135.284 15.4527 0 1
135.388 15.4214 0 1
135.496 15.4113 0 1
135.604 15.4237 0 1
135.708 15.4572 0 1
135.807 15.5081 0 1
135.903 15.5704 0 1
136.005 15.6302 0 1
136.127 15.6264 0 1
136.248 15.6054 0 1
136.368 15.5811 0 1
136.487 15.5562 0 1
136.604 15.53 0 1
136.718 15.5044 0 1
136.834 15.4985 0 1
136.95 15.4924 0 1
137.065 15.4855 0 1
137.179 15.4978 0 1
137.296 15.5091 0 1
137.414 15.517 0 1
137.53 15.5249 0 1
137.644 15.5527 0 1
137.76 15.5816 0 1
137.879 15.6086 0 1
137.998 15.6312 0 1
138.119 15.6353 0 1
138.22 15.5744 0 1
138.315 15.5103 0 1
138.412 15.4571 0 1
138.515 15.4215 0 1
138.622 15.4074 0 1
138.729 15.4164 0 1
138.834 15.4473 0 1
138.933 15.4965 0 1
139.028 15.558 0 1
139.127 15.6203 0 1
139.246 15.6389 0 1
139.368 15.6156 0 1
139.488 15.5844 0 1
139.606 15.5516 0 1
139.72 15.5202 0 1
139.837 15.5088 0 1
139.956 15.4977 0 1
140.074 15.4837 0 1
140.189 15.4689 0 1
140.305 15.4729 0 1
140.422 15.4764 0 1
140.539 15.4796 0 1
140.654 15.5022 0 1
140.773 15.5252 0 1
140.893 15.5469 0 1
141.015 15.5681 0 1
141.137 15.586 0 1
141.26 15.5869 0 1
141.361 15.5249 0 1
141.456 15.4608 0 1
141.555 15.4081 0 1
141.659 15.3726 0 1
141.767 15.358 0 1
141.875 15.3658 0 1
141.981 15.3944 0 1
142.082 15.4407 0 1
142.179 15.4992 0 1
142.281 15.5585 0 1
142.4 15.5748 0 1
142.522 15.5488 0 1
142.639 15.5139 0 1
142.752 15.4788 0 1
142.87 15.4627 0 1
142.988 15.4467 0 1
143.105 15.4274 0 1
143.219 15.4071 0 1
143.335 15.4049 0 1
143.453 15.4015 0 1
143.568 15.3968 0 1
143.684 15.4104 0 1
143.802 15.4228 0 1
143.921 15.4319 0 1
144.04 15.4414 0 1
144.156 15.47 0 1
144.275 15.4987 0 1
144.398 15.5192 0 1
144.519 15.5002 0 1
144.622 15.4418 0 1
144.723 15.3861 0 1
144.828 15.3437 0 1
144.936 15.3185 0 1
145.046 15.3129 0 1
145.156 15.3271 0 1
145.263 15.3595 0 1
145.366 15.4081 0 1
145.466 15.4679 0 1
145.571 15.5265 0 1
145.696 15.5236 0 1
145.822 15.5049 0 1
145.947 15.4833 0 1
146.071 15.4614 0 1
146.193 15.4388 0 1
146.313 15.4169 0 1
146.434 15.4136 0 1
146.556 15.4104 0 1
146.677 15.4042 0 1
146.796 15.397 0 1
146.915 15.4075 0 1
147.035 15.4174 0 1
147.155 15.4268 0 1
147.272 15.4546 0 1
147.394 15.4827 0 1
147.518 15.5091 0 1
147.645 15.5285 0 1
147.767 15.509 0 1
147.87 15.4495 0 1
147.971 15.3925 0 1
148.075 15.3478 0 1
148.183 15.3196 0 1
148.294 15.3098 0 1
148.404 15.3192 0 1
148.512 15.3474 0 1
148.616 15.3922 0 1
148.717 15.45 0 1
148.82 15.5107 0 1
148.941 15.5324 0 1
149.068 15.5155 0 1
149.192 15.4917 0 1
149.314 15.4665 0 1
149.433 15.4423 0 1
149.553 15.4374 0 1
149.675 15.4328 0 1
149.796 15.4254 0 1
149.915 15.4175 0 1
150.034 15.4281 0 1
150.154 15.4383 0 1
150.275 15.4456 0 1
150.395 15.4529 0 1
150.513 15.4789 0 1
150.633 15.5055 0 1
150.756 15.5305 0 1
150.879 15.5517 0 1
151.004 15.5567 0 1
151.111 15.5009 0 1
151.213 15.4441 0 1
151.318 15.3995 0 1
151.427 15.3711 0 1
151.538 15.3615 0 1
151.648 15.3712 0 1
151.757 15.3997 0 1
151.861 15.4445 0 1
151.962 15.5018 0 1
152.065 15.5616 0 1
152.187 15.5819 0 1
152.314 15.5635 0 1
152.438 15.5377 0 1
152.559 15.51 0 1
152.676 15.4825 0 1
152.795 15.4731 0 1
152.914 15.4631 0 1
153.032 15.452 0 1
153.15 15.4582 0 1
153.27 15.4629 0 1
153.39 15.4632 0 1
153.509 15.4619 0 1
153.626 15.478 0 1
153.745 15.493 0 1
153.864 15.5075 0 1
153.98 15.5396 0 1
154.1 15.5709 0 1
154.225 15.5937 0 1
154.347 15.5776 0 1
154.455 15.5226 0 1
154.559 15.4707 0 1
154.666 15.4318 0 1
154.777 15.4091 0 1
154.889 15.4044 0 1
155 15.4182 0 1
155.109 15.4493 0 1
155.215 15.4958 0 1
155.317 15.5538 0 1
155.424 15.6114 0 1
155.551 15.6099 0 1
155.678 15.5933 0 1
155.805 15.5739 0 1
155.931 15.554 0 1
156.055 15.5332 0 1
156.175 15.5129 0 1
156.298 15.5108 0 1
156.421 15.5087 0 1
156.544 15.5038 0 1
156.666 15.4984 0 1
156.786 15.5106 0 1
156.909 15.5224 0 1
157.033 15.5316 0 1
157.155 15.5411 0 1
157.275 15.5686 0 1
157.399 15.5959 0 1
157.526 15.6158 0 1
157.65 15.5983 0 1
157.759 15.5438 0 1
157.866 15.4933 0 1
157.976 15.4559 0 1
158.088 15.4346 0 1
158.202 15.4303 0 1
158.315 15.443 0 1
158.426 15.472 0 1
158.534 15.5158 0 1
158.64 15.5715 0 1
158.749 15.6278 0 1
158.877 15.6269 0 1
159.006 15.6116 0 1
159.133 15.5936 0 1
159.26 15.5749 0 1
159.385 15.5548 0 1
159.505 15.5343 0 1
159.627 15.531 0 1
159.749 15.5269 0 1
159.87 15.5214 0 1
159.991 15.5328 0 1
160.114 15.5428 0 1
160.238 15.5496 0 1
160.361 15.5559 0 1
160.482 15.5797 0 1
160.606 15.6037 0 1
160.732 15.6263 0 1
160.86 15.6457 0 1
160.989 15.6516 0 1
161.103 15.602 0 1
161.213 15.5538 0 1
161.326 15.5183 0 1
161.441 15.4981 0 1
161.556 15.4935 0 1
161.671 15.5045 0 1
161.784 15.5311 0 1
161.894 15.5726 0 1
162.001 15.627 0 1
162.11 15.6858 0 1
162.236 15.7097 0 1
162.368 15.6984 0 1
162.498 15.6811 0 1
162.626 15.6624 0 1
162.751 15.644 0 1
162.876 15.643 0 1
163.002 15.6418 0 1
163.127 15.6377 0 1
163.25 15.6321 0 1
163.373 15.6429 0 1
163.496 15.6526 0 1
163.62 15.6612 0 1
163.742 15.6866 0 1
163.867 15.7116 0 1
163.995 15.7356 0 1
164.124 15.7591 0 1
164.254 15.7803 0 1
164.384 15.7887 0 1
164.501 15.7422 0 1
164.614 15.6974 0 1
164.728 15.6648 0 1
164.844 15.6472 0 1
164.961 15.6446 0 1
165.077 15.657 0 1
165.191 15.6844 0 1
165.302 15.7269 0 1
165.409 15.782 0 1
165.518 15.842 0 1
165.644 15.8686 0 1
165.775 15.86 0 1
165.904 15.8441 0 1
166.028 15.8273 0 1
166.154 15.8276 0 1
166.28 15.8277 0 1
166.405 15.8247 0 1
166.528 15.8197 0 1
166.65 15.8308 0 1
166.773 15.8402 0 1
166.895 15.8477 0 1
167.015 15.871 0 1
167.138 15.893 0 1
167.263 15.912 0 1
167.388 15.9308 0 1
167.508 15.9662 0 1
167.633 16.0014 0 1
167.762 16.0299 0 1
167.891 16.0233 0 1
168.009 15.9819 0 1
168.125 15.9453 0 1
168.242 15.9218 0 1
168.359 15.9135 0 1
168.476 15.9201 0 1
168.592 15.9413 0 1
168.704 15.9774 0 1
168.813 16.0279 0 1
168.918 16.0902 0 1
169.026 16.1549 0 1
169.157 16.1683 0 1
169.29 16.1693 0 1
169.422 16.168 0 1
169.554 16.1661 0 1
169.683 16.1629 0 1
169.809 16.1594 0 1
169.934 16.1726 0 1
170.06 16.1854 0 1
170.185 16.195 0 1
170.309 16.2026 0 1
170.43 16.226 0 1
170.553 16.2481 0 1
170.676 16.2689 0 1
170.795 16.3056 0 1
170.918 16.342 0 1
171.044 16.3766 0 1
171.171 16.4081 0 1
171.301 16.4263 0 1
171.421 16.3888 0 1
171.537 16.3526 0 1
171.655 16.3286 0 1
171.772 16.3193 0 1
171.889 16.3246 0 1
172.005 16.3445 0 1
172.118 16.3794 0 1
172.226 16.4291 0 1
172.33 16.4915 0 1
172.435 16.5594 0 1
172.559 16.5966 0 1
172.693 16.6008 0 1
172.825 16.5991 0 1
172.954 16.5955 0 1
173.08 16.5916 0 1
173.204 16.6048 0 1
173.33 16.6178 0 1
173.455 16.6274 0 1
173.577 16.635 0 1
173.698 16.6587 0 1
173.82 16.681 0 1
173.942 16.702 0 1
174.06 16.7392 0 1
174.182 16.7762 0 1
174.307 16.8119 0 1
174.434 16.847 0 1
174.561 16.8795 0 1
174.69 16.8989 0 1
174.81 16.8618 0 1
174.926 16.826 0 1
175.042 16.8026 0 1
175.159 16.7942 0 1
175.276 16.801 0 1
175.39 16.8227 0 1
175.502 16.8593 0 1
175.608 16.9108 0 1
175.711 16.9748 0 1
175.814 17.0439 0 1
175.937 17.0813 0 1
176.068 17.0841 0 1
176.197 17.0791 0 1
176.322 17.0727 0 1
176.447 17.0835 0 1
176.572 17.094 0 1
176.697 17.1014 0 1
176.82 17.1072 0 1
176.941 17.1294 0 1
177.064 17.1505 0 1
177.188 17.168 0 1
177.31 17.1838 0 1
177.428 17.2158 0 1
177.55 17.2469 0 1
177.673 17.2753 0 1
177.795 17.3029 0 1
177.913 17.3458 0 1
178.037 17.3827 0 1
178.164 17.3831 0 1
178.283 17.3472 0 1
178.4 17.3157 0 1
178.517 17.2972 0 1
178.634 17.2942 0 1
178.75 17.3069 0 1
178.864 17.3346 0 1
178.973 17.3774 0 1
179.078 17.4347 0 1
179.178 17.5037 0 1
179.281 17.5751 0 1
179.41 17.5962 0 1
179.542 17.6044 0 1
179.673 17.61 0 1
179.804 17.6146 0 1
179.932 17.6175 0 1
180.058 17.6196 0 1
180.181 17.6385 0 1
180.306 17.6569 0 1
180.431 17.6721 0 1
180.554 17.6857 0 1
180.675 17.7155 0 1
180.797 17.7445 0 1
180.921 17.7706 0 1
181.045 17.7962 0 1
181.164 17.8381 0 1
181.287 17.8797 0 1
181.414 17.9145 0 1
181.543 17.9136 0 1
181.662 17.877 0 1
181.779 17.8453 0 1
181.897 17.8268 0 1
182.015 17.824 0 1
182.131 17.8372 0 1
182.245 17.866 0 1
182.355 17.9103 0 1
182.459 17.9695 0 1
182.558 18.0414 0 1
182.659 18.1179 0 1
182.785 18.1488 0 1
182.914 18.1681 0 1
183.042 18.1851 0 1
183.169 18.2007 0 1
183.294 18.2136 0 1
183.415 18.2246 0 1
183.533 18.2523 0 1
183.652 18.2786 0 1
183.77 18.3025 0 1
183.883 18.3422 0 1
184 18.3805 0 1
184.118 18.4149 0 1
184.236 18.4478 0 1
184.348 18.497 0 1
184.464 18.5464 0 1
184.582 18.5939 0 1
184.703 18.6375 0 1
184.827 18.6666 0 1
184.947 18.6368 0 1
185.063 18.6073 0 1
185.18 18.5905 0 1
185.295 18.59 0 1
185.409 18.6064 0 1
185.519 18.6397 0 1
185.624 18.69 0 1
185.72 18.7563 0 1
185.809 18.8363 0 1
185.897 18.9234 0 1
186.007 18.9855 0 1
186.131 19.0165 0 1
186.255 19.0404 0 1
186.377 19.061 0 1
186.495 19.0796 0 1
186.607 19.116 0 1
186.721 19.1511 0 1
186.834 19.1838 0 1
186.94 19.2328 0 1
187.05 19.2805 0 1
187.163 19.3243 0 1
187.275 19.3669 0 1
187.379 19.4265 0 1
187.488 19.4875 0 1
187.6 19.5474 0 1
187.717 19.6029 0 1
187.842 19.6251 0 1
187.945 19.57 0 1
188.039 19.5081 0 1
188.134 19.4541 0 1
188.233 19.4139 0 1
188.335 19.3902 0 1
188.439 19.3837 0 1
188.542 19.3932 0 1
188.643 19.4169 0 1
188.739 19.4545 0 1
188.829 19.5065 0 1
188.908 19.5736 0 1
188.974 19.655 0 1
189.025 19.7487 0 1
189.062 19.8518 0 1
189.089 19.9616 0 1
189.124 20.0743 0 1
189.223 20.1504 0 1
189.34 20.1985 0 1
189.456 20.241 0 1
189.571 20.2812 0 1
189.684 20.3176 0 1
189.794 20.3511 0 1
189.895 20.4023 0 1
189.998 20.4517 0 1
190.1 20.4977 0 1
190.194 20.5594 0 1
190.291 20.6191 0 1
190.391 20.6724 0 1
190.491 20.721 0 1
190.582 20.7845 0 1
190.676 20.8456 0 1
190.771 20.903 0 1
190.856 20.9744 0 1
190.946 21.0438 0 1
191.039 21.107 0 1
191.134 21.1656 0 1
191.218 21.2378 0 1
191.305 21.308 0 1
191.394 21.3745 0 1
191.471 21.454 0 1
191.553 21.5318 0 1
191.641 21.604 0 1
191.729 21.6716 0 1
191.806 21.7518 0 1
191.886 21.8303 0 1
191.968 21.9054 0 1
192.037 21.9923 0 1
192.111 22.0783 0 1
192.19 22.1594 0 1
192.271 22.2364 0 1
192.339 22.3247 0 1
192.41 22.4121 0 1
192.482 22.4964 0 1
192.541 22.5912 0 1
192.605 22.6858 0 1
192.674 22.7765 0 1
192.745 22.8635 0 1
192.801 22.9604 0 1
192.861 23.057 0 1
192.922 23.1518 0 1
192.968 23.2554 0 1
193.019 23.3603 0 1
193.079 23.4619 0 1
193.158 23.5486 0 1
193.272 23.5699 0 1
193.385 23.5807 0 1
193.493 23.5997 0 1
193.595 23.6349 0 1
193.686 23.6894 0 1
193.762 23.7634 0 1
193.819 23.8537 0 1
193.854 23.9558 0 1
193.87 24.0653 0 1
193.874 24.1799 0 1
193.88 24.2998 0 1
193.949 24.4031 0 1
194.04 24.4878 0 1
194.131 24.57 0 1
194.219 24.6531 0 1
194.305 24.7366 0 1
194.389 24.82 0 1
194.472 24.9024 0 1
194.555 24.9823 0 1
194.639 25.0578 0 1
194.722 25.1296 0 1
194.788 25.2155 0 1
194.857 25.3002 0 1
194.926 25.3819 0 1
194.98 25.4749 0 1
195.037 25.5671 0 1
195.102 25.6542 0 1
195.169 25.737 0 1
195.22 25.83 0 1
195.275 25.9219 0 1
195.333 26.011 0 1
195.374 26.1089 0 1
195.421 26.2066 0 1
195.475 26.3001 0 1
195.532 26.3896 0 1
195.573 26.4876 0 1
195.618 26.5851 0 1
195.665 26.6804 0 1
195.695 26.7826 0 1
195.73 26.8855 0 1
195.772 26.9856 0 1
195.818 27.0826 0 1
195.845 27.186 0 1
195.875 27.2897 0 1
195.908 27.3919 0 1
195.922 27.4989 0 1
195.939 27.6077 0 1
195.963 27.716 0 1
195.988 27.8232 0 1
195.992 27.9336 0 1
195.996 28.0472 0 1
196.005 28.1627 0 1
196.016 28.2794 0 1
196.034 28.3967 0 1
196.074 28.5083 0 1
196.184 28.5383 0 1
196.294 28.5391 0 2
196.4 28.5287 0 2
196.502 28.513 0 2
196.601 28.4955 0 2
196.7 28.4795 0 2
196.799 28.4685 0 2
196.898 28.466 0 2
196.998 28.4752 0 2
197.094 28.4987 0 2
197.186 28.5382 0 2
197.268 28.594 0 2
197.338 28.665 0 2
197.392 28.7487 0 2
197.428 28.8415 0 2
197.446 28.9396 0 2
197.445 29.0393 0 2
197.428 29.1376 0 2
197.397 29.2323 0 2
197.353 29.3222 0 2
197.301 29.4071 0 2
197.241 29.487 0 2
197.176 29.5627 0 2
197.107 29.6352 0 2
197.036 29.7055 0 2
196.964 29.7747 0 2
196.892 29.8441 0 2
196.821 29.9148 0 2
196.751 29.9882 0 2
196.684 30.0656 0 2
196.62 30.1487 0 2
196.564 30.2407 0 2
196.533 30.347 0 2
196.592 30.4494 0 2
196.673 30.5378 0 2
196.757 30.6211 0 2
196.829 30.7141 0 2
196.903 30.8071 0 2
196.978 30.8978 0 2
197.039 30.9977 0 2
197.103 31.0975 0 2
197.168 31.195 0 2
197.22 31.3002 0 2
197.274 31.4054 0 2
197.329 31.508 0 2
197.371 31.617 0 2
197.416 31.7257 0 2
197.463 31.8312 0 2
197.496 31.9419 0 2
197.529 32.0529 0 2
197.546 32.1678 0 2
197.567 32.2846 0 2
197.59 32.4009 0 2
197.597 32.5196 0 2
197.606 32.6408 0 2
197.619 32.7622 0 2
197.632 32.8818 0 2
197.628 33.002 0 2
197.625 33.1237 0 2
197.622 33.2447 0 2
197.602 33.3642 0 2
197.582 33.4866 0 2
197.564 33.6101 0 2
197.545 33.7325 0 2
197.509 33.8511 0 2
197.47 33.9727 0 2
197.432 34.0963 0 2
197.395 34.2215 0 2
197.375 34.3504 0 2
197.458 34.4273 0 2
197.556 34.475 0 2
197.657 34.5036 0 2
197.759 34.5143 0 2
197.86 34.5054 0 2
197.956 34.4771 0 2
198.045 34.4325 0 2
198.128 34.3763 0 2
198.205 34.313 0 2
198.279 34.2462 0 2
198.354 34.1791 0 2
198.43 34.1149 0 2
198.511 34.0569 0 2
198.599 34.0087 0 2
198.692 33.9741 0 2
198.791 33.9571 0 2
198.89 33.9609 0 2
198.986 33.9872 0 2
199.073 34.0357 0 2
199.146 34.104 0 2
199.2 34.1877 0 2
199.233 34.2817 0 2
199.245 34.3807 0 2
199.238 34.4803 0 2
199.213 34.5771 0 2
199.174 34.669 0 2
199.123 34.7548 0 2
199.062 34.8343 0 2
198.994 34.9076 0 2
198.92 34.9752 0 2
198.842 35.0379 0 2
198.761 35.0963 0 2
198.677 35.1512 0 2
198.591 35.2032 0 2
198.504 35.2529 0 2
198.417 35.3008 0 2
198.328 35.3471 0 2
198.238 35.3921 0 2
198.148 35.4359 0 2
198.058 35.4784 0 2
197.966 35.5195 0 2
197.874 35.5588 0 2
197.781 35.596 0 2
197.687 35.6306 0 2
197.591 35.6625 0 2
197.493 35.693 0 2
197.393 35.7248 0 2
197.293 35.7644 0 2
197.201 35.8274 0 2
197.181 35.9448 0 2
197.186 36.0653 0 2
197.195 36.1841 0 2
197.189 36.3031 0 2
197.183 36.4239 0 2
197.182 36.5445 0 2
197.183 36.6624 0 2
197.168 36.7789 0 2
197.151 36.8953 0 2
197.118 37.0085 0 2
197.087 37.1255 0 2
197.059 37.2439 0 2
197.033 37.3611 0 2
196.991 37.4734 0 2
196.949 37.5876 0 2
196.907 37.7015 0 2
196.849 37.8085 0 2
196.79 37.9185 0 2
196.731 38.0303 0 2
196.672 38.1423 0 2
196.612 38.2521 0 2
196.535 38.3516 0 2
196.456 38.4523 0 2
196.374 38.5539 0 2
196.29 38.6548 0 2
196.204 38.7542 0 2
196.115 38.8514 0 2
196.026 38.9466 0 2
195.937 39.0399 0 2
195.849 39.1299 0 2
195.748 39.2065 0 2
195.647 39.2853 0 2
195.559 39.3788 0 2
195.582 39.4893 0 2
195.634 39.5849 0 2
195.7 39.6671 0 2
195.777 39.7348 0 2
195.865 39.7839 0 2
195.962 39.8112 0 2
196.061 39.8167 0 2
196.16 39.804 0 2
196.256 39.7775 0 2
196.35 39.7416 0 2
196.441 39.7006 0 2
196.531 39.6583 0 2
196.623 39.6184 0 2
196.717 39.5845 0 2
196.814 39.5604 0 2
196.913 39.5499 0 2
197.012 39.5563 0 2
197.109 39.5823 0 2
197.197 39.6288 0 2
197.271 39.6948 0 2
197.328 39.777 0 2
197.362 39.8706 0 2
197.373 39.9697 0 2
197.36 40.0687 0 2
197.327 40.1629 0 2
197.277 40.2489 0 2
197.212 40.3249 0 2
197.136 40.3899 0 2
197.052 40.4442 0 2
196.962 40.4883 0 2
196.868 40.5232 0 2
196.772 40.5502 0 2
196.674 40.5702 0 2
196.575 40.5845 0 2
196.475 40.5939 0 2
196.375 40.5993 0 2
196.275 40.6014 0 2
196.175 40.601 0 2
196.075 40.5984 0 2
195.975 40.594 0 2
195.875 40.5881 0 2
195.775 40.5809 0 2
195.676 40.5725 0 2
195.576 40.5627 0 2
195.477 40.5515 0 2
195.378 40.5388 0 2
195.278 40.524 0 2
195.179 40.5073 0 2
195.078 40.4895 0 2
194.974 40.4733 0 2
194.866 40.465 0 2
194.756 40.4817 0 2
194.687 40.5773 0 2
194.638 40.6866 0 2
194.597 40.7981 0 2
194.558 40.9077 0 2
194.504 41.0101 0 2
194.45 41.1138 0 2
194.4 41.2169 0 2
194.335 41.3115 0 2
194.271 41.4085 0 2
194.21 41.5059 0 2
194.136 41.5933 0 2
194.062 41.6835 0 2
193.99 41.7742 0 2
193.905 41.8532 0 2
193.82 41.9352 0 2
193.738 42.0203 0 2
193.657 42.1051 0 2
193.565 42.1765 0 2
193.472 42.2495 0 2
193.379 42.3226 0 2
193.277 42.3805 0 2
193.171 42.4402 0 2
193.066 42.5024 0 2
192.962 42.5656 0 2
192.858 42.6269 0 2
192.746 42.6706 0 2
192.63 42.7139 0 2
192.515 42.7583 0 2
192.399 42.8029 0 2
192.285 42.8479 0 2
192.173 42.8912 0 2
192.056 42.9163 0 2
191.938 42.9416 0 2
191.821 42.973 0 2
191.715 43.0269 0 2
191.684 43.1338 0 2
191.683 43.2416 0 2
191.698 43.3451 0 2
191.726 43.4435 0 2
191.767 43.5356 0 2
191.82 43.6203 0 2
191.883 43.6974 0 2
191.954 43.7676 0 2
192.03 43.8326 0 2
192.109 43.8942 0 2
192.188 43.9546 0 2
192.267 44.0161 0 2
192.343 44.0807 0 2
192.415 44.1503 0 2
192.48 44.2264 0 2
192.535 44.3097 0 2
192.577 44.4 0 2
192.604 44.4961 0 2
192.613 44.5955 0 2
192.601 44.6945 0 2
192.568 44.7886 0 2
192.515 44.8729 0 2
192.443 44.9426 0 2
192.358 44.9942 0 2
192.263 45.0254 0 2
192.164 45.0353 0 2
192.065 45.0247 0 2
191.969 44.9956 0 2
191.88 44.9504 0 2
191.799 44.8919 0 2
191.727 44.8231 0 2
191.663 44.7464 0 2
191.606 44.6639 0 2
191.556 44.5775 0 2
191.511 44.4884 0 2
191.468 44.398 0 2
191.427 44.307 0 2
191.385 44.2164 0 2
191.34 44.1271 0 2
191.291 44.0402 0 2
191.235 43.957 0 2
191.173 43.879 0 2
191.102 43.8074 0 2
191.022 43.7432 0 2
190.934 43.6872 0 2
190.836 43.6424 0 2
190.727 43.6239 0 2
190.635 43.691 0 2
190.562 43.779 0 2
190.497 43.87 0 2
190.42 43.9507 0 2
190.346 44.0341 0 2
190.277 44.119 0 2
190.195 44.1917 0 2
190.114 44.2642 0 2
190.022 44.3231 0 2
189.931 44.3876 0 2
189.844 44.4552 0 2
189.747 44.5089 0 2
189.649 44.5662 0 2
189.554 44.6253 0 2
189.449 44.6684 0 2
189.344 44.7146 0 2
189.24 44.7651 0 2
189.137 44.8158 0 2
189.028 44.8489 0 2
188.918 44.8835 0 2
188.809 44.9223 0 2
188.702 44.962 0 2
188.591 44.9839 0 2
188.48 45.0077 0 2
188.37 45.0331 0 2
188.258 45.0407 0 2
188.144 45.0503 0 2
188.031 45.0616 0 2
187.918 45.0543 0 2
187.802 45.0485 0 2
187.685 45.0466 0 2
187.57 45.0452 0 2
187.456 45.0243 0 2
187.339 45.0031 0 2
187.221 44.9849 0 2
187.103 44.9731 0 2
186.986 44.9863 0 2
186.918 45.0753 0 2
186.877 45.1753 0 2
186.852 45.277 0 2
186.84 45.3787 0 2
186.842 45.4796 0 2
186.856 45.5787 0 2
186.88 45.6756 0 2
186.912 45.7703 0 2
186.95 45.863 0 2
186.99 45.9546 0 2
187.031 46.0459 0 2
187.07 46.1379 0 2
187.105 46.2316 0 2
187.134 46.3274 0 2
187.153 46.4254 0 2
187.161 46.5251 0 2
187.154 46.6248 0 2
187.131 46.7218 0 2
187.089 46.8126 0 2
187.029 46.8924 0 2
186.953 46.9562 0 2
186.863 46.9994 0 2
186.765 47.0186 0 2
186.666 47.0123 0 2
186.571 46.9813 0 2
186.486 46.9284 0 2
186.416 46.8578 0 2
186.361 46.7741 0 2
186.323 46.6819 0 2
186.3 46.5848 0 2
186.289 46.4854 0 2
186.289 46.3854 0 2
186.297 46.2857 0 2
186.309 46.1864 0 2
186.323 46.0873 0 2
186.336 45.9882 0 2
186.345 45.8886 0 2
186.347 45.7886 0 2
186.339 45.6891 0 2
186.318 45.5913 0 2
186.282 45.497 0 2
186.231 45.4084 0 2
186.166 45.3267 0 2
186.086 45.2549 0 2
185.986 45.2065 0 2
185.881 45.2458 0 2
185.792 45.3123 0 2
185.711 45.3851 0 2
185.621 45.4443 0 2
185.531 45.5021 0 2
185.433 45.5442 0 2
185.336 45.5923 0 2
185.243 45.6454 0 2
185.143 45.6825 0 2
185.042 45.7194 0 2
184.936 45.7391 0 2
184.829 45.7642 0 2
184.722 45.7925 0 2
184.612 45.8029 0 2
184.5 45.816 0 2
184.387 45.834 0 2
184.276 45.8526 0 2
184.163 45.8512 0 2
184.048 45.8504 0 2
183.933 45.8532 0 2
183.82 45.8562 0 2
183.708 45.8389 0 2
183.593 45.8214 0 2
183.479 45.807 0 2
183.365 45.7924 0 2
183.257 45.7575 0 2
183.146 45.7213 0 2
183.034 45.6874 0 2
182.922 45.6563 0 2
182.812 45.6262 0 2
182.71 45.5771 0 2
182.606 45.5276 0 2
182.503 45.4783 0 2
182.41 45.412 0 2
182.31 45.3477 0 2
182.199 45.3053 0 2
182.107 45.3721 0 2
182.041 45.4591 0 2
181.99 45.5513 0 2
181.947 45.6449 0 2
181.907 45.7381 0 2
181.864 45.8283 0 2
181.81 45.912 0 2
181.74 45.9827 0 2
181.654 46.0311 0 2
181.556 46.0478 0 2
181.459 46.0276 0 2
181.377 45.9734 0 2
181.317 45.8943 0 2
181.282 45.8015 0 2
181.266 45.7031 0 2
181.263 45.6034 0 0
181.264 45.5037 0 0
181.26 45.4032 0 0
181.244 45.3022 0 0
181.214 45.2015 0 0
181.168 45.1024 0 0
181.096 45.0133 0 0
180.986 45.0007 0 0
180.882 45.0342 0 0
180.784 45.079 0 0
180.69 45.128 0 0
180.602 45.1818 0 0
180.519 45.2418 0 0
180.444 45.308 0 0
180.372 45.3741 0 0
180.286 45.4177 0 0
180.201 45.4633 0 0
180.119 45.5109 0 0
180.027 45.5355 0 0
179.935 45.5639 0 0
179.846 45.5952 0 0
179.752 45.6037 0 0
179.657 45.6187 0 0
179.565 45.6481 0 0
179.478 45.6837 0 0
179.385 45.6978 0 0
179.293 45.7167 0 0
179.203 45.7405 0 0
179.109 45.7426 0 0
179.016 45.7514 0 0
178.925 45.7668 0 0
178.832 45.7619 0 0
178.739 45.7639 0 0
178.647 45.7731 0 0
178.555 45.7623 0 0
178.462 45.7588 0 0
178.37 45.7624 0 0
178.279 45.7456 0 0
178.186 45.7349 0 0
178.094 45.7303 0 0
178.004 45.7063 0 0
177.911 45.6912 0 0
177.817 45.6939 0 0
177.725 45.706 0 0
177.633 45.699 0 0
177.54 45.6982 0 0
177.448 45.704 0 0
177.358 45.6901 0 0
177.265 45.6838 0 0
177.174 45.6855 0 0
177.083 45.6685 0 0
176.991 45.6594 0 0
176.9 45.6582 0 0
176.81 45.6385 0 0
176.719 45.6265 0 0
176.627 45.6226 0 0
176.538 45.6004 0 0
176.447 45.5859 0 0
176.356 45.5794 0 0
176.268 45.5536 0 0
176.177 45.5343 0 0
176.086 45.5215 0 0
175.999 45.4906 0 0
175.908 45.469 0 0
175.814 45.4658 0 0
175.722 45.4727 0 0
175.631 45.4611 0 0
175.539 45.456 0 0
175.447 45.4577 0 0
175.357 45.44 0 0
175.265 45.4301 0 0
175.174 45.4283 0 0
175.085 45.4081 0 0
174.993 45.3959 0 0
174.902 45.3918 0 0
174.813 45.3693 0 0
174.722 45.3547 0 0
174.631 45.348 0 0
174.543 45.322 0 0
174.453 45.3024 0 0
174.362 45.2895 0 0
174.275 45.2583 0 0
174.184 45.2365 0 0
174.09 45.2331 0 0
173.998 45.2398 0 0
173.907 45.2278 0 0
173.815 45.2223 0 0
173.723 45.2236 0 0
173.633 45.2053 0 0
173.542 45.1945 0 0
173.45 45.1919 0 0
173.361 45.1706 0 0
173.27 45.157 0 0
173.179 45.1514 0 0
173.09 45.1272 0 0
172.999 45.1106 0 0
172.908 45.1017 0 0
172.821 45.0732 0 0
172.731 45.0509 0 0
172.641 45.035 0 0
172.555 45.0004 0 0
172.465 44.9746 0 0
172.371 44.9668 0 0
172.278 44.9686 0 0
172.188 44.9511 0 0
172.096 44.9396 0 0
172.004 44.9345 0 0
171.916 44.9092 0 0
171.825 44.8909 0 0
171.734 44.8802 0 0
171.647 44.8501 0 0
171.557 44.827 0 0
171.466 44.8111 0 0
171.381 44.7759 0 0
171.293 44.7472 0 0
171.203 44.7256 0 0
171.121 44.6848 0 0
171.034 44.6502 0 0
170.946 44.6223 0 0
170.867 44.5747 0 0
170.784 44.5314 0 0
170.7 44.4931 0 0
170.626 44.4363 0 0
170.546 44.3853 0 0
170.458 44.3489 0 0
170.369 44.3203 0 0
170.289 44.272 0 0
170.206 44.2276 0 0
170.122 44.188 0 0
170.05 44.1293 0 0
169.973 44.0746 0 0
169.894 44.0253 0 0
169.829 43.9585 0 0
169.76 43.8951 0 0
169.687 43.8363 0 0
169.631 43.7617 0 0
169.57 43.6897 0 0
169.505 43.6216 0 0
169.46 43.5393 0 0
169.411 43.4581 0 0
169.36 43.3793 0 0
169.329 43.2894 0 0
169.293 43.2002 0 0
169.245 43.117 0 0
169.192 43.0379 0 0
169.162 42.9483 0 0
169.129 42.8586 0 0
169.093 42.7708 0 0
169.083 42.6763 0 0
169.07 42.5809 0 0
169.053 42.4858 0 0
169.061 42.388 0 0
169.064 42.2864 0 0
169.054 42.1817 0 0
169.024 42.0763 0 0
168.958 41.9843 0 0
168.858 41.9338 0 0
168.748 41.9711 0 0
168.657 42.0332 0 0
168.582 42.1073 0 0
168.52 42.1892 0 0
168.465 42.274 0 0
168.405 42.3535 0 0
168.326 42.4134 0 0
168.23 42.4312 0 0
168.141 42.3908 0 0
168.093 42.306 0 0
168.091 42.2073 0 0
168.118 42.1117 0 0
168.156 42.0182 0 0
168.188 41.9212 0 0
168.207 41.8183 0 0
168.207 41.7103 0 0
168.174 41.603 0 0
168.078 41.5463 0 0
167.957 41.5512 0 0
167.843 41.5898 0 0
167.733 41.636 0 0
167.628 41.686 0 0
167.527 41.7398 0 0
167.433 41.798 0 0
167.343 41.8574 0 0
167.245 41.8993 0 0
167.149 41.945 0 0
167.057 41.9945 0 0
166.959 42.0278 0 0
166.862 42.067 0 0
166.77 42.1117 0 0
166.671 42.1412 0 0
166.574 42.1774 0 0
166.48 42.2195 0 0
166.381 42.2466 0 0
166.284 42.2806 0 0
166.189 42.3208 0 0
166.09 42.3458 0 0
165.992 42.3779 0 0
165.896 42.4161 0 0
165.796 42.4387 0 0
165.696 42.4679 0 0
165.599 42.5023 0 0
165.497 42.5205 0 0
165.394 42.5454 0 0
165.295 42.5811 0 0
165.2 42.6221 0 0
165.099 42.647 0 0
165 42.6777 0 0
164.904 42.7139 0 0
164.804 42.7344 0 0
164.704 42.7619 0 0
164.607 42.7956 0 0
164.507 42.814 0 0
164.407 42.8394 0 0
164.31 42.8712 0 0
164.209 42.8876 0 0
164.108 42.911 0 0
164.01 42.9408 0 0
163.908 42.9547 0 0
163.807 42.9751 0 0
163.707 43.001 0 0
163.604 43.0102 0 0
163.499 43.0261 0 0
163.397 43.0531 0 0
163.299 43.0858 0 0
163.197 43.1019 0 0
163.096 43.1238 0 0
162.997 43.1516 0 0
162.896 43.1634 0 0
162.794 43.1821 0 0
162.695 43.2074 0 0
162.594 43.217 0 0
162.492 43.2337 0 0
162.393 43.2571 0 0
162.291 43.2648 0 0
162.189 43.2797 0 0
162.09 43.3013 0 0
161.988 43.3071 0 0
161.885 43.32 0 0
161.785 43.3395 0 0
161.683 43.3428 0 0
161.58 43.3526 0 0
161.478 43.368 0 0
161.374 43.3664 0 0
161.269 43.3714 0 0
161.165 43.3877 0 0
161.065 43.4101 0 0
160.962 43.4155 0 0
160.859 43.4268 0 0
160.758 43.4442 0 0
160.656 43.4452 0 0
160.553 43.4531 0 0
160.452 43.4679 0 0
160.35 43.4666 0 0
160.247 43.4724 0 0
160.146 43.485 0 0
160.044 43.4816 0 0
159.941 43.4852 0 0
159.84 43.4955 0 0
159.738 43.4894 0 0
159.634 43.4896 0 0
159.531 43.4955 0 0
159.429 43.4844 0 0
159.323 43.4798 0 0
159.219 43.4865 0 0
159.116 43.4996 0 0
159.013 43.4957 0 0
158.91 43.4975 0 0
158.808 43.5057 0 0
158.706 43.4974 0 0
158.603 43.4959 0 0
158.502 43.5013 0 0
158.4 43.4907 0 0
158.298 43.487 0 0
158.196 43.4904 0 0
158.095 43.4778 0 0
157.993 43.4722 0 0
157.891 43.4737 0 0
157.791 43.4591 0 0
157.688 43.4512 0 0
157.586 43.4502 0 0
157.485 43.4326 0 0
157.382 43.421 0 0
157.28 43.4152 0 0
157.179 43.3923 0 0
157.075 43.3756 0 0
156.971 43.3702 0 0
156.867 43.3714 0 0
156.766 43.3556 0 0
156.663 43.3454 0 0
156.561 43.3417 0 0
156.461 43.3215 0 0
156.359 43.3079 0 0
156.258 43.3013 0 0
156.159 43.2787 0 0
156.057 43.2628 0 0
155.956 43.2541 0 0
155.857 43.2293 0 0
155.756 43.2111 0 0
155.655 43.1997 0 0
155.557 43.1721 0 0
155.456 43.1502 0 0
155.354 43.1341 0 0
155.256 43.1013 0 0
155.155 43.0742 0 0
155.051 43.0583 0 0
154.949 43.0491 0 0
154.849 43.0229 0 0
154.748 43.0021 0 0
154.646 42.9877 0 0
154.549 42.9568 0 0
154.449 42.9319 0 0
154.348 42.9136 0 0
154.252 42.879 0 0
154.152 42.8501 0 0
154.051 42.8271 0 0
153.956 42.787 0 0
153.857 42.7508 0 0
153.756 42.7183 0 0
153.663 42.6669 0 0
153.565 42.6167 0 0
153.462 42.5707 0 0
153.355 42.5277 0 0
153.247 42.4864 0 0
153.136 42.4467 0 0
153.02 42.4142 0 0
152.903 42.4218 0 0
152.824 42.505 0 0
152.763 42.5962 0 0
152.704 42.684 0 0
152.638 42.7633 0 0
152.561 42.8285 0 0
152.472 42.8733 0 0
152.374 42.893 0 0
152.275 42.8862 0 0
152.18 42.8539 0 0
152.097 42.7995 0 0
152.028 42.7272 0 0
151.973 42.6423 0 0
151.929 42.5494 0 0
151.888 42.4517 0 0
151.842 42.3521 0 0
151.775 42.26 0 0
151.656 42.2424 0 0
151.535 42.2661 0 0
151.418 42.298 0 0
151.303 42.3327 0 0
151.191 42.3705 0 0
151.084 42.4128 0 0
150.983 42.4569 0 0
150.876 42.4837 0 0
150.77 42.5146 0 0
150.668 42.55 0 0
150.562 42.5698 0 0
150.457 42.5954 0 0
150.355 42.6266 0 0
150.249 42.6425 0 0
150.143 42.6647 0 0
150.039 42.692 0 0
149.933 42.7036 0 0
149.825 42.7216 0 0
149.719 42.7495 0 0
149.617 42.7827 0 0
149.511 42.8006 0 0
149.406 42.8243 0 0
149.304 42.8537 0 0
149.199 42.8683 0 0
149.095 42.8897 0 0
148.993 42.9174 0 0
148.888 42.9305 0 0
148.783 42.9505 0 0
148.681 42.977 0 0
148.576 42.9888 0 0
148.471 43.0076 0 0
148.368 43.0328 0 0
148.263 43.0433 0 0
148.158 43.0608 0 0
148.055 43.0848 0 0
147.949 43.0937 0 0
147.843 43.1091 0 0
147.738 43.1302 0 0
147.631 43.1356 0 0
147.523 43.1474 0 0
147.416 43.1694 0 0
147.313 43.197 0 0
147.206 43.209 0 0
147.1 43.2269 0 0
146.997 43.2508 0 0
146.892 43.2596 0 0
146.786 43.2751 0 0
146.683 43.2971 0 0
146.577 43.3043 0 0
146.472 43.3184 0 0
146.368 43.339 0 0
146.263 43.3448 0 0
146.157 43.3574 0 0
146.053 43.3766 0 0
145.947 43.3805 0 0
145.84 43.3908 0 0
145.735 43.407 0 0
145.628 43.4073 0 0
145.519 43.4139 0 0
145.411 43.4309 0 0
145.307 43.4537 0 0
145.201 43.4606 0 0
145.094 43.4736 0 0
144.99 43.4926 0 0
144.885 43.4963 0 0
144.778 43.5069 0 0
144.674 43.524 0 0
144.569 43.5262 0 0
144.463 43.5354 0 0
144.359 43.5514 0 0
144.254 43.5524 0 0
144.147 43.5605 0 0
144.043 43.5753 0 0
143.938 43.5751 0 0
143.831 43.5818 0 0
143.726 43.5951 0 0
143.621 43.5931 0 0
143.514 43.5974 0 0
143.408 43.6077 0 0
143.301 43.6019 0 0
143.192 43.6024 0 0
143.084 43.6133 0 0
142.979 43.6302 0 0
142.872 43.6309 0 0
142.765 43.6375 0 0
142.66 43.65 0 0
142.554 43.6469 0 0
142.448 43.6503 0 0
142.343 43.6601 0 0
142.237 43.6546 0 0
142.13 43.6557 0 0
142.025 43.6632 0 0
141.92 43.6554 0 0
141.813 43.6539 0 0
141.707 43.6589 0 0
141.602 43.648 0 0
141.495 43.6431 0 0
141.388 43.6436 0 0
141.283 43.6279 0 0
141.175 43.6179 0 0
141.066 43.6182 0 0
140.96 43.6246 0 0
140.854 43.6149 0 0
140.747 43.6109 0 0
140.641 43.6133 0 0
140.537 43.6003 0 0
140.43 43.5939 0 0
140.325 43.5944 0 0
140.221 43.5799 0 0
140.115 43.5722 0 0
140.01 43.5715 0 0
139.906 43.5559 0 0
139.8 43.547 0 0
139.695 43.5452 0 0
139.591 43.5283 0 0
139.485 43.5181 0 0
139.38 43.5148 0 0
139.276 43.496 0 0
139.17 43.4834 0 0
139.064 43.4767 0 0
138.96 43.454 0 0
138.853 43.4371 0 0
138.745 43.4308 0 0
138.638 43.4308 0 0
138.534 43.4149 0 0
138.427 43.4046 0 0
138.322 43.4008 0 0
138.218 43.3816 0 0
138.112 43.3689 0 0
138.008 43.3632 0 0
137.905 43.3424 0 0
137.799 43.3282 0 0
137.694 43.3211 0 0
137.591 43.2988 0 0
137.486 43.2831 0 0
137.381 43.2741 0 0
137.278 43.2497 0 0
137.173 43.231 0 0
137.067 43.218 0 0
136.964 43.1887 0 0
136.858 43.1647 0 0
136.749 43.1502 0 0
136.641 43.1409 0 0
136.536 43.1143 0 0
136.428 43.0915 0 0
136.32 43.0722 0 0
136.216 43.0343 0 0
136.107 42.9981 0 0
135.994 42.9662 0 0
135.877 42.9377 0 0
135.757 42.9172 0 0
135.637 42.9356 0 0
135.561 43.0231 0 0
135.499 43.1149 0 0
135.435 43.2007 0 0
135.363 43.2757 0 0
135.28 43.3357 0 0
135.187 43.3767 0 0
135.088 43.3974 0 0
134.987 43.3979 0 0
134.887 43.3796 0 0
134.793 43.3434 0 0
134.707 43.2892 0 0
134.633 43.2187 0 0
134.57 43.1358 0 0
134.515 43.0441 0 0
134.461 42.9478 0 0
134.39 42.8569 0 0
134.269 42.8362 0 0
134.144 42.8541 0 0
134.022 42.8789 0 0
133.902 42.9054 0 0
133.783 42.9333 0 0
133.667 42.9638 0 0
133.555 42.9979 0 0
133.446 43.0333 0 0
133.334 43.0505 0 0
133.222 43.0708 0 0
133.112 43.0987 0 0
133.007 43.131 0 0
132.898 43.1475 0 0
132.79 43.1692 0 0
132.686 43.1963 0 0
132.578 43.2086 0 0
132.471 43.2273 0 0
132.366 43.2523 0 0
132.259 43.2627 0 0
132.152 43.2799 0 0
132.048 43.3037 0 0
131.941 43.3129 0 0
131.833 43.3289 0 0
131.728 43.3513 0 0
131.621 43.359 0 0
131.512 43.3731 0 0
131.406 43.3928 0 0
131.297 43.3973 0 0
131.187 43.408 0 0
131.078 43.4285 0 0
130.972 43.4546 0 0
130.864 43.4654 0 0
130.756 43.4821 0 0
130.651 43.5047 0 0
130.544 43.5127 0 0
130.437 43.5273 0 0
130.332 43.5484 0 0
130.225 43.555 0 0
130.118 43.5685 0 0
130.013 43.5887 0 0
129.906 43.5945 0 0
129.798 43.6072 0 0
129.693 43.6266 0 0
129.586 43.6314 0 0
129.479 43.6431 0 0
129.373 43.6613 0 0
129.265 43.6646 0 0
129.157 43.6744 0 0
129.049 43.6899 0 0
128.941 43.69 0 0
128.83 43.6964 0 0
128.721 43.7126 0 0
128.615 43.7345 0 0
128.507 43.7411 0 0
128.398 43.7536 0 0
128.292 43.7721 0 0
128.185 43.7757 0 0
128.077 43.7861 0 0
127.972 43.803 0 0
127.865 43.8053 0 0
127.757 43.8145 0 0
127.651 43.8304 0 0
127.544 43.8317 0 0
127.436 43.8398 0 0
127.33 43.8544 0 0
127.223 43.8541 0 0
127.114 43.8602 0 0
127.006 43.8721 0 0
126.898 43.8685 0 0
126.787 43.871 0 0
126.678 43.8835 0 0
126.571 43.9019 0 0
126.463 43.9047 0 0
126.354 43.9135 0 0
126.248 43.9284 0 0
126.141 43.9283 0 0
126.032 43.935 0 0
125.926 43.9483 0 0
125.82 43.9467 0 0
125.712 43.952 0 0
125.606 43.9639 0 0
125.499 43.9609 0 0
125.391 43.9646 0 0
125.284 43.9747 0 0
125.178 43.9698 0 0
125.069 43.9712 0 0
124.962 43.9789 0 0
124.855 43.9713 0 0
124.746 43.9695 0 0
124.638 43.9732 0 0
124.53 43.961 0 0
124.419 43.9544 0 0
124.309 43.9574 0 0
124.201 43.9661 0 0
124.093 43.9591 0 0
123.984 43.9577 0 0
123.877 43.9625 0 0
123.77 43.9522 0 0
123.662 43.9485 0 0
123.555 43.9516 0 0
123.449 43.9399 0 0
123.342 43.935 0 0
123.235 43.9371 0 0
123.129 43.9243 0 0
123.021 43.9182 0 0
122.914 43.9189 0 0
122.808 43.9045 0 0
122.699 43.8963 0 0
122.591 43.894 0 0
122.485 43.8762 0 0
122.375 43.8642 0 0
122.265 43.8623 0 0
122.157 43.8665 0 0
122.049 43.8552 0 0
121.941 43.8498 0 0
121.834 43.8507 0 0
121.728 43.8366 0 0
121.62 43.8291 0 0
121.514 43.8285 0 0
121.408 43.8132 0 0
121.301 43.8047 0 0
121.195 43.8031 0 0
121.089 43.7869 0 0
120.982 43.7775 0 0
120.876 43.7751 0 0
120.771 43.758 0 0
120.663 43.7474 0 0
120.556 43.7436 0 0
120.451 43.7248 0 0
120.343 43.7121 0 0
120.235 43.7052 0 0
120.129 43.6829 0 0
120.02 43.6663 0 0
119.91 43.6596 0 0
119.802 43.659 0 0
119.695 43.6427 0 0
119.586 43.6319 0 0
119.479 43.6273 0 0
119.373 43.6072 0 0
119.264 43.5931 0 0
119.156 43.5849 0 0
119.05 43.5609 0 0
118.941 43.5418 0 0
118.831 43.5268 0 0
118.724 43.4942 0 0
118.612 43.4638 0 0
118.496 43.4379 0 0
118.377 43.4149 0 0
118.255 43.3941 0 0
118.131 43.3804 0 0
118.011 43.4041 0 0
117.937 43.4939 0 0
117.875 43.5873 0 0
117.811 43.6739 0 0
117.738 43.7492 0 0
117.654 43.8093 0 0
117.56 43.8512 0 0
117.461 43.8741 0 0
117.359 43.879 0 0
117.258 43.8672 0 0
117.16 43.8382 0 0
117.069 43.7914 0 0
116.988 43.7281 0 0
116.916 43.6511 0 0
116.853 43.5639 0 0
116.791 43.4709 0 0
116.716 43.3821 0 0
116.594 43.3613 0 0
116.469 43.3779 0 0
116.346 43.401 0 0
116.225 43.4256 0 0
116.106 43.4518 0 0
115.989 43.4808 0 0
115.877 43.5141 0 0
115.77 43.5497 0 0
115.659 43.5681 0 0
115.55 43.5906 0 0
115.444 43.618 0 0
115.335 43.6301 0 0
115.226 43.6482 0 0
115.12 43.6722 0 0
115.012 43.6815 0 0
114.904 43.6975 0 0
114.798 43.7197 0 0
114.69 43.727 0 0
114.581 43.7407 0 0
114.474 43.7599 0 0
114.364 43.7639 0 0
114.253 43.7741 0 0
114.144 43.7939 0 0
114.038 43.8193 0 0
113.929 43.8295 0 0
113.821 43.8455 0 0
113.715 43.8675 0 0
113.607 43.8749 0 0
113.499 43.889 0 0
113.393 43.9095 0 0
113.286 43.9155 0 0
113.178 43.9285 0 0
113.072 43.9481 0 0
112.964 43.9532 0 0
112.856 43.9651 0 0
112.75 43.9835 0 0
112.642 43.9872 0 0
112.533 43.9973 0 0
112.425 44.0131 0 0
112.316 44.0137 0 0
112.205 44.0204 0 0
112.095 44.0369 0 0
111.988 44.059 0 0
111.879 44.066 0 0
111.77 44.0788 0 0
111.664 44.0976 0 0
111.556 44.1017 0 0
111.448 44.1126 0 0
111.342 44.13 0 0
111.234 44.1329 0 0
111.126 44.1427 0 0
111.02 44.1592 0 0
110.913 44.1613 0 0
110.804 44.1704 0 0
110.698 44.1861 0 0
110.591 44.1874 0 0
110.482 44.1955 0 0
110.375 44.2101 0 0
110.267 44.2099 0 0
110.158 44.2161 0 0
110.05 44.2281 0 0
109.941 44.2247 0 0
109.829 44.2275 0 0
109.719 44.2401 0 0
109.611 44.2584 0 0
109.503 44.2614 0 0
109.393 44.2703 0 0
109.286 44.2852 0 0
109.178 44.2852 0 0
109.07 44.2919 0 0
108.963 44.3049 0 0
108.855 44.3031 0 0
108.746 44.3078 0 0
108.639 44.3189 0 0
108.532 44.3151 0 0
108.423 44.3175 0 0
108.315 44.3261 0 0
108.207 44.3194 0 0
108.097 44.3185 0 0
107.988 44.3229 0 0
107.879 44.3115 0 0
107.768 44.3056 0 0
107.657 44.3089 0 0
107.548 44.3178 0 0
107.439 44.311 0 0
107.329 44.3096 0 0
107.222 44.3144 0 0
107.114 44.3041 0 0
107.005 44.3003 0 0
106.898 44.3032 0 0
106.791 44.2916 0 0
106.683 44.2866 0 0
106.576 44.2886 0 0
106.469 44.2761 0 0
106.361 44.2704 0 0
106.253 44.2716 0 0
106.147 44.2582 0 0
106.038 44.2514 0 0
105.931 44.2514 0 0
105.824 44.2365 0 0
105.715 44.2277 0 0
105.606 44.2249 0 0
105.499 44.2067 0 0
105.388 44.1943 0 0
105.277 44.1917 0 0
105.169 44.1953 0 0
105.061 44.1835 0 0
104.951 44.1775 0 0
104.843 44.1779 0 0
104.737 44.1634 0 0
104.628 44.1555 0 0
104.521 44.1544 0 0
104.415 44.1388 0 0
104.307 44.1298 0 0
104.199 44.1277 0 0
104.093 44.1111 0 0
103.985 44.101 0 0
103.877 44.0977 0 0
103.771 44.0795 0 0
103.662 44.0674 0 0
103.554 44.0612 0 0
103.447 44.0397 0 0
103.337 44.0239 0 0
103.226 44.0179 0 0
103.118 44.0182 0 0
103.01 44.003 0 0
102.901 43.9937 0 0
102.793 43.9907 0 0
102.687 43.9729 0 0
102.579 43.9616 0 0
102.472 43.9572 0 0
102.366 43.9382 0 0
102.258 43.9258 0 0
102.151 43.9203 0 0
102.045 43.9003 0 0
101.937 43.8868 0 0
101.83 43.8799 0 0
101.724 43.8583 0 0
101.616 43.8429 0 0
101.507 43.8334 0 0
101.401 43.8086 0 0
101.291 43.7888 0 0
101.18 43.7731 0 0
101.072 43.7401 0 0
100.96 43.7095 0 0
100.843 43.6833 0 0
100.724 43.6599 0 0
100.603 43.638 0 0
100.48 43.6177 0 0
100.355 43.6039 0 0
100.233 43.6271 0 0
100.159 43.7167 0 0
100.097 43.8098 0 0
100.032 43.8961 0 0
99.9579 43.9712 0 0
99.8735 44.0312 0 0
99.7801 44.0737 0 0
99.6808 44.098 0 0
99.579 44.1052 0 0
99.4774 44.0965 0 0
99.3785 44.0708 0 0
99.2857 44.0271 0 0
99.202 43.9661 0 0
99.129 43.8902 0 0
99.0649 43.8033 0 0
99.0037 43.7097 0 0
98.9295 43.6198 0 0
98.8084 43.5961 0 0
98.6833 43.6096 0 0
98.561 43.63 0 0
98.4409 43.6526 0 0
98.3235 43.6779 0 0
98.21 43.7074 0 0
98.1013 43.7391 0 0
97.9895 43.7531 0 0
97.8782 43.7707 0 0
97.7695 43.7923 0 0
97.6588 43.7975 0 0
97.5469 43.8078 0 0
97.4368 43.8271 0 0
97.3302 43.8517 0 0
97.2215 43.8608 0 0
97.1127 43.8756 0 0
97.0068 43.8963 0 0
96.8991 43.9022 0 0
96.791 43.9147 0 0
96.6853 43.9337 0 0
96.5781 43.9382 0 0
96.4703 43.9495 0 0
96.3646 43.9676 0 0
96.2575 43.9712 0 0
96.1496 43.9817 0 0
96.0438 43.999 0 0
95.9366 44.0017 0 0
95.8283 44.0113 0 0
95.7219 44.0274 0 0
95.6142 44.0287 0 0
95.5051 44.0365 0 0
95.3973 44.05 0 0
95.2885 44.0481 0 0
95.1777 44.0524 0 0
95.0676 44.0666 0 0
94.9606 44.0866 0 0
94.8521 44.0912 0 0
94.7433 44.1017 0 0
94.6368 44.1184 0 0
94.5292 44.1202 0 0
94.4208 44.1287 0 0
94.3146 44.1438 0 0
94.2074 44.1444 0 0
94.0992 44.1519 0 0
93.9929 44.166 0 0
93.8856 44.1657 0 0
93.7771 44.1721 0 0
93.6702 44.185 0 0
93.5625 44.1832 0 0
93.4533 44.1877 0 0
93.3452 44.198 0 0
93.2365 44.1929 0 0
93.1255 44.194 0 0
93.0151 44.2049 0 0
92.9076 44.2217 0 0
92.799 44.2231 0 0
92.6899 44.2304 0 0
92.5831 44.2439 0 0
92.4755 44.2425 0 0
92.3669 44.2479 0 0
92.2604 44.2599 0 0
92.1532 44.2573 0 0
92.045 44.2616 0 0
91.9384 44.2727 0 0
91.8312 44.2693 0 0
91.7229 44.2728 0 0
91.6161 44.2829 0 0
91.5089 44.2784 0 0
91.4001 44.2805 0 0
91.2927 44.2889 0 0
91.185 44.2823 0 0
91.0755 44.2815 0 0
90.9668 44.2863 0 0
90.8583 44.2753 0 0
90.7472 44.2698 0 0
90.6361 44.2737 0 0
90.5275 44.2832 0 0
90.4188 44.2769 0 0
90.3093 44.2761 0 0
90.2015 44.2812 0 0
90.0941 44.2711 0 0
89.9854 44.2674 0 0
89.878 44.2703 0 0
89.7713 44.2583 0 0
89.6629 44.253 0 0
89.5556 44.2545 0 0
89.4491 44.2414 0 0
89.3406 44.2348 0 0
89.2329 44.235 0 0
89.1262 44.2203 0 0
89.0172 44.2117 0 0
88.9086 44.209 0 0
88.8013 44.191 0 0
88.691 44.1788 0 0
88.5801 44.1764 0 0
88.4714 44.1802 0 0
88.3634 44.1686 0 0
88.2542 44.1628 0 0
88.1465 44.1634 0 0
88.0398 44.1492 0 0
87.9314 44.1415 0 0
87.8242 44.1407 0 0
87.7181 44.1254 0 0
87.6102 44.1167 0 0
87.5031 44.1151 0 0
87.3971 44.099 0 0
87.2892 44.0896 0 0
87.1821 44.0871 0 0
87.0762 44.0702 0 0
86.9681 44.0598 0 0
86.8605 44.0561 0 0
86.7544 44.0377 0 0
86.6457 44.0253 0 0
86.5373 44.0188 0 0
86.4307 43.9971 0 0
86.3209 43.981 0 0
86.2101 43.9748 0 0
86.1013 43.9749 0 0
85.9937 43.9595 0 0
85.8848 43.95 0 0
85.7771 43.9468 0 0
85.6709 43.9289 0 0
85.5628 43.9174 0 0
85.4556 43.9128 0 0
85.35 43.8937 0 0
85.2423 43.8812 0 0
85.1351 43.8756 0 0
85.0297 43.8556 0 0
84.9218 43.8419 0 0
84.8142 43.835 0 0
84.7086 43.8133 0 0
84.6002 43.7975 0 0
84.4918 43.7876 0 0
84.3858 43.7623 0 0
84.2762 43.7426 0 0
84.1653 43.7324 0 0
84.0558 43.7281 0 0
83.9483 43.7081 0 0
83.8387 43.6933 0 0
83.7296 43.6841 0 0
83.623 43.6591 0 0
83.5131 43.6389 0 0
83.4024 43.6229 0 0
83.2951 43.5896 0 0
83.1829 43.5588 0 0
83.0669 43.5327 0 0
82.9485 43.5098 0 0
82.8287 43.4892 0 0
82.7081 43.4708 0 0
82.5867 43.4557 0 0
82.4645 43.4522 0 0
82.3574 43.4967 0 0
82.2873 43.5859 0 0
82.2274 43.6773 0 0
82.164 43.7621 0 0
82.0913 43.8361 0 0
82.008 43.8956 0 0
81.9156 43.9379 0 0
81.8173 43.9624 0 0
81.7163 43.9701 0 0
81.6154 43.9608 0 0
81.5179 43.9329 0 0
81.4276 43.8861 0 0
81.3478 43.8212 0 0
81.2798 43.7419 0 0
81.2212 43.6522 0 0
81.165 43.5564 0 0
81.0945 43.4644 0 0
80.9741 43.4393 0 0
80.8487 43.4517 0 0
80.7256 43.4706 0 0
80.6038 43.491 0 0
80.4835 43.5124 0 0
80.3648 43.5355 0 0
80.2487 43.5616 0 0
80.1364 43.5921 0 0
80.0292 43.625 0 0
79.9186 43.6405 0 0
79.8091 43.6602 0 0
79.7029 43.685 0 0
79.5943 43.6942 0 0
79.486 43.7095 0 0
79.3803 43.731 0 0
79.2727 43.7375 0 0
79.1644 43.7506 0 0
79.0585 43.77 0 0
78.9508 43.7744 0 0
78.842 43.7852 0 0
78.7347 43.8017 0 0
78.626 43.8027 0 0
78.5155 43.81 0 0
78.406 43.8272 0 0
78.2998 43.85 0 0
78.1916 43.8575 0 0
78.0833 43.871 0 0
77.9776 43.8904 0 0
77.8702 43.8951 0 0
77.7624 43.9066 0 0
77.6569 43.9246 0 0
77.5499 43.928 0 0
77.4423 43.9384 0 0
77.3367 43.9556 0 0
77.2298 43.9583 0 0
77.1221 43.968 0 0
77.0163 43.9844 0 0
76.9093 43.9863 0 0
76.8012 43.995 0 0
76.6948 44.0103 0 0
76.5873 44.0108 0 0
76.4783 44.0177 0 0
76.3706 44.0304 0 0
76.262 44.0277 0 0
76.1513 44.0312 0 0
76.0413 44.0446 0 0
75.9344 44.0638 0 0
75.826 44.0677 0 0
75.7172 44.0774 0 0
75.6108 44.0933 0 0
75.5033 44.0944 0 0
75.395 44.1022 0 0
75.2889 44.1166 0 0
75.1817 44.1163 0 0
75.0736 44.1231 0 0
74.9673 44.1365 0 0
74.8602 44.1353 0 0
74.7517 44.141 0 0
74.6448 44.1532 0 0
74.5372 44.1505 0 0
74.4279 44.1541 0 0
74.3197 44.1634 0 0
74.2111 44.1572 0 0
74.1001 44.1569 0 0
73.9894 44.1661 0 0
73.8815 44.1809 0 0
73.7728 44.1799 0 0
73.6633 44.1844 0 0
73.556 44.1946 0 0
73.4482 44.1896 0 0
73.3394 44.1909 0 0
73.2322 44.1984 0 0
73.1251 44.1909 0 0
73.0166 44.1898 0 0
72.9094 44.1952 0 0
72.8025 44.1857 0 0
72.6941 44.1827 0 0
72.5868 44.1863 0 0
72.4801 44.175 0 0
72.3715 44.1702 0 0
72.2638 44.1719 0 0
72.1568 44.1587 0 0
72.0477 44.1517 0 0
71.9391 44.1505 0 0
71.8315 44.1339 0 0
71.7211 44.1232 0 0
71.6102 44.1224 0 0
71.5015 44.1277 0 0
71.3933 44.1176 0 0
71.2841 44.1133 0 0
71.1764 44.1154 0 0
71.0695 44.1027 0 0
70.961 44.0965 0 0
70.8537 44.0972 0 0
70.7473 44.0833 0 0
70.6391 44.0761 0 0
70.5318 44.0758 0 0
70.4256 44.061 0 0
70.3172 44.0527 0 0
70.2095 44.0512 0 0
70.103 44.0349 0 0
69.9941 44.0247 0 0
69.8855 44.0204 0 0
69.7785 44.0008 0 0
69.6683 43.987 0 0
69.5574 43.983 0 0
69.4486 43.9853 0 0
69.3407 43.9722 0 0
69.2315 43.9648 0 0
69.1238 43.9639 0 0
69.0172 43.9482 0 0
68.9089 43.9391 0 0
68.8016 43.9368 0 0
68.6957 43.92 0 0
68.5877 43.9099 0 0
68.4806 43.9068 0 0
68.3748 43.8893 0 0
68.2669 43.8785 0 0
68.1597 43.8746 0 0
68.0539 43.8563 0 0
67.9458 43.8445 0 0
67.8381 43.8395 0 0
67.7322 43.8197 0 0
67.6236 43.806 0 0
67.5151 43.7981 0 0
67.4086 43.7751 0 0
67.2989 43.7577 0 0
67.188 43.75 0 0
67.0791 43.7487 0 0
66.9715 43.732 0 0
66.8625 43.721 0 0
66.7547 43.7164 0 0
66.6485 43.6971 0 0
66.5402 43.6843 0 0
66.4328 43.6782 0 0
66.3271 43.6575 0 0
66.219 43.6432 0 0
66.1112 43.6356 0 0
66.0054 43.6133 0 0
65.8969 43.5971 0 0
65.788 43.587 0 0
65.6817 43.5614 0 0
65.5719 43.5408 0 0
65.4609 43.5244 0 0
65.3534 43.4907 0 0
65.2407 43.4594 0 0
65.1238 43.4324 0 0
65.004 43.4084 0 0
64.8818 43.3866 0 0
64.7568 43.3718 0 0
64.6356 43.3947 0 0
64.5617 43.4847 0 0
64.5012 43.5786 0 0
64.4383 43.6661 0 0
64.3667 43.7432 0 0
64.2847 43.8063 0 0
64.1933 43.8527 0 0
64.0953 43.8813 0 0
63.994 43.8928 0 0
63.8922 43.8881 0 0
63.7927 43.8657 0 0
63.6988 43.8245 0 0
63.614 43.7652 0 0
63.54 43.6905 0 0
63.475 43.6044 0 0
63.413 43.5113 0 0
63.3383 43.4217 0 0
63.2175 43.3981 0 0
63.0927 43.4116 0 0
62.9703 43.4315 0 0
62.8498 43.4529 0 0
62.7311 43.4759 0 0
62.615 43.5018 0 0
62.5028 43.532 0 0
62.3955 43.5644 0 0
62.2849 43.5792 0 0
62.1751 43.598 0 0
62.0685 43.6216 0 0
61.9596 43.6291 0 0
61.8503 43.6421 0 0
61.743 43.6603 0 0
61.634 43.6625 0 0
61.5233 43.6706 0 0
61.4141 43.6883 0 0
61.3082 43.7115 0 0
61.2002 43.7192 0 0
61.0921 43.7328 0 0
60.9867 43.7523 0 0
60.8795 43.7569 0 0
60.7719 43.7682 0 0
60.6666 43.786 0 0
60.5599 43.7891 0 0
60.4525 43.7992 0 0
60.347 43.8159 0 0
60.2403 43.8179 0 0
60.1325 43.8268 0 0
60.0264 43.8422 0 0
59.9192 43.8427 0 0
59.8106 43.8495 0 0
59.7032 43.8621 0 0
59.5949 43.8592 0 0
59.4845 43.8625 0 0
59.3748 43.8758 0 0
59.2682 43.8949 0 0
59.1601 43.8985 0 0
59.0516 43.908 0 0
58.9455 43.9236 0 0
58.8383 43.9243 0 0
58.7304 43.9318 0 0
58.6245 43.9458 0 0
58.5178 43.9452 0 0
58.41 43.9515 0 0
58.3041 43.9645 0 0
58.1974 43.963 0 0
58.0896 43.9684 0 0
57.9835 43.9806 0 0
57.8766 43.9781 0 0
57.7684 43.9824 0 0
57.6616 43.9932 0 0
57.5543 43.9889 0 0
57.4452 43.9909 0 0
57.3371 43.9984 0 0
57.2288 43.9901 0 0
57.118 43.9875 0 0
57.0074 43.9944 0 0
56.8994 44.0069 0 0
56.7909 44.0034 0 0
56.6817 44.0053 0 0
56.5743 44.0131 0 0
56.467 44.0055 0 0
56.3583 44.0042 0 0
56.2513 44.0091 0 0
56.1446 43.999 0 0
56.0363 43.9952 0 0
55.9292 43.998 0 0
55.8228 43.9859 0 0
55.7144 43.9802 0 0
55.6069 43.9811 0 0
55.5003 43.9671 0 0
55.3915 43.9591 0 0
55.2831 43.957 0 0
55.176 43.9395 0 0
55.0659 43.9278 0 0
54.9552 43.9259 0 0
54.8467 43.9302 0 0
54.7389 43.9191 0 0
54.6299 43.9137 0 0
54.5225 43.9147 0 0
54.4159 43.9008 0 0
54.3077 43.8935 0 0
54.2007 43.893 0 0
54.0948 43.8778 0 0
53.987 43.8694 0 0
53.8801 43.868 0 0
53.7743 43.852 0 0
53.6666 43.8428 0 0
53.5595 43.8405 0 0
53.4538 43.8236 0 0
53.3458 43.8133 0 0
53.2384 43.8096 0 0
53.1324 43.7912 0 0
53.0239 43.7788 0 0
52.9156 43.7723 0 0
52.8092 43.7504 0 0
52.6995 43.7343 0 0
52.5889 43.728 0 0
52.4802 43.7279 0 0
52.3728 43.7124 0 0
52.2639 43.7027 0 0
52.1564 43.6993 0 0
52.0503 43.6811 0 0
51.9423 43.6694 0 0
51.8352 43.6645 0 0
51.7298 43.6451 0 0
51.6222 43.6323 0 0
51.5151 43.6264 0 0
51.4098 43.606 0 0
51.3021 43.592 0 0
51.1947 43.5848 0 0
51.0893 43.5628 0 0
50.9811 43.5467 0 0
50.873 43.5365 0 0
50.7672 43.5111 0 0
50.658 43.4912 0 0
50.5475 43.4812 0 0
50.4387 43.4773 0 0
50.3317 43.4582 0 0
50.2232 43.4448 0 0
50.1157 43.4378 0 0
50.0102 43.4161 0 0
49.9026 43.4007 0 0
49.7956 43.3923 0 0
49.6908 43.3694 0 0
49.5836 43.353 0 0
49.4767 43.3436 0 0
49.3721 43.3199 0 0
49.265 43.3027 0 0
49.1581 43.2923 0 0
49.0535 43.2676 0 0
48.9462 43.2491 0 0
48.8388 43.2373 0 0
48.7341 43.2107 0 0
48.6263 43.1899 0 0
48.518 43.1747 0 0
48.4129 43.1442 0 0
48.3039 43.1187 0 0
48.1926 43.1021 0 0
48.0823 43.0908 0 0
47.975 43.0632 0 0
47.8647 43.0395 0 0
47.7539 43.0193 0 0
47.6471 42.9816 0 0
47.5354 42.9459 0 0
47.4195 42.9142 0 0
47.3008 42.8853 0 0
47.1798 42.8587 0 0
47.0557 42.8392 0 0
46.9344 42.8584 0 0
46.8617 42.9481 0 0
46.8048 43.0432 0 0
46.7476 43.1337 0 0
46.6826 43.2153 0 0
46.6066 43.2843 0 0
46.5199 43.3373 0 0
46.425 43.3726 0 0
46.3254 43.3899 0 0
46.2243 43.3888 0 0
46.1252 43.3679 0 0
46.0322 43.3267 0 0
45.9491 43.2666 0 0
45.877 43.1911 0 0
45.8138 43.1047 0 0
45.7528 43.0118 0 0
45.6783 42.9227 0 0
45.5589 42.9013 0 0
45.4365 42.918 0 0
45.317 42.9414 0 0
45.1994 42.9664 0 0
45.0838 42.9932 0 0
44.971 43.0229 0 0
44.8623 43.0572 0 0
44.7586 43.0935 0 0
44.6508 43.1117 0 0
44.5441 43.134 0 0
44.4409 43.1612 0 0
44.3348 43.1723 0 0
44.2289 43.1895 0 0
44.126 43.2128 0 0
44.0207 43.2208 0 0
43.9151 43.2356 0 0
43.812 43.257 0 0
43.707 43.2634 0 0
43.6013 43.2767 0 0
43.498 43.2967 0 0
43.3929 43.3017 0 0
43.287 43.3136 0 0
43.1832 43.3321 0 0
43.0777 43.3352 0 0
42.9711 43.3449 0 0
42.8659 43.3602 0 0
42.7595 43.3595 0 0
42.6511 43.3652 0 0
42.5438 43.3814 0 0
42.4397 43.4035 0 0
42.3336 43.4097 0 0
42.2271 43.4217 0 0
42.1232 43.4399 0 0
42.0177 43.4427 0 0
41.9115 43.4523 0 0
41.8075 43.4686 0 0
41.7022 43.4699 0 0
41.5959 43.4782 0 0
41.4917 43.4932 0 0
41.3864 43.4933 0 0
41.2799 43.5002 0 0
41.1752 43.5137 0 0
41.0696 43.5119 0 0
40.9624 43.5165 0 0
40.8565 43.5268 0 0
40.7501 43.5211 0 0
40.6414 43.5217 0 0
40.5332 43.5327 0 0
40.4278 43.5495 0 0
40.3213 43.5503 0 0
40.2141 43.5566 0 0
40.109 43.569 0 0
40.0033 43.5656 0 0
39.8964 43.5687 0 0
39.7912 43.5781 0 0
39.6858 43.5722 0 0
39.579 43.5728 0 0
39.4737 43.58 0 0
39.3685 43.5718 0 0
39.2617 43.5702 0 0
39.1562 43.5752 0 0
39.0511 43.5649 0 0
38.9443 43.561 0 0
38.8385 43.5637 0 0
38.7334 43.5508 0 0
38.6262 43.544 0 0
38.5196 43.543 0 0
38.4142 43.526 0 0
38.3058 43.515 0 0
38.197 43.5143 0 0
38.0903 43.5199 0 0
37.9842 43.5096 0 0
37.877 43.5052 0 0
37.7713 43.5071 0 0
37.6664 43.4938 0 0
37.5597 43.487 0 0
37.4542 43.4872 0 0
37.3498 43.4723 0 0
37.2433 43.4641 0 0
37.1378 43.4629 0 0
37.0336 43.4467 0 0
36.9271 43.4371 0 0
36.8213 43.4343 0 0
36.7171 43.4163 0 0
36.6103 43.4044 0 0
36.5038 43.3984 0 0
36.3991 43.3767 0 0
36.2913 43.3608 0 0
36.1824 43.3553 0 0
36.0755 43.356 0 0
35.9698 43.341 0 0
35.8628 43.3317 0 0
35.7569 43.3289 0 0
35.6526 43.311 0 0
35.5463 43.2996 0 0
35.4409 43.2952 0 0
35.3372 43.2759 0 0
35.2311 43.2633 0 0
35.1258 43.2576 0 0
35.0223 43.2372 0 0
34.9165 43.2234 0 0
34.8111 43.2166 0 0
34.7078 43.1949 0 0
34.6019 43.1798 0 0
34.4963 43.1716 0 0
34.3929 43.1483 0 0
34.2867 43.131 0 0
34.1804 43.1196 0 0
34.0768 43.0926 0 0
33.9697 43.0713 0 0
33.8611 43.0602 0 0
33.7541 43.0555 0 0
33.6492 43.0351 0 0
33.5425 43.0204 0 0
33.4368 43.0122 0 0
33.3333 42.989 0 0
33.2275 42.9721 0 0
33.1222 42.9622 0 0
33.0193 42.9376 0 0
32.9138 42.9194 0 0
32.8086 42.9081 0 0
32.706 42.8821 0 0
32.6006 42.8625 0 0
32.4953 42.8497 0 0
32.3928 42.822 0 0
32.2873 42.8001 0 0
32.1814 42.7841 0 0
32.0788 42.7527 0 0
31.9726 42.7267 0 0
31.8643 42.7108 0 0
31.7574 42.7014 0 0
31.6532 42.6762 0 0
31.547 42.6565 0 0
31.4413 42.6432 0 0
31.3386 42.6149 0 0
31.2331 42.5925 0 0
31.1276 42.5769 0 0
31.0255 42.5463 0 0
30.9202 42.5215 0 0
30.8141 42.5027 0 0
30.7119 42.4684 0 0
30.606 42.4387 0 0
30.4986 42.4132 0 0
30.3964 42.3702 0 0
30.289 42.3292 0 0
30.1772 42.2925 0 0
30.0624 42.259 0 0
29.9455 42.2275 0 0
29.8265 42.1983 0 0
29.7044 42.177 0 0
29.5853 42.1965 0 0
29.5196 42.2899 0 0
29.4759 42.3904 0 0
29.4374 42.4889 0 0
29.3953 42.5829 0 0
29.3425 42.6691 0 0
29.2752 42.7431 0 0
29.193 42.7995 0 0
29.0995 42.8336 0 0
29.0002 42.8421 0 0
28.9023 42.8239 0 0
28.8123 42.7806 0 0
28.7341 42.7168 0 0
28.6673 42.6387 0 0
28.6067 42.5522 0 0
28.5435 42.4626 0 0
28.4622 42.3816 0 0
28.3445 42.3775 0 0
28.2309 42.4138 0 0
28.1222 42.4578 0 0
28.0165 42.504 0 0
27.9144 42.5532 0 0
27.8175 42.6064 0 0
27.7256 42.6604 0 0
27.6259 42.6958 0 0
27.5277 42.7346 0 0
27.4336 42.7773 0 0
27.3337 42.8029 0 0
27.2349 42.8344 0 0
27.1396 42.8715 0 0
27.0396 42.8925 0 0
26.9401 42.9199 0 0
26.8437 42.9533 0 0
26.743 42.9703 0 0
26.6421 42.9937 0 0
26.5434 43.0224 0 0
26.4411 43.0342 0 0
26.3378 43.0528 0 0
26.2372 43.0824 0 0
26.1405 43.1177 0 0
26.0395 43.1364 0 0
25.9391 43.1608 0 0
25.8417 43.1909 0 0
25.7408 43.2048 0 0
25.6402 43.2255 0 0
25.5424 43.2526 0 0
25.4415 43.2638 0 0
25.3405 43.2822 0 0
25.2421 43.3071 0 0
25.141 43.3161 0 0
25.0395 43.3322 0 0
24.9401 43.3547 0 0
24.8384 43.3608 0 0
24.7357 43.3734 0 0
24.6346 43.3915 0 0
24.5316 43.3926 0 0
24.4269 43.4003 0 0
24.3236 43.4194 0 0
24.2236 43.4443 0 0
24.1211 43.4522 0 0
24.0185 43.4658 0 0
23.9184 43.4853 0 0
23.8165 43.4883 0 0
23.7141 43.498 0 0
23.6139 43.5145 0 0
23.5123 43.5149 0 0
23.4099 43.5224 0 0
23.3094 43.5368 0 0
23.2079 43.5351 0 0
23.1053 43.5406 0 0
23.0045 43.553 0 0
22.903 43.5493 0 0
22.8002 43.5527 0 0
22.6986 43.5627 0 0
22.5968 43.5562 0 0
22.4932 43.556 0 0
22.3905 43.5617 0 0
22.288 43.5502 0 0
22.183 43.5452 0 0
22.0781 43.5516 0 0
21.9758 43.5644 0 0
21.8729 43.5602 0 0
21.7693 43.5617 0 0
21.6675 43.5696 0 0
21.5657 43.5609 0 0
21.4627 43.5589 0 0
21.361 43.5639 0 0
21.2599 43.5528 0 0
21.157 43.5486 0 0
21.0553 43.5514 0 0
20.9544 43.5382 0 0
20.8514 43.5318 0 0
20.7493 43.5322 0 0
20.6485 43.5163 0 0
20.5453 43.5064 0 0
20.4423 43.5024 0 0
20.3413 43.4814 0 0
20.2371 43.4666 0 0
20.132 43.4631 0 0
20.0288 43.4661 0 0
19.9267 43.4522 0 0
19.8234 43.444 0 0
19.7212 43.4422 0 0
19.6206 43.424 0 0
19.5181 43.4125 0 0
19.4164 43.4081 0 0
19.3166 43.3878 0 0
19.2145 43.3743 0 0
19.1129 43.3679 0 0
19.0135 43.3458 0 0
18.9117 43.3303 0 0
18.8101 43.3221 0 0
18.7111 43.298 0 0
18.6093 43.2805 0 0
18.5077 43.27 0 0
18.409 43.2435 0 0
18.3073 43.2227 0 0
18.2053 43.2078 0 0
18.1069 43.1763 0 0
18.0048 43.1505 0 0
17.9005 43.1358 0 0
17.7974 43.1279 0 0
17.6973 43.1032 0 0
17.5952 43.0839 0 0
17.4937 43.0712 0 0
17.3955 43.0425 0 0
17.2945 43.0202 0 0
17.1936 43.005 0 0
17.0963 42.9742 0 0
16.9959 42.9499 0 0
16.8952 42.9326 0 0
16.7985 42.8999 0 0
16.6985 42.8735 0 0
16.598 42.854 0 0
16.5018 42.8188 0 0
16.4022 42.7891 0 0
16.3017 42.7652 0 0
16.2063 42.7252 0 0
16.1067 42.6905 0 0
16.0039 42.6665 0 0
15.9018 42.6494 0 0
15.8041 42.6159 0 0
15.704 42.5877 0 0
15.6038 42.5661 0 0
15.5083 42.5288 0 0
15.4096 42.4976 0 0
15.3102 42.4735 0 0
15.2157 42.4343 0 0
15.1177 42.4011 0 0
15.0187 42.3749 0 0
14.9251 42.3337 0 0
14.8276 42.2983 0 0
14.7289 42.2697 0 0
14.6359 42.2259 0 0
14.5389 42.1875 0 0
14.4403 42.155 0 0
14.3483 42.1065 0 0
14.2519 42.0619 0 0
14.1538 42.0211 0 0
14.0641 41.9628 0 0
13.9694 41.9058 0 0
13.8693 41.8533 0 0
13.7654 41.8049 0 0
13.6587 41.7601 0 0
13.5493 41.7186 0 0
13.4372 41.6817 0 0
13.3206 41.6568 0 0
13.2076 41.6813 0 0
13.1651 41.7866 0 0
13.1589 41.8957 0 0
13.1728 42.0003 0 0
13.2006 42.0993 0 0
13.2347 42.1945 0 0
13.2616 42.2907 0 0
13.2621 42.3894 0 0
13.2191 42.4773 0 0
13.1343 42.5252 0 0
13.0371 42.5155 0 0
12.9551 42.4607 0 0
12.8925 42.3834 0 0
12.8373 42.2989 0 0
12.7769 42.2161 0 0
12.7036 42.1403 0 0
12.6147 42.0761 0 0
12.5062 42.0372 0 0
12.4077 42.087 0 0
12.3416 42.1761 0 0
12.2959 42.2757 0 0
12.2867 42.3805 0 0
12.2905 42.4806 0 0
12.2733 42.5771 0 0
12.2583 42.6734 0 0
12.2446 42.7681 0 0
12.2053 42.8555 0 0
12.1697 42.9455 0 0
12.1469 43.0393 0 0
12.1296 43.1327 0 0
12.0891 43.2181 0 0
12.0514 43.3055 0 0
12.0176 43.3932 0 0
11.9625 43.4693 0 0
11.9111 43.5488 0 0
11.8647 43.6302 0 0
11.7998 43.6977 0 0
11.7383 43.7693 0 0
11.6816 43.8436 0 0
11.6086 43.902 0 0
11.5387 43.965 0 0
11.4735 44.0317 0 0
11.3943 44.0809 0 0
11.3178 44.1355 0 0
11.2457 44.1944 0 0
11.1615 44.2342 0 0
11.0789 44.279 0 0
10.9995 44.3276 0 0
10.9104 44.3568 0 0
10.8229 44.3938 0 0
10.7432 44.4453 0 0
10.6694 44.5026 0 0
10.585 44.5416 0 0
10.5023 44.5855 0 0
10.4234 44.6337 0 0
10.3356 44.6625 0 0
10.2494 44.6979 0 0
10.167 44.7394 0 0
10.0775 44.7618 0 0
9.98928 44.7914 0 0
9.90449 44.8275 0 0
9.81391 44.8443 0 0
9.72418 44.8686 0 0
9.63742 44.8994 0 0
9.5459 44.9102 0 0
9.45446 44.9273 0 0
9.3651 44.95 0 0
9.27238 44.9534 0 0
9.17909 44.9662 0 0
9.08998 44.9965 0 0
9.00575 45.0351 0 0
8.91585 45.0551 0 0
8.82681 45.0813 0 0
8.74076 45.1135 0 0
8.64983 45.1262 0 0
8.55952 45.1466 0 0
8.47215 45.1743 0 0
8.38091 45.1835 0 0
8.29001 45.2007 0 0
8.20175 45.2253 0 0
8.1103 45.2313 0 0
8.01888 45.2453 0 0
7.92985 45.2669 0 0
7.83828 45.27 0 0
7.74646 45.2811 0 0
7.65671 45.2998 0 0
7.56498 45.299 0 0
7.4725 45.305 0 0
7.38144 45.3174 0 0
7.28918 45.3111 0 0
7.19536 45.3148 0 0
7.10407 45.3368 0 0
7.01703 45.3679 0 0
6.92604 45.3809 0 0
6.83546 45.4004 0 0
6.74748 45.4263 0 0
6.65605 45.4331 0 0
6.56476 45.4477 0 0
6.47595 45.4701 0 0
6.38443 45.4743 0 0
6.29281 45.4866 0 0
6.20345 45.5068 0 0
6.11186 45.5086 0 0
6.01992 45.5186 0 0
5.92995 45.5363 0 0
5.83822 45.5347 0 0
5.74568 45.54 0 0
5.6545 45.5517 0 0
5.56224 45.545 0 0
5.46835 45.5483 0 0
5.37692 45.5698 0 0
5.28969 45.6006 0 0
5.1986 45.6133 0 0
5.10792 45.6326 0 0
5.01983 45.6584 0 0
4.92834 45.6651 0 0
4.83698 45.6798 0 0
4.74813 45.7023 0 0
4.65655 45.7065 0 0
4.56487 45.719 0 0
4.47546 45.7393 0 0
4.38379 45.7413 0 0
4.29178 45.7513 0 0
4.2018 45.7693 0 0
4.11006 45.7688 0 0
4.01772 45.7765 0 0
3.92712 45.7919 0 0
3.83527 45.7878 0 0
3.74238 45.7906 0 0
3.65061 45.7997 0 0
3.55836 45.79 0 0
3.4641 45.7899 0 0
3.37149 45.8077 0 0
3.28253 45.8345 0 0
3.1905 45.8424 0 0
3.09842 45.8566 0 0
3.00844 45.8772 0 0
2.9162 45.8778 0 0
2.82344 45.886 0 0
2.73246 45.9017 0 0
2.64021 45.898 0 0
2.54703 45.9019 0 0
2.45518 45.9131 0 0
2.36306 45.9047 0 0
2.26954 45.9035 0 0
2.17686 45.9093 0 0
2.08522 45.8941 0 0
1.99158 45.8845 0 0
1.89811 45.8803 0 0
1.80751 45.855 0 0
1.71352 45.837 0 0
1.61764 45.8346 0 0
1.52308 45.8394 0 0
1.43055 45.8219 0 0
1.33631 45.8087 0 0
1.24219 45.8 0 0
1.15318 45.7685 0 0
1.06142 45.7411 0 0
0.968893 45.7185 0 0
0.885173 45.6729 0 0
0.798558 45.6295 0 0
0.71103 45.5879 0 0
0.637524 45.5233 0 0
0.560283 45.4583 0 0
0.475862 45.3988 0 0
0.385784 45.3442 0 0
0.290703 45.2938 0 0
0.188164 45.2538 0 0
0.077795 45.2592 0 0
-0.00141912 45.3425 0 0
-0.0556355 45.4375 0 0
-0.0934694 45.5357 0 0
-0.114422 45.6358 0 0
-0.116366 45.7365 0 0
-0.10084 45.8352 0 0
-0.0724574 45.9311 0 0
-0.0357012 46.0241 0 2
0.00528746 46.1154 0 2
0.0466305 46.2065 0 2
0.084506 46.2992 0 2
0.114935 46.3944 0 2
0.133677 46.4926 0 2
0.136367 46.5925 0 2
0.119019 46.6907 0 2
0.0789494 46.782 0 2
0.015968 46.8591 0 2
-0.0666664 46.9145 0 2
-0.162205 46.9422 0 2
-0.261666 46.9395 0 2
-0.356004 46.9077 0 2
-0.438158 46.8512 0 2
-0.504144 46.7764 0 2
-0.553001 46.6893 0 2
-0.586058 46.595 0 2
-0.606034 46.497 0 2
-0.616315 46.3975 0 2
-0.620514 46.2975 0 2
-0.622268 46.1974 0 2
-0.625183 46.0974 0 2
-0.63284 45.9976 0 2
-0.648787 45.8987 0 2
-0.676222 45.8015 0 2
-0.716474 45.7074 0 2
-0.770443 45.6179 0 2
-0.840285 45.5362 0 2
-0.933498 45.4763 0 2
-1.03834 45.5054 0 2
-1.12918 45.5628 0 2
-1.22386 45.6121 0 2
-1.31847 45.6614 0 2
-1.42019 45.6938 0 2
-1.52226 45.7314 0 2
-1.62219 45.7728 0 2
-1.72749 45.7978 0 2
-1.83363 45.8266 0 2
-1.9382 45.8583 0 2
-2.04663 45.8723 0 2
-2.15656 45.889 0 2
-2.26568 45.9077 0 2
-2.3766 45.9074 0 2
-2.48998 45.9089 0 2
-2.60377 45.9152 0 2
-2.716 45.9221 0 2
-2.82769 45.9089 0 2
-2.9414 45.8961 0 2
-3.05555 45.8871 0 2
-3.16793 45.8787 0 2
-3.27699 45.8503 0 2
-3.38787 45.8221 0 2
-3.49954 45.798 0 2
-3.60939 45.7756 0 2
-3.71346 45.7342 0 2
-3.81902 45.6933 0 2
-3.92402 45.6533 0 2
-4.0205 45.5954 0 2
-4.11966 45.5373 0 2
-4.22114 45.482 0 2
-4.32163 45.4268 0 2
-4.41083 45.354 0 2
-4.50255 45.2788 0 2
-4.59908 45.2063 0 2
-4.70755 45.1518 0 2
-4.80907 45.2035 0 2
-4.88996 45.2773 0 2
-4.9571 45.3588 0 2
-5.01195 45.4458 0 2
-5.05339 45.5381 0 2
-5.08102 45.6343 0 2
-5.09642 45.733 0 2
-5.10208 45.8328 0 2
-5.10064 45.9328 0 2
-5.09478 46.0326 0 2
-5.08716 46.1323 0 2
-5.08041 46.2321 0 2
-5.07715 46.332 0 2
-5.07994 46.4319 0 2
-5.09133 46.5313 0 2
-5.11369 46.6287 0 2
-5.14904 46.7221 0 2
-5.1988 46.8087 0 2
-5.26341 46.8847 0 2
-5.34197 46.9462 0 2
-5.43201 46.9891 0 2
-5.5295 47.01 0 2
-5.62913 47.0069 0 2
-5.72505 46.9798 0 2
-5.81163 46.9304 0 2
-5.88431 46.8621 0 2
-5.94006 46.7794 0 2
-5.9776 46.6869 0 2
-5.99716 46.589 0 2
-6.00013 46.4891 0 2
-5.98864 46.3899 0 2
-5.96519 46.2927 0 2
-5.93233 46.1983 0 2
-5.89256 46.1066 0 2
-5.8482 46.0169 0 2
-5.80147 45.9285 0 2
-5.75448 45.8403 0 2
-5.70936 45.751 0 2
-5.66828 45.6599 0 2
-5.63351 45.5662 0 2
-5.60748 45.4698 0 2
-5.59257 45.3709 0 2
-5.59075 45.27 0 2
-5.60247 45.1685 0 2
-5.62789 45.0672 0 2
-5.66956 44.9679 0 2
-5.73837 44.8806 0 2
-5.85151 44.8693 0 2
-5.96424 44.8868 0 2
-6.07299 44.9119 0 2
-6.1837 44.9213 0 2
-6.29446 44.9343 0 2
-6.40245 44.9518 0 2
-6.51147 44.9516 0 2
-6.62063 44.951 0 2
-6.72863 44.9329 0 2
-6.83969 44.9191 0 2
-6.95095 44.9086 0 2
-7.05941 44.8806 0 2
-7.17114 44.8544 0 2
-7.28453 44.8327 0 2
-7.39667 44.8122 0 2
-7.5038 44.7731 0 2
-7.61312 44.734 0 2
-7.7239 44.6986 0 2
-7.83313 44.6643 0 2
-7.93503 44.6121 0 2
-8.03883 44.5599 0 2
-8.14413 44.5115 0 2
-8.24805 44.4654 0 2
-8.34278 44.4028 0 2
-8.43918 44.3405 0 2
-8.53529 44.2797 0 2
-8.62005 44.2036 0 2
-8.70753 44.1269 0 2
-8.79794 44.0527 0 2
-8.88747 43.9792 0 2
-8.96311 43.8912 0 2
-9.04036 43.8009 0 2
-9.12 43.7107 0 2
-9.20108 43.6214 0 2
-9.28565 43.5364 0 2
-9.38361 43.4716 0 2
-9.4932 43.4952 0 2
-9.58978 43.5439 0 2
-9.67629 43.6031 0 2
-9.75387 43.6699 0 2
-9.82258 43.7438 0 2
-9.88266 43.8237 0 2
-9.93539 43.9085 0 2
-9.98223 43.9967 0 2
-10.0248 44.0871 0 2
-10.065 44.1786 0 2
-10.1046 44.2704 0 2
-10.1455 44.3616 0 2
-10.1898 44.4512 0 2
-10.239 44.5382 0 2
-10.2949 44.6211 0 2
-10.3585 44.6981 0 2
-10.4309 44.767 0 2
-10.512 44.8253 0 2
-10.6012 44.8701 0 2
-10.6969 44.8985 0 2
-10.7962 44.908 0 2
-10.8954 44.8969 0 2
-10.9896 44.8644 0 2
-11.0742 44.8116 0 2
-11.1443 44.7407 0 2
-11.1962 44.6556 0 2
-11.2278 44.561 0 2
-11.2383 44.4618 0 2
-11.2286 44.3625 0 2
-11.2008 44.2667 0 2
-11.1576 44.1767 0 2
-11.102 44.0937 0 2
-11.0371 44.0178 0 2
-10.9655 43.9481 0 2
-10.8894 43.8833 0 2
-10.811 43.8214 0 2
-10.7319 43.7603 0 2
-10.654 43.6978 0 2
-10.5792 43.6317 0 2
-10.5095 43.5602 0 2
-10.4477 43.4819 0 2
-10.3965 43.396 0 2
-10.3579 43.3027 0 2
-10.3326 43.2037 0 2
-10.3209 43.0999 0 2
-10.3256 42.9924 0 2
-10.3606 42.8871 0 2
-10.4655 42.8391 0 2
-10.5794 42.8176 0 2
-10.6923 42.8042 0 2
-10.8019 42.7762 0 2
-10.9127 42.7513 0 2
-11.0224 42.7312 0 2
-11.1274 42.6952 0 2
-11.2325 42.659 0 2
-11.3314 42.6072 0 2
-11.4345 42.5584 0 2
-11.5387 42.5124 0 2
-11.6353 42.4515 0 2
-11.7355 42.3913 0 2
-11.8383 42.335 0 2
-11.9405 42.2811 0 2
-12.0331 42.2121 0 2
-12.1276 42.1434 0 2
-12.2222 42.0761 0 2
-12.3053 41.9949 0 2
-12.3911 41.9129 0 2
-12.4797 41.8331 0 2
-12.5673 41.7544 0 2
-12.6413 41.6626 0 2
-12.7167 41.5691 0 2
-12.7945 41.4766 0 2
-12.8737 41.3866 0 2
-12.9516 41.2994 0 2
-13.0148 41.2013 0 2
-13.0792 41.103 0 2
-13.1436 41.0066 0 2
-13.1924 40.9013 0 2
-13.2434 40.7948 0 2
-13.2979 40.6901 0 2
-13.3524 40.5878 0 2
-13.3914 40.4784 0 2
-13.4361 40.3697 0 2
-13.5031 40.2743 0 2
-13.613 40.2567 0 2
-13.7204 40.2658 0 2
-13.8232 40.285 0 2
-13.9227 40.3095 0 2
-14.0198 40.3373 0 2
-14.1154 40.3674 0 2
-14.2101 40.3994 0 2
-14.3043 40.4328 0 2
-14.3982 40.467 0 2
-14.492 40.5014 0 2
-14.5861 40.5352 0 2
-14.6807 40.5676 0 2
-14.7761 40.5977 0 2
-14.8724 40.6245 0 2
-14.9698 40.647 0 2
-15.0684 40.6639 0 2
-15.1679 40.6739 0 2
-15.2679 40.6756 0 2
-15.3675 40.6676 0 2
-15.4656 40.6482 0 2
-15.5603 40.6163 0 2
-15.6492 40.5708 0 2
-15.7294 40.5113 0 2
-15.7974 40.4382 0 2
-15.8494 40.3531 0 2
-15.8822 40.2589 0 2
-15.893 40.1598 0 2
-15.8807 40.0609 0 2
-15.8459 39.9676 0 2
-15.7907 39.8846 0 2
-15.7189 39.8155 0 2
-15.6347 39.7621 0 2
-15.5423 39.7245 0 2
-15.4452 39.7013 0 2
-15.346 39.6901 0 2
-15.2462 39.6878 0 2
-15.1463 39.6908 0 2
-15.0466 39.6958 0 2
-14.9468 39.6988 0 2
-14.847 39.6962 0 2
-14.7479 39.684 0 2
-14.6515 39.6588 0 2
-14.5604 39.6175 0 2
-14.4776 39.5596 0 2
-14.4047 39.4874 0 2
-14.3422 39.4029 0 2
-14.2929 39.3063 0 2
-14.273 39.196 0 2
-14.3602 39.1088 0 2
-14.4594 39.0405 0 2
-14.5509 38.9633 0 2
-14.6431 38.8871 0 2
-14.7348 38.8139 0 2
-14.8156 38.7293 0 2
-14.899 38.6464 0 2
-14.9836 38.5679 0 2
-15.0565 38.4789 0 2
-15.1293 38.3897 0 2
-15.1894 38.291 0 2
-15.2539 38.1922 0 2
-15.3202 38.095 0 2
-15.3728 37.9892 0 2
-15.4283 37.8821 0 2
-15.4872 37.7765 0 2
-15.5462 37.673 0 2
-15.5901 37.5623 0 2
-15.6353 37.4509 0 2
-15.6811 37.3408 0 2
-15.7109 37.2252 0 2
-15.7425 37.1079 0 2
-15.7773 36.9914 0 2
-15.8128 36.8772 0 2
-15.8316 36.7592 0 2
-15.8517 36.6402 0 2
-15.8724 36.5223 0 2
-15.8761 36.4024 0 2
-15.8808 36.2801 0 2
-15.8882 36.1575 0 2
-15.8956 36.0363 0 2
-15.885 35.9152 0 2
-15.8739 35.7916 0 2
-15.8645 35.6671 0 2
-15.8598 35.5428 0 2
-15.8775 35.4226 0 2
-15.9673 35.3559 0 2
-16.0659 35.3111 0 2
-16.1638 35.2728 0 2
-16.2593 35.2348 0 2
-16.3523 35.1944 0 2
-16.4428 35.1507 0 2
-16.5311 35.1036 0 2
-16.6181 35.0539 0 2
-16.7038 35.0022 0 2
-16.7886 34.9489 0 2
-16.8725 34.8943 0 2
-16.9558 34.8386 0 2
-17.0383 34.7818 0 2
-17.1201 34.724 0 2
-17.2009 34.6649 0 2
-17.2806 34.6042 0 2
-17.3587 34.5415 0 2
-17.4347 34.4763 0 2
-17.5079 34.408 0 2
-17.5774 34.3359 0 2
-17.642 34.2594 0 2
-17.7002 34.178 0 2
-17.7502 34.0913 0 2
-17.7897 33.9994 0 2
-17.8162 33.903 0 2
-17.8271 33.8037 0 2
-17.8197 33.7041 0 2
-17.7923 33.6082 0 2
-17.7443 33.5208 0 2
-17.677 33.4473 0 2
-17.5937 33.3928 0 2
-17.4994 33.3607 0 2
-17.4001 33.3525 0 2
-17.3016 33.3671 0 2
-17.2081 33.4017 0 2
-17.1221 33.4524 0 2
-17.0444 33.5151 0 2
-16.9738 33.5858 0 2
-16.9082 33.6612 0 2
-16.8448 33.7385 0 2
-16.7802 33.8148 0 2
-16.7114 33.8872 0 2
-16.6356 33.9522 0 2
-16.551 34.0052 0 2
-16.4576 34.0411 0 2
-16.3577 34.0565 0 2
-16.255 34.0512 0 2
-16.1526 34.0271 0 2
-16.0532 33.9836 0 2
-15.9687 33.9096 0 2
-15.9838 33.7815 0 2
-16.0184 33.6584 0 2
-16.0552 33.5397 0 2
-16.0762 33.4178 0 2
-16.0971 33.2954 0 2
-16.118 33.1748 0 2
-16.1225 33.0526 0 2
-16.1279 32.9287 0 2
-16.1362 32.8056 0 2
-16.1465 32.6853 0 2
-16.1403 32.5652 0 2
-16.1321 32.4451 0 2
-16.1075 32.3268 0 2
-16.0842 32.2049 0 2
-16.0633 32.0817 0 2
-16.0422 31.9597 0 2
-16.0045 31.8416 0 2
-15.9655 31.7211 0 2
-15.9268 31.5997 0 2
-15.8866 31.4795 0 2
-15.8293 31.3662 0 2
-15.7688 31.2506 0 2
-15.7059 31.1336 0 2
-15.6397 31.0167 0 2
-15.5699 30.9009 0 2
-15.4962 30.7869 0 2
-15.4187 30.6751 0 2
-15.3378 30.5658 0 2
-15.2537 30.4589 0 2
-15.1684 30.3533 0 2
-15.0943 30.2407 0 2
-15.1221 30.1273 0 2
-15.1655 30.0235 0 2
-15.2067 29.9228 0 2
-15.2401 29.8219 0 2
-15.2636 29.72 0 2
-15.2777 29.6174 0 2
-15.2839 29.5146 0 2
-15.285 29.4116 0 2
-15.2821 29.3086 0 2
-15.2757 29.2058 0 2
-15.2651 29.1034 0 2
-15.2486 29.0018 0 2
-15.2234 28.9021 0 2
-15.1845 28.8067 0 2
-15.1294 28.7191 0 2
-15.0578 28.6431 0 2
-14.9719 28.5808 0 2
-14.8753 28.5308 0 2
