-6.17905 25.1053 0 1
-6.06634 25.087 0 1
-5.9979 24.992 0 1
-5.96511 24.8767 0 1
-5.93919 24.7609 0 1
-5.91346 24.6462 0 1
-5.88736 24.5327 0 1
-5.86156 24.4204 0 1
-5.8375 24.3094 0 1
-5.817 24.1999 0 1
-5.79774 24.0938 0 1
-5.75698 23.9946 0 1
-5.71715 23.8948 0 1
-5.67945 23.7961 0 1
-5.62277 23.7069 0 1
-5.56796 23.615 0 1
-5.52041 23.5194 0 1
-5.47702 23.424 0 1
-5.41623 23.3389 0 1
-5.35731 23.2515 0 1
-5.30143 23.1634 0 1
-5.2296 23.0875 0 1
-5.15953 23.0077 0 1
-5.09606 22.9224 0 1
-5.03614 22.8365 0 1
-4.9607 22.7639 0 1
-4.88658 22.6879 0 1
-4.81902 22.6063 0 1
-4.75576 22.5236 0 1
-4.67797 22.4548 0 1
-4.60158 22.383 0 1
-4.52795 22.3098 0 1
-4.44116 22.2522 0 1
-4.35513 22.1903 0 1
-4.27433 22.1213 0 1
-4.19676 22.0508 0 1
-4.10646 21.9978 0 1
-4.01558 21.9424 0 1
-3.92512 21.8863 0 1
-3.82381 21.8513 0 1
-3.71899 21.815 0 1
-3.61245 21.7751 0 1
-3.50392 21.7333 0 1
-3.39398 21.6879 0 1
-3.29329 21.6237 0 1
-3.20801 21.5445 0 1
-3.18487 21.4303 0 1
-3.17097 21.3199 0 1
-3.14554 21.2156 0 1
-3.0984 21.1222 0 1
-3.02622 21.0484 0 1
-2.93418 21.0017 0 1
-2.83154 20.9828 0 1
-2.72496 20.9852 0 1
-2.61554 20.9954 0 1
-2.50187 20.9904 0 1
-2.42377 20.9111 0 1
-2.3696 20.8131 0 1
-2.32764 20.7105 0 1
-2.29094 20.6092 0 1
-2.23717 20.5166 0 1
-2.1858 20.422 0 1
-2.13805 20.3271 0 1
-2.07431 20.2419 0 1
-2.01317 20.1528 0 1
-1.95962 20.0592 0 1
-1.91111 19.9651 0 1
-1.847 19.8811 0 1
-1.78529 19.7942 0 1
-1.72719 19.7062 0 1
-1.6544 19.6296 0 1
-1.58381 19.5485 0 1
-1.52034 19.4619 0 1
-1.4618 19.3741 0 1
-1.38882 19.2982 0 1
-1.31786 19.2192 0 1
-1.25029 19.1386 0 1
-1.16932 19.0713 0 1
-1.09 18.9992 0 1
-1.01709 18.9208 0 1
-0.948744 18.8406 0 1
-0.867306 18.7743 0 1
-0.787421 18.7046 0 1
-0.710635 18.633 0 1
-0.622046 18.5764 0 1
-0.53443 18.515 0 1
-0.452304 18.4465 0 1
-0.374318 18.3759 0 1
-0.284903 18.3209 0 1
-0.196401 18.2626 0 1
-0.110438 18.2022 0 1
-0.0146066 18.1588 0 1
0.0812657 18.1108 0 1
0.173258 18.0553 0 1
0.262279 17.9978 0 1
0.360819 17.9589 0 1
0.460226 17.9177 0 1
0.559203 17.8754 0 1
0.665574 17.8547 0 1
0.775673 17.8327 0 1
0.887949 17.8074 0 1
1.00229 17.7801 0 1
1.11775 17.7473 0 1
1.21845 17.6834 0 1
1.26007 17.5746 0 1
1.2894 17.4676 0 1
1.32355 17.3664 0 1
1.36998 17.2732 0 1
1.43206 17.1919 0 1
1.5097 17.1269 0 1
1.59956 17.0811 0 1
1.69701 17.0558 0 1
1.79753 17.0509 0 1
1.89685 17.0667 0 1
1.99083 17.1034 0 1
2.07628 17.1588 0 1
2.15261 17.2287 0 1
2.223 17.3082 0 1
2.29495 17.3915 0 1
2.38281 17.4654 0 1
2.50326 17.4597 0 1
2.61802 17.4162 0 1
2.72782 17.3667 0 1
2.83394 17.3159 0 1
2.93674 17.2668 0 1
3.04639 17.2381 0 1
3.15666 17.209 0 1
3.26501 17.1756 0 1
3.37076 17.1411 0 1
3.48065 17.1267 0 1
3.59152 17.1109 0 1
3.70171 17.0944 0 1
3.81348 17.0991 0 1
3.92859 17.1035 0 1
4.04568 17.1048 0 1
4.16363 17.101 0 1
4.27913 17.0789 0 1
4.36573 16.9989 0 1
4.44622 16.9186 0 1
4.53261 16.8501 0 1
4.62816 16.7995 0 1
4.73148 16.7717 0 1
4.83827 16.7693 0 1
4.94365 16.7912 0 1
5.04474 16.8331 0 1
5.14279 16.888 0 1
5.24509 16.9432 0 1
5.36297 16.9512 0 1
5.47972 16.9143 0 1
5.59203 16.8687 0 1
5.70131 16.821 0 1
5.80753 16.7749 0 1
5.91983 16.7486 0 1
6.033 16.7221 0 1
6.14461 16.6918 0 1
6.25358 16.6608 0 1
6.36609 16.649 0 1
6.47971 16.6362 0 1
6.59273 16.623 0 1
6.70671 16.6304 0 1
6.82412 16.6377 0 1
6.9436 16.643 0 1
7.06404 16.6472 0 1
7.18485 16.648 0 1
7.30359 16.6315 0 1
7.39424 16.5553 0 1
7.47821 16.4781 0 1
7.56735 16.4125 0 1
7.66469 16.3642 0 1
7.76898 16.338 0 1
7.87633 16.3358 0 1
7.9824 16.357 0 1
8.08456 16.3977 0 1
8.18364 16.4513 0 1
8.28668 16.5056 0 1
8.40477 16.5135 0 1
8.52115 16.477 0 1
8.63216 16.4312 0 1
8.73975 16.3856 0 1
8.85312 16.3594 0 1
8.96753 16.3335 0 1
9.08068 16.3045 0 1
9.19151 16.2755 0 1
9.30559 16.266 0 1
9.42104 16.2557 0 1
9.5358 16.2413 0 1
9.64845 16.226 0 1
9.76192 16.2302 0 1
9.87694 16.2337 0 1
9.99158 16.2371 0 1
10.1044 16.2608 0 1
10.2211 16.2836 0 1
10.3416 16.2959 0 1
10.4557 16.2651 0 1
10.5469 16.1926 0 1
10.6344 16.1216 0 1
10.727 16.0627 0 1
10.8271 16.022 0 1
10.9327 16.0038 0 1
11.0396 16.0097 0 1
11.1438 16.0386 0 1
11.243 16.0863 0 1
11.3397 16.1453 0 1
11.4435 16.2002 0 1
11.5632 16.1873 0 1
11.6809 16.1561 0 1
11.7977 16.1214 0 1
11.9136 16.0863 0 1
12.0276 16.0506 0 1
12.1389 16.0166 0 1
12.254 16.0032 0 1
12.3703 15.9902 0 1
12.4856 15.9739 0 1
12.5986 15.9571 0 1
12.7126 15.9603 0 1
12.8279 15.9632 0 1
12.9427 15.9662 0 1
13.0555 15.99 0 1
13.1719 16.0148 0 1
13.291 16.0375 0 1
13.4127 16.0514 0 1
13.5273 16.0222 0 1
13.6181 15.9496 0 1
13.7044 15.8778 0 1
13.7958 15.8179 0 1
13.8948 15.7766 0 1
13.9997 15.7589 0 1
14.1058 15.7665 0 1
14.2084 15.798 0 1
14.3056 15.8483 0 1
14.4002 15.9094 0 1
14.5028 15.9654 0 1
14.6214 15.9517 0 1
14.7377 15.9188 0 1
14.8529 15.8822 0 1
14.967 15.845 0 1
15.0788 15.8067 0 1
15.1874 15.7697 0 1
15.3003 15.753 0 1
15.4138 15.7363 0 1
15.5259 15.7195 0 1
15.6393 15.7228 0 1
15.755 15.7254 0 1
15.871 15.7247 0 1
15.9858 15.7246 0 1
16.099 15.7457 0 1
16.2148 15.7683 0 1
16.3322 15.7893 0 1
16.4506 15.8058 0 1
16.5691 15.8028 0 1
16.663 15.7334 0 1
16.749 15.6607 0 1
16.8389 15.5983 0 1
16.9365 15.5539 0 1
17.0405 15.5328 0 1
17.1464 15.5371 0 1
17.2494 15.5655 0 1
17.3469 15.6134 0 1
17.441 15.6736 0 1
17.5401 15.7329 0 1
17.6573 15.744 0 1
17.7751 15.7107 0 1
17.889 15.6687 0 1
17.9998 15.625 0 1
18.1073 15.5826 0 1
18.22 15.5602 0 1
18.3331 15.5381 0 1
18.4445 15.5159 0 1
18.558 15.5135 0 1
18.6735 15.5102 0 1
18.7887 15.503 0 1
18.9018 15.4951 0 1
19.0145 15.5071 0 1
19.1288 15.519 0 1
19.2425 15.5313 0 1
19.3529 15.5639 0 1
19.4669 15.5963 0 1
19.5855 15.6182 0 1
19.7 15.5946 0 1
19.7915 15.5245 0 1
19.8776 15.454 0 1
19.9689 15.3952 0 1
20.0677 15.3554 0 1
20.1722 15.3396 0 1
20.2774 15.35 0 1
20.3783 15.3845 0 1
20.4729 15.4381 0 1
20.5648 15.5024 0 1
20.665 15.5614 0 1
20.7837 15.5504 0 1
20.901 15.5206 0 1
21.0179 15.4881 0 1
21.1347 15.4564 0 1
21.2508 15.4256 0 1
21.3648 15.3947 0 1
21.4757 15.3657 0 1
21.5896 15.358 0 1
21.704 15.3511 0 1
21.8171 15.3446 0 1
21.9296 15.3589 0 1
22.0442 15.3733 0 1
22.1596 15.385 0 1
22.2738 15.398 0 1
22.3839 15.4323 0 1
22.4971 15.4674 0 1
22.6145 15.4925 0 1
22.7285 15.471 0 1
22.8191 15.4008 0 1
22.9034 15.329 0 1
22.9926 15.2687 0 1
23.09 15.228 0 1
23.1936 15.213 0 1
23.2975 15.2265 0 1
23.3957 15.2655 0 1
23.4866 15.3238 0 1
23.5746 15.392 0 1
23.6721 15.4538 0 1
23.7892 15.4433 0 1
23.9044 15.4125 0 1
24.0186 15.378 0 1
24.1321 15.3432 0 1
24.2436 15.308 0 1
24.3523 15.2746 0 1
24.4648 15.2627 0 1
24.5779 15.2515 0 1
24.6898 15.2408 0 1
24.8019 15.2514 0 1
24.9159 15.2621 0 1
25.0305 15.27 0 1
25.1438 15.2791 0 1
25.2534 15.3101 0 1
25.3652 15.3434 0 1
25.4786 15.3756 0 1
25.5934 15.4031 0 1
25.7098 15.4092 0 1
25.8038 15.3426 0 1
25.8873 15.2693 0 1
25.9738 15.2051 0 1
26.0686 15.1593 0 1
26.1709 15.1393 0 1
26.2745 15.149 0 1
26.3727 15.1862 0 1
26.4626 15.2443 0 1
26.5478 15.314 0 1
26.6401 15.3813 0 1
26.7544 15.3979 0 1
26.871 15.3676 0 1
26.9841 15.3284 0 1
27.0949 15.2881 0 1
27.2033 15.2508 0 1
27.3165 15.2357 0 1
27.4308 15.2222 0 1
27.5444 15.2064 0 1
27.6559 15.1912 0 1
27.768 15.1976 0 1
27.8813 15.2049 0 1
27.9938 15.2132 0 1
28.1029 15.2435 0 1
28.2147 15.276 0 1
28.3281 15.3082 0 1
28.4422 15.3402 0 1
28.557 15.3683 0 1
28.6732 15.3744 0 1
28.7644 15.3053 0 1
28.8436 15.2285 0 1
28.9256 15.1602 0 1
29.0174 15.1103 0 1
29.1182 15.0879 0 1
29.2208 15.0978 0 1
29.3173 15.1368 0 1
29.4051 15.1966 0 1
29.4886 15.2672 0 1
29.5801 15.3338 0 1
29.6931 15.3467 0 1
29.805 15.31 0 1
29.9114 15.2629 0 1
30.0152 15.2174 0 1
30.1256 15.1939 0 1
30.2374 15.1721 0 1
30.3485 15.1484 0 1
30.4579 15.1261 0 1
30.5694 15.1266 0 1
30.6823 15.1281 0 1
30.795 15.1265 0 1
30.9057 15.1252 0 1
31.0143 15.146 0 1
31.1239 15.168 0 1
31.2327 15.1911 0 1
31.3354 15.2356 0 1
31.4414 15.2807 0 1
31.5533 15.314 0 1
31.6646 15.2958 0 1
31.7507 15.223 0 1
31.8273 15.1457 0 1
31.9087 15.0785 0 1
32.0011 15.032 0 1
32.1023 15.0163 0 1
32.203 15.0352 0 1
32.295 15.083 0 1
32.3774 15.1498 0 1
32.4571 15.2249 0 1
32.5498 15.2907 0 1
32.6639 15.2776 0 1
32.7749 15.2416 0 1
32.8849 15.2014 0 1
32.9944 15.1612 0 1
33.1026 15.1215 0 1
33.2091 15.0852 0 1
33.3205 15.0723 0 1
33.4332 15.0612 0 1
33.5452 15.0477 0 1
33.6553 15.0351 0 1
33.7653 15.0453 0 1
33.8762 15.0566 0 1
33.9863 15.0691 0 1
34.0918 15.1044 0 1
34.1995 15.1421 0 1
34.309 15.1785 0 1
34.4204 15.2093 0 1
34.5341 15.2164 0 1
34.6236 15.1461 0 1
34.6996 15.0671 0 1
34.7784 14.9961 0 1
34.8679 14.9436 0 1
34.9676 14.9201 0 1
35.0692 14.9314 0 1
35.1636 14.9735 0 1
35.2485 15.0363 0 1
35.3291 15.1093 0 1
35.4191 15.1774 0 1
35.5321 15.1899 0 1
35.6451 15.1527 0 1
35.7539 15.1061 0 1
35.8605 15.0587 0 1
35.9656 15.015 0 1
36.077 14.9941 0 1
36.19 14.9753 0 1
36.3024 14.9551 0 1
36.4134 14.9369 0 1
36.5258 14.9418 0 1
36.6397 14.9485 0 1
36.7537 14.9536 0 1
36.8663 14.9608 0 1
36.9753 14.9914 0 1
37.0857 15.0253 0 1
37.1974 15.0585 0 1
37.3104 15.0871 0 1
37.4252 15.0929 0 1
37.515 15.0226 0 1
37.592 14.9442 0 1
37.6722 14.8742 0 1
37.7625 14.8225 0 1
37.8626 14.7989 0 1
37.9649 14.8088 0 1
38.0606 14.8489 0 1
38.1471 14.9099 0 1
38.2294 14.9815 0 1
38.3205 15.0487 0 1
38.4337 15.0611 0 1
38.5467 15.0243 0 1
38.6551 14.978 0 1
38.7609 14.9303 0 1
38.8641 14.8852 0 1
38.9736 14.8622 0 1
39.0839 14.8405 0 1
39.193 14.8201 0 1
39.304 14.8217 0 1
39.4168 14.8237 0 1
39.5295 14.8225 0 1
39.6404 14.8217 0 1
39.7492 14.8429 0 1
39.8591 14.8654 0 1
39.9681 14.8893 0 1
40.0708 14.9347 0 1
40.1768 14.9808 0 1
40.2887 15.0158 0 1
40.4008 15.0004 0 1
40.4896 14.9305 0 1
40.5694 14.8563 0 1
40.6538 14.7924 0 1
40.7482 14.7494 0 1
40.8501 14.7364 0 1
40.9508 14.7567 0 1
41.0428 14.8053 0 1
41.1256 14.8721 0 1
41.2054 14.9475 0 1
41.2977 15.0144 0 1
41.4132 15.0041 0 1
41.527 14.9721 0 1
41.6405 14.9372 0 1
41.7543 14.9037 0 1
41.8678 14.8718 0 1
41.9796 14.8408 0 1
42.0889 14.8127 0 1
42.2011 14.8078 0 1
42.3139 14.8049 0 1
42.4255 14.8034 0 1
42.5352 14.8245 0 1
42.6467 14.847 0 1
42.7589 14.8677 0 1
42.8695 14.8904 0 1
42.9736 14.9353 0 1
43.0801 14.9819 0 1
43.1919 15.0177 0 1
43.3038 15.0026 0 1
43.3914 14.9318 0 1
43.4692 14.8561 0 1
43.5515 14.7903 0 1
43.6445 14.7454 0 1
43.7456 14.7311 0 1
43.8457 14.7517 0 1
43.9364 14.8015 0 1
44.017 14.8702 0 1
44.0949 14.947 0 1
44.1861 15.0145 0 1
44.3001 15.0033 0 1
44.4116 14.9691 0 1
44.522 14.931 0 1
44.6319 14.8932 0 1
44.7403 14.8555 0 1
44.8465 14.8208 0 1
44.957 14.8093 0 1
45.0684 14.7997 0 1
45.1787 14.7916 0 1
45.2884 14.8066 0 1
45.3998 14.8229 0 1
45.5118 14.837 0 1
45.6223 14.8532 0 1
45.7271 14.8927 0 1
45.8331 14.9357 0 1
45.9405 14.9781 0 1
46.0497 15.0153 0 1
46.1626 15.0283 0 1
46.2533 14.9607 0 1
46.3296 14.8828 0 1
46.408 14.8122 0 1
46.4966 14.7595 0 1
46.5957 14.7366 0 1
46.6963 14.7505 0 1
46.788 14.7967 0 1
46.8682 14.8642 0 1
46.9438 14.9416 0 1
47.03 15.0135 0 1
47.1416 15.0288 0 1
47.254 14.9932 0 1
47.3623 14.9477 0 1
47.4684 14.9016 0 1
47.5731 14.8594 0 1
47.6839 14.8408 0 1
47.7962 14.8245 0 1
47.9079 14.8065 0 1
48.0177 14.79 0 1
48.1283 14.7968 0 1
48.2399 14.8055 0 1
48.3506 14.8161 0 1
48.457 14.8501 0 1
48.5654 14.8874 0 1
48.6752 14.925 0 1
48.7854 14.9629 0 1
48.8966 14.9967 0 1
49.0103 15.0067 0 1
49.0986 14.9363 0 1
49.1719 14.8558 0 1
49.2476 14.7825 0 1
49.3343 14.7271 0 1
49.4325 14.7017 0 1
49.5331 14.713 0 1
49.6255 14.7572 0 1
49.7068 14.8231 0 1
49.7838 14.8987 0 1
49.8714 14.9684 0 1
49.9824 14.9797 0 1
50.0911 14.9383 0 1
50.1934 14.8858 0 1
50.2935 14.8349 0 1
50.4014 14.8063 0 1
50.511 14.7796 0 1
50.6196 14.7508 0 1
50.7264 14.7234 0 1
50.8363 14.7189 0 1
50.9471 14.7156 0 1
51.0571 14.7136 0 1
51.1653 14.7346 0 1
51.2754 14.757 0 1
51.3863 14.7773 0 1
51.4957 14.7997 0 1
51.5984 14.8449 0 1
51.7034 14.892 0 1
51.814 14.928 0 1
51.9248 14.9119 0 1
52.0105 14.8395 0 1
52.0858 14.7618 0 1
52.1657 14.6939 0 1
52.2571 14.647 0 1
52.3575 14.6319 0 1
52.4569 14.6532 0 1
52.5463 14.7045 0 1
52.6253 14.7743 0 1
52.7021 14.8516 0 1
52.7932 14.9186 0 1
52.907 14.9046 0 1
53.0176 14.8673 0 1
53.1274 14.8263 0 1
53.237 14.7859 0 1
53.3456 14.7464 0 1
53.4527 14.7109 0 1
53.5646 14.6992 0 1
53.6779 14.6899 0 1
53.7906 14.6788 0 1
53.9014 14.6691 0 1
54.0114 14.6824 0 1
54.1224 14.6975 0 1
54.2323 14.7142 0 1
54.3367 14.7537 0 1
54.4429 14.796 0 1
54.5508 14.8374 0 1
54.6606 14.8736 0 1
54.7737 14.8857 0 1
54.8641 14.8176 0 1
54.94 14.7393 0 1
55.018 14.6682 0 1
55.1064 14.6151 0 1
55.2054 14.5914 0 1
55.3062 14.6042 0 1
55.3986 14.6492 0 1
55.4798 14.7156 0 1
55.5564 14.7921 0 1
55.6433 14.8633 0 1
55.7549 14.8783 0 1
55.8673 14.8426 0 1
55.9756 14.7972 0 1
56.0819 14.7515 0 1
56.187 14.7099 0 1
56.2981 14.6922 0 1
56.4108 14.6772 0 1
56.5232 14.6611 0 1
56.6341 14.6476 0 1
56.7452 14.6583 0 1
56.8577 14.6714 0 1
56.9703 14.6833 0 1
57.0813 14.6976 0 1
57.1869 14.7358 0 1
57.2934 14.7778 0 1
57.4011 14.8195 0 1
57.5106 14.8563 0 1
57.6234 14.869 0 1
57.714 14.8012 0 1
57.7901 14.7231 0 1
57.8683 14.6523 0 1
57.9569 14.5995 0 1
58.0559 14.5766 0 1
58.1565 14.5904 0 1
58.2482 14.6365 0 1
58.3285 14.704 0 1
58.404 14.7814 0 1
58.4898 14.8538 0 1
58.601 14.8698 0 1
58.713 14.8346 0 1
58.8207 14.7892 0 1
58.9258 14.7427 0 1
59.0286 14.6994 0 1
59.1377 14.679 0 1
59.2477 14.6606 0 1
59.3565 14.6439 0 1
59.4666 14.6503 0 1
59.5783 14.6577 0 1
59.6901 14.6623 0 1
59.8001 14.6676 0 1
59.9064 14.6956 0 1
60.0136 14.7255 0 1
60.1196 14.7569 0 1
60.2176 14.8099 0 1
60.3186 14.8638 0 1
60.4265 14.9059 0 1
60.5372 14.8947 0 1
60.6232 14.8236 0 1
60.6976 14.7458 0 1
60.7763 14.6772 0 1
60.8668 14.6302 0 1
60.9667 14.6167 0 1
61.0646 14.6413 0 1
61.1508 14.6969 0 1
61.2256 14.7708 0 1
61.2982 14.8518 0 1
61.3862 14.9225 0 1
61.499 14.9123 0 1
61.6094 14.8781 0 1
61.7189 14.8398 0 1
61.8282 14.8022 0 1
61.9365 14.7655 0 1
62.0436 14.7333 0 1
62.1549 14.7262 0 1
62.2676 14.7221 0 1
62.38 14.7171 0 1
62.4908 14.7147 0 1
62.5993 14.7374 0 1
62.7087 14.763 0 1
62.8185 14.7875 0 1
62.9263 14.8146 0 1
63.0261 14.8649 0 1
63.1277 14.9173 0 1
63.2357 14.9582 0 1
63.3455 14.9446 0 1
63.4289 14.8707 0 1
63.4999 14.79 0 1
63.5751 14.7181 0 1
63.6635 14.6678 0 1
63.7627 14.6522 0 1
63.8603 14.6765 0 1
63.9456 14.7329 0 1
64.0194 14.8075 0 1
64.0914 14.8887 0 1
64.1795 14.9588 0 1
64.2916 14.9448 0 1
64.4001 14.9059 0 1
64.5073 14.8626 0 1
64.6141 14.8194 0 1
64.7195 14.7767 0 1
64.8233 14.7375 0 1
64.9327 14.7223 0 1
65.043 14.7092 0 1
65.1523 14.6984 0 1
65.2617 14.7117 0 1
65.3727 14.7267 0 1
65.4843 14.7401 0 1
65.5942 14.7558 0 1
65.6982 14.7956 0 1
65.8031 14.8392 0 1
65.9093 14.8823 0 1
66.0174 14.9202 0 1
66.1293 14.9325 0 1
66.2168 14.8617 0 1
66.2881 14.78 0 1
66.3614 14.7049 0 1
66.4464 14.6479 0 1
66.5439 14.6223 0 1
66.6436 14.6357 0 1
66.7334 14.6837 0 1
66.8107 14.7535 0 1
66.8838 14.8325 0 1
66.9689 14.9048 0 1
67.0795 14.9167 0 1
67.1889 14.8754 0 1
67.2933 14.8239 0 1
67.3955 14.7717 0 1
67.4966 14.7237 0 1
67.6054 14.6993 0 1
67.7157 14.6773 0 1
67.8253 14.6534 0 1
67.933 14.6313 0 1
68.0427 14.6326 0 1
68.1532 14.6356 0 1
68.2626 14.6399 0 1
68.369 14.6676 0 1
68.4769 14.697 0 1
68.5856 14.7248 0 1
68.6925 14.7545 0 1
68.7928 14.8037 0 1
68.8994 14.8441 0 1
69.0091 14.8304 0 1
69.094 14.7581 0 1
69.1678 14.6796 0 1
69.2461 14.6104 0 1
69.3363 14.5623 0 1
69.4362 14.547 0 1
69.5349 14.5695 0 1
69.6228 14.6228 0 1
69.7 14.6945 0 1
69.775 14.7735 0 1
69.865 14.842 0 1
69.979 14.8287 0 1
70.0906 14.7924 0 1
70.2017 14.7528 0 1
70.3134 14.7147 0 1
70.4249 14.6786 0 1
70.535 14.6436 0 1
70.6428 14.612 0 1
70.7543 14.6043 0 1
70.8666 14.5989 0 1
70.9777 14.5956 0 1
71.0873 14.6157 0 1
71.1985 14.6378 0 1
71.3102 14.6583 0 1
71.4203 14.6813 0 1
71.5237 14.7269 0 1
71.6292 14.7746 0 1
71.7402 14.8114 0 1
71.8513 14.7965 0 1
71.9368 14.7242 0 1
72.0118 14.6464 0 1
72.0914 14.5782 0 1
72.1826 14.5312 0 1
72.2829 14.5163 0 1
72.3821 14.5379 0 1
72.4711 14.5897 0 1
72.5496 14.6599 0 1
72.626 14.7376 0 1
72.7168 14.8051 0 1
72.8302 14.7917 0 1
72.9406 14.7551 0 1
73.0502 14.7149 0 1
73.1597 14.6754 0 1
73.2682 14.6372 0 1
73.3754 14.6032 0 1
73.487 14.5935 0 1
73.6 14.5865 0 1
73.7125 14.5779 0 1
73.823 14.5709 0 1
73.9322 14.5874 0 1
74.0422 14.6058 0 1
74.151 14.626 0 1
74.2535 14.6691 0 1
74.3575 14.7152 0 1
74.4632 14.7604 0 1
74.571 14.8004 0 1
74.683 14.8156 0 1
74.7734 14.7483 0 1
74.8485 14.6699 0 1
74.9255 14.5984 0 1
75.0131 14.545 0 1
75.1116 14.5222 0 1
75.2116 14.5366 0 1
75.302 14.5843 0 1
75.3802 14.6536 0 1
75.4535 14.7326 0 1
75.5378 14.8061 0 1
75.6485 14.8221 0 1
75.7601 14.7862 0 1
75.8674 14.7403 0 1
75.9727 14.6939 0 1
76.0768 14.6518 0 1
76.1872 14.6337 0 1
76.2991 14.6183 0 1
76.4104 14.6014 0 1
76.5201 14.5864 0 1
76.63 14.5953 0 1
76.741 14.6063 0 1
76.851 14.6196 0 1
76.9559 14.6567 0 1
77.0626 14.6973 0 1
77.1706 14.7386 0 1
77.2789 14.7803 0 1
77.3883 14.818 0 1
77.5011 14.8319 0 1
77.5914 14.7641 0 1
77.6666 14.6856 0 1
77.7438 14.6142 0 1
77.8316 14.5611 0 1
77.9302 14.5385 0 1
78.0302 14.553 0 1
78.1207 14.6006 0 1
78.1991 14.6697 0 1
78.2728 14.7484 0 1
78.3575 14.8213 0 1
78.4685 14.8363 0 1
78.5799 14.7995 0 1
78.6867 14.7525 0 1
78.7911 14.7043 0 1
78.8934 14.6594 0 1
79.0022 14.6374 0 1
79.112 14.6174 0 1
79.2208 14.5993 0 1
79.331 14.6043 0 1
79.443 14.6104 0 1
79.5549 14.6139 0 1
79.6651 14.6183 0 1
79.7718 14.6455 0 1
79.8793 14.6746 0 1
79.9857 14.7054 0 1
80.0841 14.7578 0 1
80.1855 14.8112 0 1
80.2937 14.8529 0 1
80.4043 14.841 0 1
80.4894 14.769 0 1
80.5627 14.6903 0 1
80.6402 14.6205 0 1
80.7299 14.5721 0 1
80.8296 14.5574 0 1
80.9277 14.5809 0 1
81.0143 14.6357 0 1
81.0896 14.709 0 1
81.1629 14.7892 0 1
81.2515 14.8591 0 1
81.364 14.847 0 1
81.4736 14.8106 0 1
81.5822 14.7701 0 1
81.6906 14.7301 0 1
81.7982 14.6912 0 1
81.9046 14.6568 0 1
82.0157 14.6474 0 1
82.1283 14.641 0 1
82.2406 14.6336 0 1
82.3514 14.6291 0 1
82.4604 14.6495 0 1
82.5704 14.6729 0 1
82.6807 14.6953 0 1
82.7891 14.7204 0 1
82.8899 14.7688 0 1
82.9926 14.8194 0 1
83.1012 14.8589 0 1
83.2112 14.8446 0 1
83.2952 14.7712 0 1
83.3674 14.6914 0 1
83.444 14.6208 0 1
83.5333 14.5717 0 1
83.6329 14.5567 0 1
83.7309 14.5803 0 1
83.8174 14.6353 0 1
83.8928 14.7085 0 1
83.9664 14.7884 0 1
84.0558 14.8572 0 1
84.1686 14.8427 0 1
84.2779 14.8041 0 1
84.3861 14.7613 0 1
84.4939 14.7189 0 1
84.6004 14.677 0 1
84.7052 14.6385 0 1
84.8153 14.6237 0 1
84.9263 14.611 0 1
85.0363 14.6004 0 1
85.1462 14.6133 0 1
85.2579 14.628 0 1
85.37 14.6411 0 1
85.4805 14.6565 0 1
85.5853 14.6957 0 1
85.691 14.7388 0 1
85.7979 14.7816 0 1
85.9066 14.8195 0 1
86.019 14.8324 0 1
86.1072 14.7625 0 1
86.1798 14.6819 0 1
86.2545 14.6082 0 1
86.3405 14.5525 0 1
86.4385 14.5276 0 1
86.5385 14.5404 0 1
86.6294 14.5869 0 1
86.7084 14.6551 0 1
86.783 14.7329 0 1
86.869 14.8044 0 1
86.9799 14.8169 0 1
87.0898 14.777 0 1
87.1946 14.7268 0 1
87.297 14.6755 0 1
87.3976 14.6278 0 1
87.5055 14.6031 0 1
87.6145 14.5804 0 1
87.7226 14.5598 0 1
87.8326 14.5628 0 1
87.9444 14.5672 0 1
88.0564 14.5694 0 1
88.1668 14.5735 0 1
88.2739 14.6015 0 1
88.382 14.6321 0 1
88.4906 14.6617 0 1
88.5972 14.6933 0 1
88.6968 14.7444 0 1
88.8027 14.7867 0 1
88.9125 14.7747 0 1
88.9976 14.703 0 1
89.0714 14.6247 0 1
89.1494 14.5556 0 1
89.2396 14.5079 0 1
89.3394 14.4937 0 1
89.4376 14.5173 0 1
89.5243 14.5721 0 1
89.5998 14.6453 0 1
89.6732 14.7255 0 1
89.7619 14.7954 0 1
89.8756 14.7833 0 1
89.9869 14.748 0 1
90.0978 14.7094 0 1
90.2092 14.6724 0 1
90.3205 14.6373 0 1
90.4304 14.6034 0 1
90.5382 14.5732 0 1
90.6495 14.5673 0 1
90.7614 14.5638 0 1
90.8722 14.5625 0 1
90.9809 14.5849 0 1
91.0912 14.6093 0 1
91.2021 14.6322 0 1
91.3112 14.6576 0 1
91.413 14.7058 0 1
91.5167 14.7561 0 1
91.6263 14.7955 0 1
91.7372 14.7826 0 1
91.8234 14.7112 0 1
91.8986 14.6338 0 1
91.9782 14.566 0 1
92.0694 14.5195 0 1
92.1697 14.5058 0 1
92.2682 14.5295 0 1
92.3556 14.5835 0 1
92.432 14.6559 0 1
92.5062 14.7355 0 1
92.5954 14.8047 0 1
92.7088 14.7927 0 1
92.8195 14.7571 0 1
92.9294 14.7179 0 1
93.0392 14.6794 0 1
93.1481 14.6422 0 1
93.2556 14.6092 0 1
93.3674 14.6007 0 1
93.4805 14.5949 0 1
93.5932 14.5875 0 1
93.7039 14.5817 0 1
93.8129 14.5995 0 1
93.9227 14.6192 0 1
94.0314 14.6407 0 1
94.1334 14.6851 0 1
94.2369 14.7325 0 1
94.342 14.7791 0 1
94.4493 14.8204 0 1
94.5611 14.8366 0 1
94.6512 14.7692 0 1
94.7259 14.6905 0 1
94.8023 14.6186 0 1
94.8896 14.565 0 1
94.9881 14.5424 0 1
95.0878 14.5576 0 1
95.1775 14.6064 0 1
95.2546 14.6768 0 1
95.3268 14.7567 0 1
95.4104 14.831 0 1
95.5207 14.8477 0 1
95.6319 14.8121 0 1
95.7388 14.7664 0 1
95.8436 14.7203 0 1
95.9472 14.6785 0 1
96.0571 14.6611 0 1
96.1685 14.6463 0 1
96.2791 14.6299 0 1
96.3879 14.6151 0 1
96.4969 14.6241 0 1
96.6067 14.6349 0 1
96.7152 14.6471 0 1
96.8189 14.6825 0 1
96.924 14.7198 0 1
97.03 14.7554 0 1
97.134 14.7928 0 1
97.23 14.849 0 1
97.3332 14.896 0 1
97.4426 14.8872 0 1
97.5276 14.8157 0 1
97.6001 14.7365 0 1
97.6769 14.6662 0 1
97.7665 14.618 0 1
97.8663 14.6052 0 1
97.9636 14.6322 0 1
98.048 14.6907 0 1
98.1207 14.767 0 1
98.192 14.85 0 1
98.2796 14.9227 0 1
98.3957 14.9098 0 1
98.5013 14.8577 0 1
98.6014 14.8031 0 1
98.7096 14.7704 0 1
98.8196 14.7414 0 1
98.9289 14.7124 0 1
99.0369 14.6868 0 1
99.1476 14.6859 0 1
99.2597 14.6874 0 1
99.3715 14.6871 0 1
99.4814 14.6883 0 1
99.5882 14.7134 0 1
99.6956 14.7409 0 1
99.8018 14.7704 0 1
99.9 14.8221 0 1
100.001 14.875 0 1
100.109 14.9158 0 1
100.218 14.9021 0 1
100.302 14.8282 0 1
100.372 14.7475 0 1
100.448 14.6755 0 1
100.536 14.6249 0 1
100.635 14.609 0 1
100.733 14.6328 0 1
100.819 14.6887 0 1
100.893 14.7629 0 1
100.965 14.8438 0 1
101.053 14.9136 0 1
101.166 14.8996 0 1
101.275 14.8609 0 1
101.382 14.8181 0 1
101.49 14.7758 0 1
101.597 14.7346 0 1
101.702 14.6978 0 1
101.813 14.6856 0 1
101.925 14.6762 0 1
102.037 14.6653 0 1
102.147 14.6564 0 1
102.256 14.6719 0 1
102.366 14.6896 0 1
102.475 14.7097 0 1
102.578 14.7534 0 1
102.682 14.8007 0 1
102.788 14.847 0 1
102.899 14.8827 0 1
103.01 14.866 0 1
103.093 14.7911 0 1
103.164 14.7106 0 1
103.24 14.6394 0 1
103.329 14.5897 0 1
103.429 14.5737 0 1
103.527 14.5959 0 1
103.615 14.6492 0 1
103.692 14.7209 0 1
103.767 14.7994 0 1
103.857 14.8672 0 1
103.97 14.8519 0 1
104.079 14.8125 0 1
104.186 14.7688 0 1
104.293 14.7254 0 1
104.399 14.6824 0 1
104.503 14.643 0 1
104.612 14.6273 0 1
104.723 14.6137 0 1
104.833 14.6022 0 1
104.942 14.6146 0 1
105.054 14.6287 0 1
105.166 14.641 0 1
105.276 14.6558 0 1
105.381 14.6945 0 1
105.487 14.7371 0 1
105.594 14.7794 0 1
105.702 14.8167 0 1
105.815 14.8294 0 1
105.904 14.7606 0 1
105.978 14.6811 0 1
106.054 14.6086 0 1
106.141 14.5543 0 1
106.239 14.5304 0 1
106.34 14.5435 0 1
106.431 14.5897 0 1
106.51 14.6575 0 1
106.585 14.7351 0 1
106.671 14.8068 0 1
106.782 14.8202 0 1
106.893 14.7819 0 1
107 14.7334 0 1
107.103 14.6838 0 1
107.205 14.6375 0 1
107.314 14.614 0 1
107.424 14.5925 0 1
107.532 14.5729 0 1
107.643 14.5765 0 1
107.755 14.5814 0 1
107.868 14.5842 0 1
107.979 14.5888 0 1
108.087 14.617 0 1
108.195 14.6476 0 1
108.305 14.6772 0 1
108.412 14.7088 0 1
108.512 14.7595 0 1
108.619 14.8015 0 1
108.729 14.7899 0 1
108.816 14.7192 0 1
108.891 14.6422 0 1
108.971 14.5746 0 1
109.062 14.5283 0 1
109.162 14.5148 0 1
109.261 14.5386 0 1
109.348 14.5929 0 1
109.424 14.6655 0 1
109.498 14.7454 0 1
109.587 14.8154 0 1
109.701 14.8049 0 1
109.813 14.7714 0 1
109.924 14.7347 0 1
110.036 14.6996 0 1
110.148 14.6665 0 1
110.258 14.6346 0 1
110.367 14.6063 0 1
110.478 14.6023 0 1
110.59 14.6007 0 1
110.7 14.6012 0 1
110.808 14.6253 0 1
110.918 14.6513 0 1
111.029 14.6758 0 1
111.137 14.7026 0 1
111.238 14.7521 0 1
111.341 14.8036 0 1
111.45 14.844 0 1
111.561 14.8318 0 1
111.648 14.7609 0 1
111.723 14.6839 0 1
111.803 14.6165 0 1
111.894 14.5706 0 1
111.995 14.5578 0 1
112.093 14.5825 0 1
112.18 14.6377 0 1
112.255 14.711 0 1
112.328 14.7914 0 1
112.417 14.8616 0 1
112.53 14.8508 0 1
112.64 14.8161 0 1
112.75 14.7775 0 1
112.859 14.7393 0 1
112.967 14.7018 0 1
113.074 14.6678 0 1
113.184 14.6576 0 1
113.295 14.6496 0 1
113.406 14.6437 0 1
113.515 14.6612 0 1
113.626 14.6805 0 1
113.737 14.698 0 1
113.847 14.7177 0 1
113.95 14.761 0 1
114.054 14.8081 0 1
114.159 14.8547 0 1
114.266 14.896 0 1
114.378 14.9123 0 1
114.468 14.8445 0 1
114.542 14.7653 0 1
114.618 14.6928 0 1
114.705 14.6386 0 1
114.803 14.6157 0 1
114.903 14.6312 0 1
114.992 14.6807 0 1
115.068 14.7518 0 1
115.14 14.8323 0 1
115.223 14.9068 0 1
115.333 14.9231 0 1
115.444 14.8866 0 1
115.55 14.8399 0 1
115.654 14.7926 0 1
115.758 14.7495 0 1
115.867 14.7309 0 1
115.978 14.7148 0 1
116.089 14.6972 0 1
116.198 14.6814 0 1
116.308 14.6898 0 1
116.418 14.7003 0 1
116.528 14.7131 0 1
116.632 14.75 0 1
116.738 14.7903 0 1
116.846 14.8311 0 1
116.954 14.8719 0 1
117.063 14.9085 0 1
117.176 14.9207 0 1
117.265 14.8512 0 1
117.338 14.7713 0 1
117.414 14.6984 0 1
117.501 14.6439 0 1
117.599 14.6203 0 1
117.699 14.6347 0 1
117.789 14.6825 0 1
117.867 14.7519 0 1
117.941 14.8304 0 1
118.026 14.9025 0 1
118.137 14.915 0 1
118.246 14.8745 0 1
118.349 14.8228 0 1
118.45 14.7729 0 1
118.559 14.7455 0 1
118.669 14.7204 0 1
118.779 14.694 0 1
118.888 14.6701 0 1
118.999 14.6698 0 1
119.112 14.6715 0 1
119.224 14.671 0 1
119.335 14.6716 0 1
119.443 14.6951 0 1
119.551 14.7205 0 1
119.659 14.7477 0 1
119.759 14.7968 0 1
119.863 14.8468 0 1
119.972 14.8852 0 1
120.083 14.871 0 1
120.168 14.7986 0 1
120.243 14.7204 0 1
120.321 14.6516 0 1
120.412 14.6039 0 1
120.512 14.5887 0 1
120.611 14.6107 0 1
120.7 14.6631 0 1
120.777 14.734 0 1
120.853 14.8122 0 1
120.944 14.8799 0 1
121.057 14.8663 0 1
121.167 14.8291 0 1
121.276 14.7881 0 1
121.384 14.7476 0 1
121.492 14.7082 0 1
121.599 14.6729 0 1
121.71 14.6619 0 1
121.823 14.6534 0 1
121.935 14.6431 0 1
122.046 14.6343 0 1
122.155 14.6489 0 1
122.265 14.6654 0 1
122.374 14.6835 0 1
122.478 14.7247 0 1
122.582 14.7688 0 1
122.689 14.8118 0 1
122.798 14.8497 0 1
122.91 14.8631 0 1
123.001 14.7958 0 1
123.078 14.7181 0 1
123.156 14.6476 0 1
123.245 14.5952 0 1
123.344 14.5728 0 1
123.444 14.5872 0 1
123.536 14.6338 0 1
123.616 14.7017 0 1
123.691 14.7795 0 1
123.777 14.8522 0 1
123.888 14.8683 0 1
124.001 14.8337 0 1
124.11 14.7895 0 1
124.217 14.745 0 1
124.323 14.7047 0 1
124.434 14.6882 0 1
124.548 14.6745 0 1
124.66 14.6598 0 1
124.772 14.6476 0 1
124.883 14.6595 0 1
124.996 14.6739 0 1
125.109 14.6872 0 1
125.22 14.7028 0 1
125.325 14.7421 0 1
125.432 14.7851 0 1
125.539 14.8278 0 1
125.649 14.8659 0 1
125.762 14.88 0 1
125.853 14.8134 0 1
125.93 14.7364 0 1
126.01 14.6668 0 1
126.099 14.6154 0 1
126.199 14.5938 0 1
126.299 14.6085 0 1
126.391 14.6551 0 1
126.471 14.7227 0 1
126.547 14.8001 0 1
126.633 14.8725 0 1
126.744 14.8889 0 1
126.857 14.8544 0 1
126.965 14.8097 0 1
127.07 14.7638 0 1
127.174 14.7209 0 1
127.283 14.7008 0 1
127.393 14.6824 0 1
127.502 14.6657 0 1
127.612 14.6716 0 1
127.724 14.6785 0 1
127.837 14.6824 0 1
127.947 14.687 0 1
128.054 14.714 0 1
128.162 14.7427 0 1
128.269 14.773 0 1
128.368 14.8247 0 1
128.47 14.8774 0 1
128.579 14.9189 0 1
128.691 14.9086 0 1
128.781 14.8414 0 1
128.862 14.769 0 1
128.947 14.7071 0 1
129.042 14.6671 0 1
129.144 14.6584 0 1
129.243 14.6842 0 1
129.333 14.7378 0 1
129.412 14.8089 0 1
129.489 14.8882 0 1
129.58 14.9594 0 1
129.698 14.9508 0 1
129.809 14.9049 0 1
129.914 14.8566 0 1
130.025 14.8298 0 1
130.138 14.8063 0 1
130.249 14.782 0 1
130.359 14.7596 0 1
130.47 14.7601 0 1
130.582 14.762 0 1
130.693 14.7653 0 1
130.801 14.791 0 1
130.911 14.8181 0 1
131.022 14.8434 0 1
131.132 14.8706 0 1
131.234 14.9197 0 1
131.338 14.9704 0 1
131.448 15.0102 0 1
131.56 14.9982 0 1
131.647 14.9279 0 1
131.724 14.8517 0 1
131.805 14.7852 0 1
131.897 14.7398 0 1
131.998 14.7265 0 1
132.097 14.75 0 1
132.185 14.8033 0 1
132.262 14.8749 0 1
132.338 14.954 0 1
132.427 15.0234 0 1
132.54 15.0133 0 1
132.651 14.9796 0 1
132.761 14.9418 0 1
132.87 14.9043 0 1
132.978 14.8671 0 1
133.084 14.8332 0 1
133.194 14.8231 0 1
133.305 14.8149 0 1
133.415 14.8085 0 1
133.524 14.8256 0 1
133.634 14.8442 0 1
133.746 14.8607 0 1
133.855 14.8791 0 1
133.959 14.921 0 1
134.063 14.9664 0 1
134.169 15.0111 0 1
134.277 15.0506 0 1
134.389 15.0652 0 1
134.48 14.9979 0 1
134.555 14.9198 0 1
134.633 14.8486 0 1
134.721 14.7957 0 1
134.82 14.773 0 1
134.92 14.7875 0 1
135.011 14.8348 0 1
135.09 14.9035 0 1
135.164 14.9821 0 1
135.249 15.0555 0 1
135.36 15.0721 0 1
135.472 15.0371 0 1
135.58 14.992 0 1
135.686 14.9462 0 1
135.79 14.9044 0 1
135.901 14.8863 0 1
136.013 14.8706 0 1
136.124 14.853 0 1
136.234 14.8371 0 1
136.344 14.8445 0 1
136.456 14.8538 0 1
136.566 14.8649 0 1
136.673 14.8995 0 1
136.781 14.9374 0 1
136.89 14.9755 0 1
137.001 15.0139 0 1
137.112 15.0482 0 1
137.225 15.0592 0 1
137.315 14.9904 0 1
137.391 14.912 0 1
137.469 14.8411 0 1
137.558 14.7886 0 1
137.657 14.7659 0 1
137.758 14.7794 0 1
137.85 14.8247 0 1
137.932 14.8909 0 1
138.009 14.967 0 1
138.096 15.0379 0 1
138.207 15.0523 0 1
138.318 15.0147 0 1
138.422 14.9658 0 1
138.524 14.9186 0 1
138.634 14.8936 0 1
138.744 14.8704 0 1
138.854 14.845 0 1
138.962 14.8208 0 1
139.072 14.8191 0 1
139.183 14.8184 0 1
139.294 14.8187 0 1
139.402 14.8415 0 1
139.512 14.8655 0 1
139.623 14.8873 0 1
139.733 14.911 0 1
139.836 14.9571 0 1
139.941 15.0048 0 1
140.052 15.042 0 1
140.164 15.0286 0 1
140.254 14.9602 0 1
140.335 14.8871 0 1
140.42 14.8247 0 1
140.515 14.7838 0 1
140.617 14.7737 0 1
140.717 14.7971 0 1
140.808 14.8482 0 1
140.889 14.9173 0 1
140.967 14.9947 0 1
141.057 15.0637 0 1
141.173 15.0557 0 1
141.287 15.0255 0 1
141.4 14.9918 0 1
141.513 14.9586 0 1
141.625 14.926 0 1
141.735 14.897 0 1
141.848 14.8912 0 1
141.962 14.8876 0 1
142.076 14.8822 0 1
142.188 14.8777 0 1
142.298 14.8955 0 1
142.41 14.9149 0 1
142.52 14.9357 0 1
142.625 14.9786 0 1
142.732 15.0241 0 1
142.842 15.0683 0 1
142.956 15.1029 0 1
143.069 15.0883 0 1
143.158 15.0187 0 1
143.237 14.9444 0 1
143.321 14.8801 0 1
143.414 14.8354 0 1
143.516 14.82 0 1
143.616 14.8385 0 1
143.708 14.8862 0 1
143.789 14.9538 0 1
143.866 15.0313 0 1
143.951 15.1049 0 1
144.063 15.1258 0 1
144.179 15.0977 0 1
144.29 15.0604 0 1
144.4 15.0224 0 1
144.508 14.9881 0 1
144.62 14.9776 0 1
144.734 14.9694 0 1
144.848 14.9597 0 1
144.959 14.9519 0 1
145.07 14.9675 0 1
145.182 14.9851 0 1
145.295 15.0009 0 1
145.406 15.0185 0 1
145.511 15.059 0 1
145.617 15.1028 0 1
145.725 15.1457 0 1
145.835 15.1837 0 1
145.949 15.198 0 1
146.042 15.1328 0 1
146.122 15.0581 0 1
146.204 14.9914 0 1
146.296 14.9437 0 1
146.397 14.9249 0 1
146.498 14.9406 0 1
146.59 14.987 0 1
146.672 15.054 0 1
146.749 15.1311 0 1
146.835 15.2039 0 1
146.947 15.223 0 1
147.061 15.1922 0 1
147.171 15.1516 0 1
147.278 15.1094 0 1
147.383 15.0697 0 1
147.493 15.0526 0 1
147.604 15.0368 0 1
147.713 15.0221 0 1
147.824 15.0295 0 1
147.936 15.0373 0 1
148.048 15.0417 0 1
148.159 15.0462 0 1
148.266 15.0725 0 1
148.374 15.0999 0 1
148.482 15.1285 0 1
148.582 15.1781 0 1
148.686 15.2283 0 1
148.797 15.2673 0 1
148.909 15.2555 0 1
149 15.1883 0 1
149.082 15.1164 0 1
149.168 15.0548 0 1
149.263 15.014 0 1
149.365 15.0033 0 1
149.465 15.0261 0 1
149.556 15.0772 0 1
149.637 15.1468 0 1
149.714 15.2248 0 1
149.804 15.2946 0 1
149.92 15.2878 0 1
150.034 15.2587 0 1
150.147 15.2257 0 1
150.26 15.193 0 1
150.371 15.1607 0 1
150.481 15.1319 0 1
150.594 15.1264 0 1
150.709 15.1229 0 1
150.823 15.1177 0 1
150.936 15.1141 0 1
151.047 15.1331 0 1
151.159 15.1539 0 1
151.273 15.1729 0 1
151.384 15.1939 0 1
151.49 15.2369 0 1
151.598 15.2815 0 1
151.711 15.3159 0 1
151.824 15.3012 0 1
151.915 15.2334 0 1
151.998 15.1621 0 1
152.086 15.1018 0 1
152.182 15.0619 0 1
152.285 15.0506 0 1
152.386 15.071 0 1
152.479 15.1187 0 1
152.563 15.1853 0 1
152.644 15.2605 0 1
152.736 15.3284 0 1
152.853 15.3217 0 1
152.967 15.2933 0 1
153.081 15.2611 0 1
153.194 15.2287 0 1
153.306 15.196 0 1
153.414 15.1654 0 1
153.526 15.157 0 1
153.639 15.1496 0 1
153.751 15.1429 0 1
153.862 15.1579 0 1
153.975 15.1734 0 1
154.089 15.1862 0 1
154.201 15.2003 0 1
154.309 15.2364 0 1
154.419 15.2749 0 1
154.531 15.3125 0 1
154.644 15.3453 0 1
154.76 15.3567 0 1
154.856 15.2941 0 1
154.942 15.2242 0 1
155.031 15.1637 0 1
155.128 15.1224 0 1
155.231 15.1074 0 1
155.334 15.1222 0 1
155.43 15.164 0 1
155.518 15.2258 0 1
155.6 15.2989 0 1
155.69 15.37 0 1
155.804 15.3918 0 1
155.922 15.3671 0 1
156.037 15.3334 0 1
156.15 15.2985 0 1
156.26 15.2664 0 1
156.374 15.2566 0 1
156.489 15.2481 0 1
156.604 15.2373 0 1
156.716 15.2266 0 1
156.829 15.2371 0 1
156.942 15.2484 0 1
157.055 15.2604 0 1
157.164 15.2938 0 1
157.275 15.3291 0 1
157.389 15.3641 0 1
157.503 15.3988 0 1
157.619 15.43 0 1
157.736 15.4409 0 1
157.834 15.3792 0 1
157.921 15.3109 0 1
158.012 15.2523 0 1
158.11 15.2127 0 1
158.214 15.1989 0 1
158.317 15.2134 0 1
158.415 15.2538 0 1
158.504 15.3138 0 1
158.589 15.3853 0 1
158.68 15.4551 0 1
158.794 15.4763 0 1
158.911 15.4507 0 1
159.023 15.4151 0 1
159.133 15.3803 0 1
159.247 15.3668 0 1
159.362 15.3544 0 1
159.476 15.3392 0 1
159.587 15.3237 0 1
159.7 15.3288 0 1
159.813 15.3339 0 1
159.925 15.3387 0 1
160.035 15.3639 0 1
160.148 15.389 0 1
160.262 15.4113 0 1
160.374 15.4346 0 1
160.481 15.4784 0 1
160.591 15.5229 0 1
160.706 15.5577 0 1
160.822 15.5463 0 1
160.919 15.4854 0 1
161.011 15.423 0 1
161.107 15.3729 0 1
161.208 15.3431 0 1
161.314 15.3385 0 1
161.417 15.3605 0 1
161.513 15.4064 0 1
161.601 15.4703 0 1
161.685 15.5442 0 1
161.778 15.6136 0 1
161.897 15.6151 0 1
162.016 15.5971 0 1
162.135 15.5758 0 1
162.253 15.5544 0 1
162.37 15.5326 0 1
162.483 15.5129 0 1
162.599 15.5148 0 1
162.715 15.5177 0 1
162.831 15.5176 0 1
162.945 15.5169 0 1
163.056 15.5364 0 1
163.169 15.556 0 1
163.282 15.5757 0 1
163.389 15.6154 0 1
163.5 15.6563 0 1
163.613 15.6954 0 1
163.727 15.7297 0 1
163.845 15.744 0 1
163.946 15.6873 0 1
164.04 15.6248 0 1
164.135 15.5729 0 1
164.237 15.5398 0 1
164.342 15.531 0 1
164.447 15.5482 0 1
164.546 15.5891 0 1
164.637 15.6487 0 1
164.722 15.7203 0 1
164.813 15.7923 0 1
164.928 15.8199 0 1
165.049 15.8039 0 1
165.168 15.7795 0 1
165.284 15.7538 0 1
165.398 15.7301 0 1
165.513 15.7279 0 1
165.63 15.7266 0 1
165.746 15.7223 0 1
165.86 15.7175 0 1
165.973 15.7328 0 1
166.087 15.7482 0 1
166.2 15.7637 0 1
166.309 15.7995 0 1
166.422 15.8366 0 1
166.537 15.8728 0 1
166.652 15.9083 0 1
166.769 15.9403 0 1
166.888 15.9532 0 1
166.99 15.8967 0 1
167.085 15.8352 0 1
167.182 15.7846 0 1
167.284 15.7526 0 1
167.391 15.7444 0 1
167.496 15.7614 0 1
167.595 15.8019 0 1
167.687 15.8609 0 1
167.774 15.9318 0 1
167.866 16.0035 0 1
167.981 16.0316 0 1
168.102 16.0166 0 1
168.221 15.9927 0 1
168.337 15.9666 0 1
168.449 15.9413 0 1
168.564 15.9365 0 1
168.678 15.9317 0 1
168.792 15.9261 0 1
168.904 15.9401 0 1
169.019 15.953 0 1
169.134 15.9614 0 1
169.247 15.9683 0 1
169.358 15.9944 0 1
169.47 16.0201 0 1
169.582 16.0457 0 1
169.689 16.0904 0 1
169.799 16.1349 0 1
169.916 16.1697 0 1
170.034 16.1606 0 1
170.136 16.1056 0 1
170.235 16.0514 0 1
170.337 16.0101 0 1
170.443 15.9881 0 1
170.551 15.989 0 1
170.655 16.0136 0 1
170.754 16.0598 0 1
170.845 16.123 0 1
170.932 16.197 0 1
171.026 16.2689 0 1
171.147 16.2789 0 1
171.269 16.2714 0 1
171.391 16.2607 0 1
171.512 16.2494 0 1
171.632 16.2372 0 1
171.749 16.2262 0 1
171.866 16.2358 0 1
171.984 16.2459 0 1
172.101 16.2531 0 1
172.217 16.2599 0 1
172.331 16.2862 0 1
172.446 16.3126 0 1
172.562 16.3363 0 1
172.678 16.3604 0 1
172.787 16.4036 0 1
172.901 16.4472 0 1
173.019 16.4816 0 1
173.138 16.4727 0 1
173.241 16.4187 0 1
173.341 16.3655 0 1
173.444 16.3252 0 1
173.551 16.3038 0 1
173.659 16.3047 0 1
173.765 16.3293 0 1
173.864 16.3751 0 1
173.956 16.4383 0 1
174.043 16.5133 0 1
174.136 16.5876 0 1
174.256 16.6034 0 1
174.377 16.6028 0 1
174.498 16.599 0 1
174.618 16.5941 0 1
174.736 16.5873 0 1
174.851 16.5803 0 1
174.964 16.5936 0 1
175.078 16.6063 0 1
175.191 16.6178 0 1
175.3 16.6482 0 1
175.412 16.6776 0 1
175.526 16.703 0 1
175.639 16.7278 0 1
175.745 16.772 0 1
175.855 16.817 0 1
175.967 16.86 0 1
176.082 16.8978 0 1
176.2 16.9161 0 1
176.306 16.8657 0 1
176.405 16.8108 0 1
176.507 16.7672 0 1
176.612 16.7422 0 1
176.72 16.7404 0 1
176.825 16.7637 0 1
176.923 16.8099 0 1
177.012 16.8746 0 1
177.095 16.9525 0 1
177.179 17.0343 0 1
177.289 17.081 0 1
177.41 17.0883 0 1
177.529 17.0867 0 1
177.646 17.082 0 1
177.759 17.0772 0 1
177.871 17.0937 0 1
177.983 17.1098 0 1
178.094 17.1246 0 1
178.2 17.1591 0 1
178.31 17.1928 0 1
178.421 17.2223 0 1
178.531 17.2514 0 1
178.634 17.3007 0 1
178.741 17.3519 0 1
178.852 17.4018 0 1
178.967 17.4461 0 1
179.088 17.453 0 1
179.177 17.3805 0 1
179.252 17.2991 0 1
179.325 17.2221 0 1
179.405 17.1555 0 1
179.493 17.1041 0 1
179.589 17.072 0 1
179.689 17.0603 0 1
179.79 17.068 0 1
179.888 17.0947 0 1
179.978 17.1409 0 1
180.056 17.2056 0 1
180.119 17.2866 0 1
180.166 17.3799 0 1
180.2 17.4816 0 1
180.229 17.5893 0 1
180.268 17.6993 0 1
180.367 17.7667 0 1
180.482 17.804 0 1
180.596 17.8359 0 1
180.708 17.8659 0 1
180.818 17.8924 0 1
180.924 17.9174 0 1
181.022 17.9632 0 1
181.121 18.0079 0 1
181.219 18.0502 0 1
181.307 18.1105 0 1
181.398 18.1688 0 1
181.493 18.2199 0 1
181.588 18.2664 0 1
181.674 18.3294 0 1
181.761 18.3902 0 1
181.85 18.4478 0 1
181.927 18.5205 0 1
182.008 18.5912 0 1
182.095 18.6551 0 1
182.183 18.7143 0 1
182.258 18.788 0 1
182.337 18.8598 0 1
182.418 18.9284 0 1
182.485 19.0102 0 1
182.557 19.0906 0 1
182.636 19.1648 0 1
182.716 19.2344 0 1
182.782 19.3167 0 1
182.852 19.3976 0 1
182.924 19.4753 0 1
182.982 19.5646 0 1
183.045 19.6529 0 1
183.114 19.7358 0 1
183.186 19.8144 0 1
183.243 19.904 0 1
183.304 19.9924 0 1
183.367 20.078 0 1
183.415 20.1734 0 1
183.468 20.2684 0 1
183.528 20.359 0 1
183.591 20.4457 0 1
183.638 20.5419 0 1
183.688 20.6376 0 1
183.742 20.7313 0 1
183.778 20.8333 0 1
183.82 20.9363 0 1
183.874 21.0347 0 1
183.953 21.1135 0 1
184.066 21.1131 0 1
184.173 21.0939 0 1
184.279 21.0798 0 1
184.382 21.0845 0 1
184.479 21.1173 0 1
184.559 21.1799 0 1
184.615 21.2659 0 1
184.646 21.3654 0 1
184.659 21.4718 0 1
184.663 21.583 0 1
184.679 21.6987 0 1
184.762 21.7825 0 1
184.868 21.8385 0 1
184.974 21.8903 0 1
185.078 21.9433 0 1
185.18 21.9975 0 1
185.281 22.0522 0 1
185.381 22.1063 0 1
185.48 22.1579 0 1
185.579 22.2053 0 1
185.675 22.2506 0 1
185.759 22.3153 0 1
185.844 22.379 0 1
185.928 22.4401 0 1
185.999 22.5172 0 1
186.073 22.5928 0 1
186.153 22.6616 0 1
186.235 22.7261 0 1
186.302 22.8049 0 1
186.372 22.8822 0 1
186.444 22.9565 0 1
186.501 23.0434 0 1
186.562 23.1291 0 1
186.631 23.209 0 1
186.703 23.2846 0 1
186.758 23.3722 0 1
186.817 23.4588 0 1
186.878 23.5429 0 1
186.922 23.6373 0 1
186.97 23.7316 0 1
187.027 23.8217 0 1
187.085 23.9085 0 1
187.126 24.0048 0 1
187.169 24.1012 0 1
187.215 24.196 0 1
187.24 24.2982 0 1
187.269 24.4021 0 1
187.305 24.5045 0 1
187.341 24.6059 0 1
187.356 24.713 0 1
187.372 24.823 0 1
187.392 24.9344 0 1
187.416 25.0467 0 1
187.447 25.1586 0 1
187.501 25.2615 0 1
187.615 25.2728 0 1
187.722 25.2506 0 2
187.82 25.2094 0 2
187.905 25.1519 0 2
187.976 25.0805 0 2
188.035 24.9997 0 2
188.087 24.9151 0 2
188.143 24.8326 0 2
188.209 24.7588 0 2
188.291 24.7026 0 2
188.386 24.6742 0 2
188.485 24.6815 0 2
188.573 24.7254 0 2
188.64 24.7987 0 2
188.679 24.8903 0 2
188.69 24.9892 0 2
188.678 25.0883 0 2
188.649 25.1839 0 2
188.608 25.275 0 2
188.56 25.3624 0 2
188.507 25.4475 0 2
188.454 25.5319 0 2
188.402 25.6171 0 2
188.353 25.7042 0 2
188.309 25.7938 0 2
188.271 25.8859 0 2
188.239 25.9804 0 2
188.213 26.0769 0 2
188.193 26.1756 0 2
188.175 26.2762 0 2
188.162 26.3797 0 2
188.158 26.4872 0 2
188.182 26.5955 0 2
188.281 26.6533 0 2
188.392 26.6856 0 2
188.502 26.7107 0 2
188.608 26.7515 0 2
188.715 26.7911 0 2
188.821 26.8283 0 2
188.92 26.8814 0 2
189.022 26.9329 0 2
189.123 26.9813 0 2
189.216 27.0445 0 2
189.311 27.1061 0 2
189.407 27.1643 0 2
189.493 27.2358 0 2
189.582 27.305 0 2
189.672 27.3696 0 2
189.752 27.4469 0 2
189.831 27.5248 0 2
189.897 27.6143 0 2
189.968 27.7033 0 2
190.041 27.7904 0 2
190.1 27.8879 0 2
190.163 27.9866 0 2
190.229 28.0832 0 2
190.296 28.1777 0 2
190.347 28.2814 0 2
190.4 28.3861 0 2
190.453 28.4896 0 2
190.489 28.6004 0 2
190.527 28.7133 0 2
190.569 28.826 0 2
190.61 28.9379 0 2
190.632 29.0553 0 2
190.655 29.1762 0 2
190.68 29.2988 0 2
190.709 29.4218 0 2
190.757 29.5385 0 2
190.869 29.5599 0 2
190.977 29.547 0 2
191.078 29.5135 0 2
191.167 29.4608 0 2
191.238 29.3886 0 2
191.286 29.3003 0 2
191.309 29.2027 0 2
191.309 29.1025 0 2
191.292 29.0036 0 2
191.264 28.9072 0 2
191.229 28.8131 0 2
191.191 28.7203 0 2
191.153 28.6276 0 2
191.117 28.5339 0 2
191.088 28.4381 0 2
191.072 28.3395 0 2
191.077 28.2399 0 2
191.11 28.1461 0 2
191.173 28.0694 0 2
191.26 28.0228 0 2
191.359 28.0142 0 2
191.454 28.0432 0 2
191.534 28.1025 0 2
191.594 28.1822 0 2
191.635 28.2738 0 2
191.658 28.3713 0 2
191.668 28.4712 0 2
191.668 28.5716 0 2
191.662 28.6719 0 2
191.651 28.7718 0 2
191.638 28.8715 0 2
191.625 28.9711 0 2
191.612 29.0708 0 2
191.6 29.1707 0 2
191.589 29.2707 0 2
191.581 29.371 0 2
191.574 29.4714 0 2
191.57 29.5719 0 2
191.566 29.6725 0 2
191.563 29.7732 0 2
191.56 29.8738 0 2
191.554 29.9743 0 2
191.544 30.0746 0 2
191.528 30.1744 0 2
191.504 30.2734 0 2
191.471 30.3717 0 2
191.433 30.4703 0 2
191.395 30.5721 0 2
191.375 30.6825 0 2
191.437 30.7835 0 2
191.519 30.8709 0 2
191.603 30.9539 0 2
191.675 31.0476 0 2
191.749 31.1419 0 2
191.825 31.2334 0 2
191.902 31.3209 0 2
191.965 31.4184 0 2
192.026 31.5168 0 2
192.073 31.6237 0 2
192.123 31.7322 0 2
192.177 31.8393 0 2
192.232 31.9444 0 2
192.271 32.0565 0 2
192.312 32.17 0 2
192.352 32.283 0 2
192.375 32.4011 0 2
192.399 32.5223 0 2
192.424 32.6447 0 2
192.45 32.7672 0 2
192.474 32.8888 0 2
192.479 33.0127 0 2
192.482 33.1398 0 2
192.484 33.2688 0 2
192.484 33.3988 0 2
192.481 33.5291 0 2
192.476 33.6591 0 2
192.469 33.7882 0 2
192.461 33.9156 0 2
192.451 34.0401 0 2
192.424 34.1621 0 2
192.397 34.2865 0 2
192.391 34.4138 0 2
192.483 34.4801 0 2
192.586 34.5144 0 2
192.691 34.5285 0 2
192.794 34.5241 0 2
192.892 34.4999 0 2
192.983 34.4565 0 2
193.063 34.3973 0 2
193.135 34.3272 0 2
193.199 34.2503 0 2
193.258 34.1697 0 2
193.316 34.0878 0 2
193.374 34.0065 0 2
193.436 33.9279 0 2
193.504 33.8541 0 2
193.578 33.7879 0 2
193.661 33.7322 0 2
193.752 33.6905 0 2
193.849 33.666 0 2
193.949 33.6616 0 2
194.047 33.6789 0 2
194.138 33.7181 0 2
194.219 33.7773 0 2
194.283 33.8533 0 2
194.329 33.9418 0 2
194.356 34.038 0 2
194.363 34.1376 0 2
194.353 34.237 0 2
194.327 34.3336 0 2
194.288 34.4256 0 2
194.238 34.5123 0 2
194.179 34.5933 0 2
194.113 34.669 0 2
194.043 34.7397 0 2
193.968 34.8061 0 2
193.89 34.869 0 2
193.809 34.929 0 2
193.728 34.9869 0 2
193.645 35.0432 0 2
193.561 35.0985 0 2
193.477 35.1533 0 2
193.393 35.2077 0 2
193.309 35.2621 0 2
193.224 35.3164 0 2
193.14 35.3706 0 2
193.055 35.4245 0 2
192.97 35.4777 0 2
192.884 35.5298 0 2
192.797 35.5806 0 2
192.707 35.631 0 2
192.616 35.6836 0 2
192.526 35.7438 0 2
192.449 35.8247 0 2
192.452 35.9446 0 2
192.479 36.0633 0 2
192.512 36.1799 0 2
192.546 36.2936 0 2
192.564 36.4106 0 2
192.583 36.5281 0 2
192.604 36.6437 0 2
192.609 36.7611 0 2
192.616 36.8795 0 2
192.625 36.9967 0 2
192.617 37.1141 0 2
192.611 37.2331 0 2
192.607 37.3516 0 2
192.586 37.4686 0 2
192.566 37.5883 0 2
192.549 37.7087 0 2
192.534 37.8276 0 2
192.501 37.9429 0 2
192.469 38.0599 0 2
192.437 38.1765 0 2
192.388 38.2873 0 2
192.338 38.401 0 2
192.289 38.5165 0 2
192.24 38.6322 0 2
192.19 38.7456 0 2
192.125 38.8504 0 2
192.056 38.9566 0 2
191.987 39.0638 0 2
191.918 39.1707 0 2
191.85 39.2766 0 2
191.784 39.3797 0 2
191.703 39.4719 0 2
191.621 39.5649 0 2
191.543 39.6613 0 2
191.489 39.7689 0 2
191.534 39.8707 0 2
191.605 39.9519 0 2
191.687 40.017 0 2
191.777 40.0673 0 2
191.872 40.1029 0 2
191.97 40.1249 0 2
192.069 40.1359 0 2
192.17 40.1393 0 2
192.27 40.1385 0 2
192.37 40.1362 0 2
192.47 40.1355 0 2
192.57 40.139 0 2
192.67 40.1494 0 2
192.768 40.1694 0 2
192.863 40.2013 0 2
192.952 40.2468 0 2
193.031 40.307 0 2
193.098 40.3813 0 2
193.147 40.468 0 2
193.176 40.5635 0 2
193.182 40.663 0 2
193.166 40.7614 0 2
193.128 40.8536 0 2
193.071 40.9358 0 2
192.999 41.0054 0 2
192.917 41.0615 0 2
192.826 41.1041 0 2
192.73 41.1341 0 2
192.632 41.153 0 2
192.532 41.1623 0 2
192.432 41.1638 0 2
192.332 41.159 0 2
192.232 41.1492 0 2
192.133 41.1356 0 2
192.034 41.1193 0 2
191.935 41.1012 0 2
191.836 41.0819 0 2
191.738 41.0621 0 2
191.639 41.0422 0 2
191.541 41.0226 0 2
191.442 41.0036 0 2
191.343 40.9853 0 2
191.242 40.9681 0 2
191.141 40.953 0 2
191.036 40.9417 0 2
190.928 40.9395 0 2
190.819 40.9636 0 2
190.758 41.0631 0 2
190.721 41.1746 0 2
190.692 41.2859 0 2
190.648 41.392 0 2
190.608 41.4997 0 2
190.572 41.6068 0 2
190.521 41.7074 0 2
190.471 41.808 0 2
190.406 41.9008 0 2
190.344 41.998 0 2
190.286 42.0966 0 2
190.214 42.1865 0 2
190.144 42.2797 0 2
190.075 42.3737 0 2
189.993 42.457 0 2
189.911 42.5436 0 2
189.83 42.633 0 2
189.752 42.7218 0 2
189.661 42.7979 0 2
189.569 42.8758 0 2
189.48 42.9562 0 2
189.394 43.036 0 2
189.296 43.1021 0 2
189.199 43.1699 0 2
189.104 43.2382 0 2
189 43.2921 0 2
188.895 43.3482 0 2
188.792 43.4051 0 2
188.681 43.4464 0 2
188.568 43.4897 0 2
188.456 43.5362 0 2
188.345 43.5824 0 2
188.229 43.6115 0 2
188.11 43.6414 0 2
187.99 43.6739 0 2
187.874 43.7121 0 2
187.77 43.7725 0 2
187.753 43.8829 0 2
187.769 43.99 0 2
187.804 44.0895 0 2
187.853 44.18 0 2
187.915 44.2606 0 2
187.987 44.3305 0 2
188.067 44.3914 0 2
188.151 44.4459 0 2
188.238 44.4966 0 2
188.325 44.5461 0 2
188.412 44.597 0 2
188.496 44.6517 0 2
188.576 44.7125 0 2
188.648 44.7812 0 2
188.711 44.8591 0 2
188.76 44.9461 0 2
188.792 45.0409 0 2
188.802 45.1402 0 2
188.788 45.239 0 2
188.749 45.331 0 2
188.689 45.4103 0 2
188.611 45.4719 0 2
188.52 45.5132 0 2
188.422 45.5338 0 2
188.322 45.5348 0 2
188.223 45.5189 0 2
188.128 45.4889 0 2
188.036 45.4476 0 2
187.949 45.3977 0 2
187.866 45.3412 0 2
187.787 45.2799 0 2
187.71 45.2151 0 2
187.635 45.148 0 2
187.562 45.0793 0 2
187.489 45.0099 0 2
187.416 44.9401 0 2
187.343 44.8706 0 2
187.27 44.8016 0 2
187.196 44.7334 0 2
187.121 44.6666 0 2
187.043 44.6008 0 2
186.963 44.5363 0 2
186.878 44.4745 0 2
186.784 44.4193 0 2
186.677 44.3861 0 2
186.577 44.4395 0 2
186.495 44.5173 0 2
186.422 44.6 0 2
186.339 44.6708 0 2
186.256 44.7407 0 2
186.162 44.7968 0 2
186.071 44.8587 0 2
185.985 44.925 0 2
185.89 44.9774 0 2
185.795 45.03 0 2
185.692 45.0674 0 2
185.588 45.1105 0 2
185.486 45.1568 0 2
185.378 45.1872 0 2
185.268 45.2209 0 2
185.158 45.2596 0 2
185.05 45.2989 0 2
184.937 45.3201 0 2
184.823 45.3426 0 2
184.708 45.369 0 2
184.595 45.3956 0 2
184.48 45.4033 0 2
184.362 45.4119 0 2
184.244 45.4238 0 2
184.128 45.4357 0 2
184.012 45.428 0 2
183.893 45.4201 0 2
183.773 45.4146 0 2
183.654 45.4118 0 2
183.538 45.4095 0 2
183.424 45.3882 0 2
183.308 45.367 0 2
183.193 45.3461 0 2
183.083 45.3076 0 2
182.967 45.2722 0 2
182.845 45.2599 0 2
182.774 45.3472 0 2
182.729 45.4469 0 2
182.696 45.5471 0 2
182.665 45.645 0 2
182.628 45.7391 0 2
182.579 45.8264 0 2
182.514 45.9023 0 2
182.435 45.9614 0 2
182.342 45.9983 0 2
182.244 46.0097 0 2
182.145 45.9953 0 2
182.053 45.9577 0 2
181.971 45.9015 0 2
181.9 45.8314 0 2
181.839 45.752 0 2
181.787 45.6668 0 0
181.74 45.5778 0 0
181.695 45.4864 0 0
181.648 45.3936 0 0
181.594 45.3007 0 0
181.524 45.2129 0 0
181.422 45.1698 0 0
181.31 45.1737 0 0
181.199 45.1868 0 0
181.089 45.2003 0 0
180.981 45.2145 0 0
180.875 45.2312 0 0
180.771 45.2528 0 0
180.671 45.2807 0 0
180.575 45.3099 0 0
180.475 45.3152 0 0
180.376 45.3235 0 0
180.279 45.3359 0 0
180.181 45.3267 0 0
180.083 45.3225 0 0
179.986 45.3233 0 0
179.89 45.3039 0 0
179.792 45.2912 0 0
179.693 45.2926 0 0
179.596 45.3015 0 0
179.5 45.2913 0 0
179.403 45.2871 0 0
179.307 45.2895 0 0
179.213 45.2737 0 0
179.116 45.265 0 0
179.021 45.2642 0 0
178.927 45.246 0 0
178.831 45.2355 0 0
178.736 45.2328 0 0
178.642 45.213 0 0
178.546 45.2008 0 0
178.451 45.1962 0 0
178.357 45.1742 0 0
178.262 45.1588 0 0
178.166 45.1498 0 0
178.073 45.123 0 0
177.976 45.1038 0 0
177.878 45.0994 0 0
177.781 45.1032 0 0
177.685 45.0891 0 0
177.589 45.0814 0 0
177.493 45.0807 0 0
177.398 45.0626 0 0
177.302 45.0521 0 0
177.207 45.0495 0 0
177.113 45.0303 0 0
177.017 45.0188 0 0
176.921 45.0153 0 0
176.827 44.9953 0 0
176.731 44.9829 0 0
176.635 44.9785 0 0
176.542 44.9576 0 0
176.446 44.9443 0 0
176.35 44.9387 0 0
176.256 44.9161 0 0
176.16 44.9001 0 0
176.064 44.8906 0 0
175.97 44.8635 0 0
175.873 44.844 0 0
175.774 44.839 0 0
175.677 44.842 0 0
175.581 44.8274 0 0
175.483 44.819 0 0
175.387 44.8178 0 0
175.292 44.7993 0 0
175.195 44.7883 0 0
175.099 44.7852 0 0
175.005 44.7655 0 0
174.908 44.7535 0 0
174.812 44.7494 0 0
174.717 44.7286 0 0
174.621 44.7154 0 0
174.524 44.7099 0 0
174.43 44.6872 0 0
174.333 44.671 0 0
174.236 44.6612 0 0
174.142 44.6338 0 0
174.045 44.6137 0 0
173.946 44.6077 0 0
173.848 44.6098 0 0
173.751 44.5942 0 0
173.654 44.5849 0 0
173.557 44.5827 0 0
173.462 44.5634 0 0
173.365 44.5515 0 0
173.268 44.5476 0 0
173.173 44.5272 0 0
173.076 44.5144 0 0
172.98 44.5095 0 0
172.885 44.4882 0 0
172.788 44.4744 0 0
172.691 44.4683 0 0
172.597 44.4453 0 0
172.5 44.4288 0 0
172.403 44.4188 0 0
172.308 44.3914 0 0
172.211 44.3715 0 0
172.111 44.3656 0 0
172.013 44.3677 0 0
171.916 44.3523 0 0
171.818 44.3432 0 0
171.721 44.3412 0 0
171.625 44.3222 0 0
171.528 44.3106 0 0
171.431 44.3069 0 0
171.336 44.2869 0 0
171.239 44.2745 0 0
171.141 44.2701 0 0
171.047 44.2494 0 0
170.949 44.2364 0 0
170.852 44.2313 0 0
170.757 44.2099 0 0
170.66 44.196 0 0
170.563 44.1898 0 0
170.468 44.1667 0 0
170.37 44.1503 0 0
170.273 44.1403 0 0
170.178 44.113 0 0
170.08 44.093 0 0
169.98 44.0868 0 0
169.881 44.0885 0 0
169.784 44.0727 0 0
169.685 44.0631 0 0
169.588 44.0605 0 0
169.492 44.041 0 0
169.394 44.0289 0 0
169.296 44.0245 0 0
169.201 44.0037 0 0
169.103 43.9905 0 0
169.005 43.985 0 0
168.91 43.9631 0 0
168.812 43.9486 0 0
168.715 43.9417 0 0
168.619 43.9178 0 0
168.522 43.9004 0 0
168.423 43.8892 0 0
168.328 43.8606 0 0
168.23 43.839 0 0
168.129 43.8305 0 0
168.03 43.8294 0 0
167.932 43.8104 0 0
167.833 43.7971 0 0
167.734 43.7901 0 0
167.638 43.7652 0 0
167.54 43.7466 0 0
167.441 43.7342 0 0
167.345 43.703 0 0
167.247 43.6761 0 0
167.147 43.6528 0 0
167.053 43.6086 0 0
166.954 43.5659 0 0
166.848 43.5294 0 0
166.737 43.5044 0 0
166.623 43.5229 0 0
166.553 43.6134 0 0
166.502 43.7104 0 0
166.454 43.8042 0 0
166.399 43.8906 0 0
166.329 43.9635 0 0
166.244 44.0146 0 0
166.147 44.0371 0 0
166.048 44.0283 0 0
165.957 43.99 0 0
165.878 43.9283 0 0
165.816 43.8496 0 0
165.766 43.7605 0 0
165.722 43.6657 0 0
165.674 43.5688 0 0
165.609 43.4769 0 0
165.502 43.4348 0 0
165.38 43.4461 0 0
165.265 43.4858 0 0
165.154 43.5302 0 0
165.046 43.5759 0 0
164.942 43.624 0 0
164.843 43.6759 0 0
164.749 43.7285 0 0
164.648 43.7626 0 0
164.549 43.8002 0 0
164.453 43.8417 0 0
164.352 43.8665 0 0
164.252 43.8973 0 0
164.156 43.9339 0 0
164.056 43.9548 0 0
163.956 43.9824 0 0
163.859 44.0162 0 0
163.759 44.0346 0 0
163.658 44.0602 0 0
163.561 44.0921 0 0
163.46 44.1086 0 0
163.36 44.1323 0 0
163.262 44.1624 0 0
163.16 44.1766 0 0
163.058 44.1975 0 0
162.959 44.2239 0 0
162.856 44.2338 0 0
162.751 44.2505 0 0
162.65 44.2783 0 0
162.552 44.3118 0 0
162.45 44.329 0 0
162.349 44.352 0 0
162.25 44.381 0 0
162.149 44.3941 0 0
162.047 44.4142 0 0
161.949 44.441 0 0
161.847 44.4521 0 0
161.745 44.4706 0 0
161.646 44.4957 0 0
161.545 44.5052 0 0
161.443 44.522 0 0
161.343 44.5454 0 0
161.241 44.5528 0 0
161.138 44.5668 0 0
161.036 44.5866 0 0
160.933 44.5896 0 0
160.828 44.5994 0 0
160.725 44.6205 0 0
160.625 44.6477 0 0
160.522 44.6583 0 0
160.419 44.6748 0 0
160.32 44.6974 0 0
160.217 44.7041 0 0
160.115 44.7179 0 0
160.015 44.7384 0 0
159.913 44.7434 0 0
159.81 44.7556 0 0
159.71 44.7747 0 0
159.608 44.7783 0 0
159.506 44.7891 0 0
159.405 44.8069 0 0
159.303 44.809 0 0
159.2 44.8183 0 0
159.099 44.8344 0 0
158.996 44.8345 0 0
158.893 44.8412 0 0
158.79 44.8536 0 0
158.687 44.8493 0 0
158.581 44.8517 0 0
158.476 44.8653 0 0
158.375 44.8851 0 0
158.271 44.8881 0 0
158.168 44.8968 0 0
158.066 44.9117 0 0
157.964 44.9101 0 0
157.86 44.9154 0 0
157.759 44.9274 0 0
157.656 44.9234 0 0
157.553 44.9263 0 0
157.451 44.936 0 0
157.349 44.9297 0 0
157.245 44.9302 0 0
157.143 44.9376 0 0
157.041 44.9287 0 0
156.937 44.9263 0 0
156.834 44.9297 0 0
156.731 44.9163 0 0
156.626 44.9094 0 0
156.52 44.9139 0 0
156.417 44.9249 0 0
156.314 44.9191 0 0
156.21 44.9193 0 0
156.108 44.926 0 0
156.006 44.9166 0 0
155.903 44.9142 0 0
155.801 44.9189 0 0
155.699 44.9079 0 0
155.596 44.9041 0 0
155.494 44.9075 0 0
155.392 44.8952 0 0
155.289 44.8901 0 0
155.187 44.8922 0 0
155.086 44.8786 0 0
154.983 44.8721 0 0
154.88 44.8726 0 0
154.779 44.8571 0 0
154.675 44.8479 0 0
154.572 44.8448 0 0
154.471 44.8249 0 0
154.366 44.8114 0 0
154.26 44.8093 0 0
154.157 44.8139 0 0
154.054 44.8017 0 0
153.951 44.7954 0 0
153.848 44.7957 0 0
153.747 44.78 0 0
153.644 44.7711 0 0
153.542 44.7695 0 0
153.441 44.7522 0 0
153.338 44.7418 0 0
153.236 44.7387 0 0
153.135 44.7199 0 0
153.032 44.708 0 0
152.93 44.7032 0 0
152.83 44.6824 0 0
152.727 44.6678 0 0
152.624 44.6591 0 0
152.523 44.6339 0 0
152.419 44.6148 0 0
152.314 44.6069 0 0
152.21 44.6058 0 0
152.108 44.5878 0 0
152.005 44.5756 0 0
151.902 44.5699 0 0
151.802 44.548 0 0
151.699 44.5326 0 0
151.596 44.524 0 0
151.496 44.4993 0 0
151.393 44.4808 0 0
151.29 44.4685 0 0
151.19 44.4391 0 0
151.086 44.4145 0 0
150.982 44.3939 0 0
150.882 44.3543 0 0
150.778 44.3166 0 0
150.669 44.284 0 0
150.557 44.2549 0 0
150.443 44.2279 0 0
150.327 44.2032 0 0
150.208 44.1862 0 0
150.092 44.2098 0 0
150.024 44.3029 0 0
149.975 44.4012 0 0
149.926 44.4955 0 0
149.87 44.5822 0 0
149.802 44.6569 0 0
149.719 44.7142 0 0
149.626 44.7498 0 0
149.527 44.7617 0 0
149.427 44.7496 0 0
149.334 44.7142 0 0
149.251 44.6576 0 0
149.181 44.5843 0 0
149.122 44.4992 0 0
149.07 44.4068 0 0
149.016 44.3111 0 0
148.943 44.2222 0 0
148.826 44.2059 0 0
148.708 44.2307 0 0
148.594 44.2636 0 0
148.483 44.2994 0 0
148.376 44.3384 0 0
148.273 44.382 0 0
148.175 44.4272 0 0
148.071 44.4539 0 0
147.968 44.4845 0 0
147.869 44.5196 0 0
147.766 44.5379 0 0
147.664 44.5621 0 0
147.564 44.5923 0 0
147.461 44.6062 0 0
147.358 44.6265 0 0
147.257 44.6521 0 0
147.153 44.6611 0 0
147.047 44.6767 0 0
146.944 44.7031 0 0
146.845 44.7351 0 0
146.742 44.7509 0 0
146.64 44.7725 0 0
146.541 44.8001 0 0
146.438 44.8119 0 0
146.336 44.8308 0 0
146.236 44.8563 0 0
146.134 44.8664 0 0
146.032 44.8838 0 0
145.932 44.9079 0 0
145.83 44.9166 0 0
145.727 44.9326 0 0
145.627 44.9554 0 0
145.524 44.9627 0 0
145.421 44.9772 0 0
145.321 44.9985 0 0
145.218 45.0038 0 0
145.114 45.0159 0 0
145.012 45.0336 0 0
144.907 45.0348 0 0
144.802 45.0427 0 0
144.697 45.0617 0 0
144.596 45.0867 0 0
144.493 45.0953 0 0
144.389 45.1098 0 0
144.288 45.1304 0 0
144.186 45.1352 0 0
144.082 45.147 0 0
143.981 45.1656 0 0
143.879 45.1686 0 0
143.775 45.1789 0 0
143.674 45.196 0 0
143.571 45.1975 0 0
143.468 45.2061 0 0
143.366 45.2216 0 0
143.263 45.221 0 0
143.159 45.2271 0 0
143.056 45.2389 0 0
142.952 45.2341 0 0
142.846 45.2359 0 0
142.74 45.2489 0 0
142.638 45.2681 0 0
142.535 45.2707 0 0
142.43 45.2793 0 0
142.329 45.2942 0 0
142.226 45.2931 0 0
142.122 45.299 0 0
142.02 45.3119 0 0
141.918 45.3092 0 0
141.814 45.3136 0 0
141.712 45.3251 0 0
141.61 45.321 0 0
141.506 45.324 0 0
141.404 45.334 0 0
141.302 45.3282 0 0
141.198 45.3294 0 0
141.095 45.3373 0 0
140.992 45.329 0 0
140.888 45.327 0 0
140.784 45.3307 0 0
140.681 45.3176 0 0
140.575 45.3108 0 0
140.47 45.3151 0 0
140.366 45.3259 0 0
140.263 45.32 0 0
140.158 45.3199 0 0
140.056 45.3263 0 0
139.953 45.3167 0 0
139.849 45.314 0 0
139.747 45.3184 0 0
139.645 45.3071 0 0
139.541 45.3028 0 0
139.439 45.3056 0 0
139.337 45.2928 0 0
139.233 45.287 0 0
139.131 45.2881 0 0
139.029 45.2733 0 0
138.925 45.2648 0 0
138.821 45.2622 0 0
138.719 45.243 0 0
138.614 45.2301 0 0
138.508 45.2284 0 0
138.405 45.2333 0 0
138.302 45.2216 0 0
138.197 45.2157 0 0
138.095 45.2165 0 0
137.993 45.2012 0 0
137.89 45.1928 0 0
137.787 45.1916 0 0
137.686 45.1748 0 0
137.583 45.165 0 0
137.481 45.1624 0 0
137.38 45.1443 0 0
137.277 45.1332 0 0
137.175 45.1293 0 0
137.074 45.1099 0 0
136.971 45.0973 0 0
136.869 45.0918 0 0
136.768 45.0704 0 0
136.665 45.0552 0 0
136.562 45.046 0 0
136.461 45.0203 0 0
136.357 45.0007 0 0
136.252 44.9922 0 0
136.148 44.9905 0 0
136.046 44.9722 0 0
135.942 44.9597 0 0
135.84 44.9538 0 0
135.739 44.932 0 0
135.637 44.9169 0 0
135.535 44.909 0 0
135.435 44.8855 0 0
135.332 44.8689 0 0
135.23 44.8594 0 0
135.131 44.8344 0 0
135.029 44.8159 0 0
134.926 44.8043 0 0
134.827 44.7767 0 0
134.725 44.755 0 0
134.622 44.7388 0 0
134.523 44.706 0 0
134.419 44.6786 0 0
134.314 44.6614 0 0
134.209 44.6497 0 0
134.107 44.6199 0 0
134.003 44.5936 0 0
133.898 44.5706 0 0
133.798 44.5284 0 0
133.693 44.4877 0 0
133.584 44.4516 0 0
133.471 44.4196 0 0
133.354 44.3968 0 0
133.237 44.4155 0 0
133.166 44.506 0 0
133.114 44.6027 0 0
133.063 44.6959 0 0
133.005 44.7815 0 0
132.936 44.8554 0 0
132.853 44.9122 0 0
132.76 44.9474 0 0
132.66 44.9591 0 0
132.561 44.9464 0 0
132.468 44.9101 0 0
132.386 44.8523 0 0
132.318 44.7775 0 0
132.262 44.691 0 0
132.212 44.5972 0 0
132.161 44.5 0 0
132.091 44.4088 0 0
131.974 44.3888 0 0
131.855 44.4094 0 0
131.739 44.4377 0 0
131.625 44.4679 0 0
131.514 44.5 0 0
131.405 44.5352 0 0
131.3 44.5746 0 0
131.198 44.6147 0 0
131.092 44.635 0 0
130.985 44.6585 0 0
130.882 44.6904 0 0
130.783 44.7266 0 0
130.68 44.7455 0 0
130.577 44.7697 0 0
130.478 44.7993 0 0
130.376 44.8129 0 0
130.274 44.833 0 0
130.174 44.8597 0 0
130.072 44.8707 0 0
129.97 44.8889 0 0
129.87 44.9137 0 0
129.768 44.9231 0 0
129.666 44.9396 0 0
129.565 44.9628 0 0
129.463 44.9701 0 0
129.36 44.984 0 0
129.258 45.0037 0 0
129.154 45.0068 0 0
129.049 45.0167 0 0
128.945 45.0378 0 0
128.845 45.0649 0 0
128.742 45.0755 0 0
128.639 45.0922 0 0
128.539 45.115 0 0
128.436 45.1219 0 0
128.333 45.136 0 0
128.233 45.1569 0 0
128.131 45.1622 0 0
128.028 45.1749 0 0
127.928 45.1945 0 0
127.826 45.1986 0 0
127.723 45.21 0 0
127.622 45.2283 0 0
127.52 45.2311 0 0
127.416 45.2412 0 0
127.315 45.258 0 0
127.212 45.2589 0 0
127.109 45.2665 0 0
127.006 45.2798 0 0
126.902 45.2766 0 0
126.796 45.28 0 0
126.692 45.2947 0 0
126.59 45.3157 0 0
126.487 45.3201 0 0
126.383 45.3304 0 0
126.282 45.3471 0 0
126.179 45.3477 0 0
126.076 45.3554 0 0
125.974 45.3701 0 0
125.872 45.3691 0 0
125.768 45.3753 0 0
125.667 45.3886 0 0
125.564 45.3861 0 0
125.461 45.3908 0 0
125.359 45.4024 0 0
125.256 45.398 0 0
125.152 45.4 0 0
125.049 45.408 0 0
124.945 45.3992 0 0
124.84 45.3968 0 0
124.734 45.4056 0 0
124.631 45.4207 0 0
124.528 45.4188 0 0
124.424 45.4227 0 0
124.321 45.4328 0 0
124.219 45.4266 0 0
124.115 45.4272 0 0
124.013 45.4348 0 0
123.911 45.4265 0 0
123.807 45.4251 0 0
123.705 45.4308 0 0
123.603 45.4208 0 0
123.5 45.4178 0 0
123.398 45.422 0 0
123.296 45.4106 0 0
123.193 45.4062 0 0
123.09 45.4088 0 0
122.988 45.3954 0 0
122.884 45.3884 0 0
122.781 45.3873 0 0
122.679 45.3696 0 0
122.574 45.3583 0 0
122.468 45.3583 0 0
122.364 45.3649 0 0
122.261 45.3549 0 0
122.157 45.3507 0 0
122.055 45.3531 0 0
121.953 45.3395 0 0
121.85 45.3327 0 0
121.747 45.3332 0 0
121.646 45.318 0 0
121.543 45.3098 0 0
121.44 45.3088 0 0
121.34 45.2922 0 0
121.236 45.2825 0 0
121.134 45.2799 0 0
121.033 45.2613 0 0
120.929 45.249 0 0
120.826 45.2427 0 0
120.725 45.2198 0 0
120.621 45.2031 0 0
120.515 45.1977 0 0
120.412 45.1991 0 0
120.309 45.1838 0 0
120.205 45.1744 0 0
120.103 45.1716 0 0
120.002 45.1529 0 0
119.899 45.141 0 0
119.797 45.1363 0 0
119.697 45.1161 0 0
119.594 45.1029 0 0
119.492 45.0969 0 0
119.392 45.0755 0 0
119.29 45.0611 0 0
119.188 45.0538 0 0
119.088 45.0311 0 0
118.986 45.0152 0 0
118.883 45.0064 0 0
118.784 44.9817 0 0
118.681 44.9631 0 0
118.579 44.9504 0 0
118.479 44.9213 0 0
118.376 44.8981 0 0
118.271 44.886 0 0
118.167 44.8804 0 0
118.065 44.8582 0 0
117.962 44.8414 0 0
117.859 44.8309 0 0
117.759 44.8041 0 0
117.656 44.7833 0 0
117.553 44.7686 0 0
117.454 44.7368 0 0
117.351 44.7095 0 0
117.247 44.6861 0 0
117.148 44.6441 0 0
117.044 44.6038 0 0
116.935 44.5685 0 0
116.824 44.5366 0 0
116.709 44.5078 0 0
116.591 44.4874 0 0
116.475 44.5081 0 0
116.405 44.5998 0 0
116.354 44.6974 0 0
116.305 44.7913 0 0
116.249 44.8779 0 0
116.181 44.9528 0 0
116.099 45.0109 0 0
116.006 45.0475 0 0
115.907 45.0606 0 0
115.808 45.0492 0 0
115.714 45.0142 0 0
115.631 44.9574 0 0
115.562 44.8835 0 0
115.505 44.7977 0 0
115.455 44.7043 0 0
115.403 44.6074 0 0
115.332 44.5166 0 0
115.215 44.4972 0 0
115.097 44.5185 0 0
114.982 44.5476 0 0
114.869 44.5789 0 0
114.758 44.6123 0 0
114.651 44.6491 0 0
114.548 44.6908 0 0
114.449 44.7342 0 0
114.346 44.759 0 0
114.243 44.7876 0 0
114.144 44.8209 0 0
114.042 44.8373 0 0
113.939 44.8597 0 0
113.84 44.8883 0 0
113.738 44.9009 0 0
113.636 44.9204 0 0
113.536 44.9463 0 0
113.434 44.9561 0 0
113.331 44.9725 0 0
113.229 44.9944 0 0
113.126 44.9998 0 0
113.021 45.0118 0 0
112.918 45.035 0 0
112.818 45.0641 0 0
112.715 45.0768 0 0
112.613 45.0954 0 0
112.513 45.1201 0 0
112.411 45.1289 0 0
112.309 45.1448 0 0
112.209 45.1675 0 0
112.107 45.1745 0 0
112.004 45.1889 0 0
111.904 45.2101 0 0
111.802 45.2156 0 0
111.699 45.2285 0 0
111.598 45.248 0 0
111.496 45.2516 0 0
111.392 45.2619 0 0
111.29 45.278 0 0
111.186 45.2774 0 0
111.081 45.2835 0 0
110.977 45.3009 0 0
110.876 45.3245 0 0
110.773 45.3316 0 0
110.669 45.3446 0 0
110.569 45.3638 0 0
110.466 45.3671 0 0
110.363 45.3775 0 0
110.262 45.3948 0 0
110.16 45.3966 0 0
110.057 45.4055 0 0
109.956 45.4215 0 0
109.854 45.4219 0 0
109.751 45.4296 0 0
109.65 45.4443 0 0
109.548 45.4434 0 0
109.444 45.4497 0 0
109.343 45.4629 0 0
109.24 45.46 0 0
109.136 45.4638 0 0
109.033 45.4734 0 0
108.93 45.4663 0 0
108.824 45.4658 0 0
108.719 45.4766 0 0
108.617 45.4939 0 0
108.513 45.4944 0 0
108.409 45.5008 0 0
108.308 45.5137 0 0
108.205 45.5104 0 0
108.102 45.514 0 0
108 45.5245 0 0
107.897 45.5191 0 0
107.794 45.5207 0 0
107.692 45.5291 0 0
107.59 45.5216 0 0
107.486 45.521 0 0
107.384 45.5272 0 0
107.281 45.5171 0 0
107.177 45.5133 0 0
107.074 45.5153 0 0
106.971 45.5005 0 0
106.866 45.492 0 0
106.76 45.4949 0 0
106.657 45.5042 0 0
106.554 45.4969 0 0
106.45 45.4954 0 0
106.347 45.5005 0 0
106.245 45.4896 0 0
106.142 45.4855 0 0
106.04 45.4887 0 0
105.938 45.4762 0 0
105.835 45.4708 0 0
105.733 45.4726 0 0
105.632 45.4589 0 0
105.528 45.4522 0 0
105.426 45.4527 0 0
105.325 45.4377 0 0
105.222 45.4296 0 0
105.119 45.4286 0 0
105.018 45.4116 0 0
104.915 45.4009 0 0
104.811 45.3962 0 0
104.71 45.3749 0 0
104.605 45.3599 0 0
104.5 45.3561 0 0
104.396 45.3591 0 0
104.294 45.3455 0 0
104.19 45.3376 0 0
104.087 45.3364 0 0
103.986 45.3192 0 0
103.883 45.3088 0 0
103.781 45.3057 0 0
103.68 45.2869 0 0
103.578 45.275 0 0
103.475 45.2704 0 0
103.375 45.2502 0 0
103.272 45.2369 0 0
103.17 45.2306 0 0
103.07 45.2084 0 0
102.967 45.1924 0 0
102.864 45.1824 0 0
102.764 45.1559 0 0
102.66 45.1355 0 0
102.555 45.1263 0 0
102.451 45.124 0 0
102.35 45.105 0 0
102.246 45.0918 0 0
102.144 45.0852 0 0
102.044 45.0628 0 0
101.941 45.047 0 0
101.839 45.0385 0 0
101.74 45.0145 0 0
101.638 44.9972 0 0
101.536 44.9871 0 0
101.437 44.9615 0 0
101.335 44.9424 0 0
101.232 44.9303 0 0
101.133 44.9024 0 0
101.031 44.8807 0 0
100.928 44.8651 0 0
100.829 44.8328 0 0
100.727 44.8051 0 0
100.623 44.7815 0 0
100.524 44.7392 0 0
100.421 44.6987 0 0
100.313 44.6631 0 0
100.202 44.6311 0 0
100.089 44.6012 0 0
99.9731 44.5736 0 0
99.8542 44.5538 0 0
99.7376 44.5748 0 0
99.6683 44.6665 0 0
99.6177 44.7642 0 0
99.569 44.8582 0 0
99.5133 44.945 0 0
99.4454 45.0202 0 0
99.3638 45.0786 0 0
99.2709 45.1156 0 0
99.1719 45.1289 0 0
99.0726 45.1179 0 0
98.9789 45.083 0 0
98.896 45.0264 0 0
98.8266 44.9526 0 0
98.7693 44.8669 0 0
98.7192 44.7736 0 0
98.6673 44.6766 0 0
98.5969 44.5856 0 0
98.4802 44.566 0 0
98.3621 44.5874 0 0
98.248 44.6171 0 0
98.1364 44.6496 0 0
98.0281 44.6855 0 0
97.9241 44.7261 0 0
97.825 44.7682 0 0
97.7203 44.791 0 0
97.6164 44.8172 0 0
97.5152 44.8469 0 0
97.4104 44.8585 0 0
97.3051 44.8755 0 0
97.2023 44.9029 0 0
97.1035 44.9357 0 0
97.0008 44.9518 0 0
96.8987 44.9735 0 0
96.7997 45.0011 0 0
96.6976 45.0126 0 0
96.5957 45.0311 0 0
96.4966 45.0561 0 0
96.3949 45.0656 0 0
96.2929 45.0823 0 0
96.1936 45.1059 0 0
96.0919 45.114 0 0
95.9898 45.1294 0 0
95.8901 45.1517 0 0
95.7882 45.1584 0 0
95.6857 45.1724 0 0
95.5854 45.1931 0 0
95.4831 45.1979 0 0
95.3798 45.2094 0 0
95.278 45.2266 0 0
95.1745 45.2272 0 0
95.0692 45.2346 0 0
94.9654 45.2533 0 0
94.8649 45.2781 0 0
94.762 45.2864 0 0
94.659 45.3006 0 0
94.5586 45.3211 0 0
94.4563 45.3256 0 0
94.3534 45.3372 0 0
94.2529 45.3556 0 0
94.1508 45.3585 0 0
94.0479 45.3685 0 0
93.9472 45.3855 0 0
93.845 45.3868 0 0
93.7419 45.3954 0 0
93.6406 45.4107 0 0
93.5381 45.4101 0 0
93.4343 45.416 0 0
93.3317 45.4278 0 0
93.2283 45.4229 0 0
93.1228 45.4246 0 0
93.0181 45.4377 0 0
92.9164 45.4571 0 0
92.8132 45.4599 0 0
92.7096 45.4687 0 0
92.6082 45.4838 0 0
92.5058 45.4828 0 0
92.4025 45.4889 0 0
92.3013 45.5021 0 0
92.1992 45.4996 0 0
92.096 45.5042 0 0
91.9946 45.516 0 0
91.8926 45.5122 0 0
91.7893 45.5156 0 0
91.6877 45.526 0 0
91.5857 45.5208 0 0
91.4822 45.5227 0 0
91.3801 45.5315 0 0
91.2778 45.5241 0 0
91.1738 45.5232 0 0
91.0705 45.528 0 0
90.9676 45.5159 0 0
90.8621 45.5101 0 0
90.7566 45.5155 0 0
90.6537 45.5272 0 0
90.5504 45.5221 0 0
90.4463 45.5226 0 0
90.344 45.5296 0 0
90.2419 45.5204 0 0
90.1383 45.5181 0 0
90.0362 45.5228 0 0
89.9345 45.5119 0 0
89.8312 45.5079 0 0
89.729 45.5112 0 0
89.6275 45.4987 0 0
89.5241 45.4932 0 0
89.4216 45.4948 0 0
89.3201 45.4803 0 0
89.2164 45.4721 0 0
89.1131 45.4699 0 0
89.0112 45.4511 0 0
88.9064 45.4385 0 0
88.8009 45.4374 0 0
88.6974 45.4428 0 0
88.5947 45.4316 0 0
88.4908 45.4263 0 0
88.3883 45.4275 0 0
88.2869 45.4127 0 0
88.1837 45.4048 0 0
88.0815 45.4041 0 0
87.9807 45.3878 0 0
87.8777 45.3785 0 0
87.7756 45.3765 0 0
87.6751 45.3589 0 0
87.5722 45.3483 0 0
87.4701 45.345 0 0
87.3697 45.3261 0 0
87.2669 45.3141 0 0
87.1645 45.3091 0 0
87.0641 45.2883 0 0
86.9611 45.2736 0 0
86.8581 45.2649 0 0
86.7576 45.2397 0 0
86.6537 45.2207 0 0
86.5484 45.2129 0 0
86.4448 45.2118 0 0
86.3429 45.1942 0 0
86.2395 45.1823 0 0
86.1371 45.177 0 0
86.0368 45.1558 0 0
85.9342 45.1414 0 0
85.8321 45.1341 0 0
85.7324 45.1113 0 0
85.6301 45.0953 0 0
85.5281 45.0865 0 0
85.4287 45.0622 0 0
85.3265 45.0446 0 0
85.2244 45.0339 0 0
85.1252 45.0074 0 0
85.023 44.9869 0 0
84.9203 44.9722 0 0
84.8212 44.941 0 0
84.7183 44.9155 0 0
84.6131 44.9008 0 0
84.509 44.8925 0 0
84.4079 44.8672 0 0
84.3046 44.8469 0 0
84.2012 44.8322 0 0
84.1016 44.8001 0 0
83.9986 44.7726 0 0
83.8946 44.7492 0 0
83.7961 44.707 0 0
83.6928 44.6667 0 0
83.5852 44.6316 0 0
83.4748 44.6006 0 0
83.3625 44.5724 0 0
83.2489 44.5467 0 0
83.1338 44.5249 0 0
83.0168 44.5166 0 0
82.9129 44.5597 0 0
82.8475 44.6509 0 0
82.7978 44.7465 0 0
82.7495 44.8392 0 0
82.6944 44.9251 0 0
82.6268 44.9996 0 0
82.5453 45.0572 0 0
82.4524 45.0932 0 0
82.3535 45.1042 0 0
82.2551 45.0887 0 0
82.1641 45.0482 0 0
82.0858 44.986 0 0
82.0225 44.9073 0 0
81.9718 44.8179 0 0
81.9273 44.7219 0 0
81.8798 44.623 0 0
81.8125 44.53 0 0
81.6963 44.5078 0 0
81.5772 44.5264 0 0
81.4611 44.5528 0 0
81.3469 44.5811 0 0
81.2344 44.611 0 0
81.1239 44.6432 0 0
81.0164 44.679 0 0
80.9133 44.7198 0 0
80.8151 44.7623 0 0
80.7113 44.786 0 0
80.6087 44.8137 0 0
80.5098 44.8462 0 0
80.407 44.8616 0 0
80.3047 44.8833 0 0
80.2056 44.911 0 0
80.1033 44.9228 0 0
80.001 44.9414 0 0
79.9013 44.9663 0 0
79.799 44.9752 0 0
79.6959 44.9907 0 0
79.5947 45.0117 0 0
79.4911 45.0161 0 0
79.3861 45.0273 0 0
79.283 45.0497 0 0
79.1834 45.078 0 0
79.0808 45.0899 0 0
78.9783 45.1078 0 0
78.8788 45.1318 0 0
78.7767 45.1399 0 0
78.6743 45.1551 0 0
78.5746 45.1772 0 0
78.4727 45.1837 0 0
78.3704 45.1975 0 0
78.2705 45.2182 0 0
78.1686 45.2234 0 0
78.0661 45.2359 0 0
77.9658 45.2554 0 0
77.8638 45.2593 0 0
77.761 45.2705 0 0
77.6602 45.2885 0 0
77.5577 45.2905 0 0
77.4541 45.2992 0 0
77.3519 45.3138 0 0
77.2484 45.3116 0 0
77.143 45.3162 0 0
77.0386 45.3321 0 0
76.9375 45.3543 0 0
76.8344 45.3599 0 0
76.731 45.3715 0 0
76.6301 45.3893 0 0
76.5277 45.3912 0 0
76.4245 45.4001 0 0
76.3236 45.416 0 0
76.2214 45.4162 0 0
76.1182 45.4236 0 0
76.017 45.438 0 0
75.9148 45.4368 0 0
75.8114 45.4427 0 0
75.7098 45.4556 0 0
75.6073 45.4524 0 0
75.5034 45.4557 0 0
75.4004 45.465 0 0
75.2971 45.4575 0 0
75.1916 45.4567 0 0
75.0865 45.4672 0 0
74.9843 45.4841 0 0
74.8809 45.4843 0 0
74.777 45.4904 0 0
74.6753 45.503 0 0
74.5728 45.4994 0 0
74.4692 45.5027 0 0
74.3675 45.513 0 0
74.2654 45.5074 0 0
74.1619 45.5088 0 0
74.06 45.5171 0 0
73.9581 45.5095 0 0
73.8546 45.5088 0 0
73.7525 45.515 0 0
73.6506 45.5052 0 0
73.547 45.5024 0 0
73.4445 45.5064 0 0
73.3427 45.4943 0 0
73.2387 45.4885 0 0
73.1353 45.4887 0 0
73.033 45.4721 0 0
72.9278 45.462 0 0
72.8222 45.4632 0 0
72.7189 45.471 0 0
72.6159 45.4621 0 0
72.5118 45.4591 0 0
72.4093 45.4626 0 0
72.3076 45.4502 0 0
72.2041 45.4446 0 0
72.1018 45.4462 0 0
72.0005 45.4321 0 0
71.8972 45.425 0 0
71.795 45.4252 0 0
71.6938 45.4097 0 0
71.5906 45.4012 0 0
71.488 45.3997 0 0
71.3869 45.3823 0 0
71.2834 45.3711 0 0
71.1801 45.366 0 0
71.0788 45.3442 0 0
70.9743 45.3287 0 0
70.8687 45.3246 0 0
70.7651 45.3271 0 0
70.6626 45.313 0 0
70.5588 45.3048 0 0
70.4563 45.3032 0 0
70.3552 45.2856 0 0
70.2522 45.2749 0 0
70.15 45.2715 0 0
70.0495 45.2525 0 0
69.9467 45.2404 0 0
69.8447 45.2357 0 0
69.7445 45.2155 0 0
69.6419 45.2022 0 0
69.5398 45.1963 0 0
69.4398 45.1748 0 0
69.3371 45.1602 0 0
69.2348 45.1526 0 0
69.1349 45.1293 0 0
69.0322 45.1121 0 0
68.9293 45.1008 0 0
68.8293 45.0732 0 0
68.7258 45.0516 0 0
68.6206 45.0412 0 0
68.5168 45.0375 0 0
68.4153 45.0173 0 0
68.312 45.0029 0 0
68.2095 44.995 0 0
68.1095 44.9713 0 0
68.007 44.9541 0 0
67.9049 44.9441 0 0
67.8055 44.9185 0 0
67.7032 44.8994 0 0
67.6009 44.8874 0 0
67.5018 44.8595 0 0
67.3995 44.8378 0 0
67.2966 44.8224 0 0
67.1975 44.79 0 0
67.0945 44.7621 0 0
66.9904 44.7383 0 0
66.8917 44.6959 0 0
66.7881 44.6552 0 0
66.6798 44.6195 0 0
66.5682 44.5872 0 0
66.4538 44.558 0 0
66.3356 44.5373 0 0
66.219 44.5575 0 0
66.149 44.6488 0 0
66.0974 44.746 0 0
66.0472 44.8393 0 0
65.9899 44.9251 0 0
65.9203 44.9989 0 0
65.8376 45.0557 0 0
65.7441 45.0913 0 0
65.6448 45.1037 0 0
65.5455 45.0923 0 0
65.4516 45.0577 0 0
65.3684 45.0016 0 0
65.2984 44.9281 0 0
65.2409 44.8425 0 0
65.1908 44.749 0 0
65.1397 44.6516 0 0
65.0704 44.5596 0 0
64.9539 44.5377 0 0
64.8347 44.5562 0 0
64.719 44.5826 0 0
64.6053 44.6111 0 0
64.4939 44.6417 0 0
64.3854 44.6757 0 0
64.2812 44.7147 0 0
64.1818 44.7554 0 0
64.0772 44.7772 0 0
63.9736 44.8029 0 0
63.8734 44.8331 0 0
63.7696 44.8458 0 0
63.6658 44.8641 0 0
63.5642 44.8874 0 0
63.4599 44.8936 0 0
63.3544 44.9062 0 0
63.251 44.9297 0 0
63.1512 44.9589 0 0
63.0483 44.9716 0 0
62.9456 44.9901 0 0
62.8459 45.0146 0 0
62.7435 45.0233 0 0
62.641 45.0389 0 0
62.5411 45.0614 0 0
62.4389 45.0682 0 0
62.3363 45.0823 0 0
62.2361 45.1033 0 0
62.1339 45.1086 0 0
62.0309 45.1213 0 0
61.9301 45.1406 0 0
61.8276 45.1441 0 0
61.7239 45.1542 0 0
61.6216 45.1701 0 0
61.5179 45.1693 0 0
61.4123 45.1754 0 0
61.308 45.1927 0 0
61.207 45.2161 0 0
61.1038 45.2231 0 0
61.0004 45.236 0 0
60.8996 45.2552 0 0
60.797 45.2585 0 0
60.6938 45.2689 0 0
60.593 45.2862 0 0
60.4906 45.288 0 0
60.3875 45.297 0 0
60.2865 45.313 0 0
60.1842 45.3135 0 0
60.081 45.3213 0 0
59.9797 45.3361 0 0
59.8774 45.3353 0 0
59.7738 45.3417 0 0
59.6721 45.355 0 0
59.5694 45.3524 0 0
59.4652 45.3563 0 0
59.3621 45.3661 0 0
59.2586 45.3593 0 0
59.1528 45.3591 0 0
59.0475 45.3701 0 0
58.9452 45.3875 0 0
58.8416 45.3883 0 0
58.7375 45.3951 0 0
58.6356 45.4082 0 0
58.5329 45.4054 0 0
58.4291 45.4095 0 0
58.3272 45.4207 0 0
58.2248 45.4161 0 0
58.1211 45.4188 0 0
58.019 45.4284 0 0
57.9166 45.4224 0 0
57.8127 45.4234 0 0
57.7102 45.4312 0 0
57.6076 45.4228 0 0
57.5032 45.4208 0 0
57.3995 45.4244 0 0
57.2964 45.4112 0 0
57.1906 45.4043 0 0
57.0847 45.4083 0 0
56.9813 45.4187 0 0
56.8777 45.4123 0 0
56.7733 45.4117 0 0
56.6706 45.4175 0 0
56.5682 45.4072 0 0
56.4644 45.4039 0 0
56.3619 45.4077 0 0
56.2601 45.3959 0 0
56.1565 45.3911 0 0
56.054 45.3936 0 0
55.9524 45.3805 0 0
55.8488 45.3745 0 0
55.7463 45.3757 0 0
55.6448 45.3613 0 0
55.5411 45.3539 0 0
55.4382 45.3535 0 0
55.3367 45.3372 0 0
55.2327 45.3273 0 0
55.129 45.3233 0 0
55.0271 45.3027 0 0
54.922 45.2885 0 0
54.8161 45.2853 0 0
54.7121 45.2889 0 0
54.6091 45.2758 0 0
54.5049 45.2686 0 0
54.4019 45.268 0 0
54.3003 45.2515 0 0
54.1967 45.2418 0 0
54.0941 45.2392 0 0
53.993 45.2211 0 0
53.8897 45.2099 0 0
53.787 45.2059 0 0
53.6862 45.1864 0 0
53.5829 45.1738 0 0
53.4801 45.1681 0 0
53.3793 45.1467 0 0
53.2759 45.1314 0 0
53.1724 45.1221 0 0
53.0715 45.0964 0 0
52.9672 45.0767 0 0
52.8615 45.0682 0 0
52.7574 45.0663 0 0
52.6551 45.048 0 0
52.5513 45.0354 0 0
52.4484 45.0295 0 0
52.3477 45.0078 0 0
52.2446 44.9928 0 0
52.1422 44.985 0 0
52.042 44.9619 0 0
51.9394 44.9455 0 0
51.8371 44.9364 0 0
51.7373 44.912 0 0
51.6348 44.8943 0 0
51.5324 44.8839 0 0
51.4328 44.858 0 0
51.3303 44.8388 0 0
51.2277 44.8265 0 0
51.1283 44.7983 0 0
51.0256 44.776 0 0
50.9224 44.7593 0 0
50.8231 44.7261 0 0
50.7197 44.6982 0 0
50.6138 44.6803 0 0
50.5084 44.6679 0 0
50.4066 44.6376 0 0
50.302 44.611 0 0
50.1967 44.5878 0 0
50.0968 44.5456 0 0
49.9922 44.505 0 0
49.8832 44.469 0 0
49.7711 44.4362 0 0
49.6564 44.4062 0 0
49.5378 44.3844 0 0
49.4206 44.4034 0 0
49.3496 44.4939 0 0
49.297 44.5904 0 0
49.2464 44.6836 0 0
49.1887 44.7692 0 0
49.1192 44.843 0 0
49.0365 44.9001 0 0
48.9432 44.9362 0 0
48.844 44.9495 0 0
48.7445 44.9393 0 0
48.6501 44.9059 0 0
48.5661 44.8509 0 0
48.4951 44.7784 0 0
48.4364 44.6935 0 0
48.3853 44.6006 0 0
48.3332 44.5036 0 0
48.2633 44.4121 0 0
48.1465 44.3908 0 0
48.0272 44.4098 0 0
47.9113 44.4366 0 0
47.7975 44.4654 0 0
47.686 44.4964 0 0
47.5774 44.5309 0 0
47.4733 44.5702 0 0
47.3741 44.6114 0 0
47.2697 44.6339 0 0
47.1664 44.6604 0 0
47.0668 44.6916 0 0
46.9636 44.7059 0 0
46.8609 44.7264 0 0
46.7613 44.7531 0 0
46.6588 44.764 0 0
46.5563 44.782 0 0
46.4565 44.8065 0 0
46.3542 44.8155 0 0
46.2516 44.8317 0 0
46.1515 44.8547 0 0
46.0491 44.8621 0 0
45.9462 44.8767 0 0
45.8455 44.8981 0 0
45.7427 44.9035 0 0
45.639 44.9156 0 0
45.5367 44.9334 0 0
45.4328 44.9347 0 0
45.327 44.9428 0 0
45.2228 44.9619 0 0
45.1219 44.9872 0 0
45.0185 44.9959 0 0
44.915 45.0107 0 0
44.8142 45.0316 0 0
44.7114 45.0367 0 0
44.6081 45.0488 0 0
44.5072 45.0678 0 0
44.4045 45.0712 0 0
44.3012 45.0818 0 0
44.2 45.0993 0 0
44.0973 45.1013 0 0
43.9937 45.1104 0 0
43.8919 45.1263 0 0
43.7889 45.1264 0 0
43.6846 45.133 0 0
43.5815 45.1454 0 0
43.4775 45.1413 0 0
43.3714 45.1438 0 0
43.2662 45.1574 0 0
43.164 45.1773 0 0
43.0601 45.1806 0 0
42.956 45.1899 0 0
42.8541 45.2055 0 0
42.7511 45.2053 0 0
42.6473 45.212 0 0
42.5455 45.2257 0 0
42.4428 45.2239 0 0
42.339 45.2293 0 0
42.2371 45.2417 0 0
42.1345 45.2386 0 0
42.0306 45.2427 0 0
41.9284 45.2538 0 0
41.8258 45.2494 0 0
41.7216 45.2521 0 0
41.619 45.2618 0 0
41.5161 45.2554 0 0
41.4114 45.2556 0 0
41.3075 45.2617 0 0
41.2038 45.2511 0 0
41.0976 45.2469 0 0
40.9915 45.2538 0 0
40.888 45.2668 0 0
40.7839 45.2631 0 0
40.6791 45.2652 0 0
40.5762 45.2734 0 0
40.4732 45.2656 0 0
40.3689 45.2645 0 0
40.266 45.2703 0 0
40.1635 45.2603 0 0
40.0593 45.2572 0 0
39.9564 45.2612 0 0
39.854 45.2495 0 0
39.7498 45.2447 0 0
39.6465 45.2469 0 0
39.5442 45.2331 0 0
39.4396 45.2257 0 0
39.3355 45.2243 0 0
39.2326 45.2063 0 0
39.1269 45.1945 0 0
39.0205 45.1938 0 0
38.9163 45.1997 0 0
38.8127 45.189 0 0
38.708 45.1841 0 0
38.6047 45.1859 0 0
38.5024 45.1717 0 0
38.3983 45.1644 0 0
38.2953 45.1642 0 0
38.1934 45.1486 0 0
38.0896 45.1399 0 0
37.9867 45.1384 0 0
37.8851 45.1215 0 0
37.7814 45.1116 0 0
37.6784 45.1088 0 0
37.577 45.0906 0 0
37.4731 45.0793 0 0
37.3699 45.075 0 0
37.2685 45.0549 0 0
37.1644 45.041 0 0
37.0605 45.033 0 0
36.9589 45.0087 0 0
36.854 44.9905 0 0
36.7478 44.9831 0 0
36.6433 44.9825 0 0
36.5404 44.9654 0 0
36.436 44.954 0 0
36.3327 44.9493 0 0
36.2312 44.9289 0 0
36.1276 44.9151 0 0
36.0246 44.9084 0 0
35.9237 44.8864 0 0
35.8204 44.8712 0 0
35.7174 44.8631 0 0
35.6169 44.8397 0 0
35.5136 44.8229 0 0
35.4105 44.8132 0 0
35.3101 44.7878 0 0
35.2068 44.7685 0 0
35.1032 44.755 0 0
35.0029 44.7252 0 0
34.8989 44.7013 0 0
34.793 44.6881 0 0
34.6885 44.6816 0 0
34.5865 44.6587 0 0
34.4825 44.6414 0 0
34.3791 44.6306 0 0
34.2785 44.6041 0 0
34.1753 44.5839 0 0
34.0721 44.5706 0 0
33.9721 44.5416 0 0
33.869 44.5186 0 0
33.7653 44.5016 0 0
33.6655 44.4681 0 0
33.562 44.4392 0 0
33.4573 44.4142 0 0
33.3581 44.3709 0 0
33.254 44.3293 0 0
33.1452 44.2925 0 0
33.0333 44.2589 0 0
32.9193 44.2274 0 0
32.8031 44.1979 0 0
32.6835 44.1763 0 0
32.5657 44.1951 0 0
32.495 44.2858 0 0
32.4428 44.3827 0 0
32.3925 44.476 0 0
32.3353 44.562 0 0
32.2662 44.6363 0 0
32.184 44.6941 0 0
32.091 44.7313 0 0
31.992 44.7461 0 0
31.8923 44.7375 0 0
31.7973 44.7059 0 0
31.7122 44.6525 0 0
31.6399 44.5812 0 0
31.58 44.4971 0 0
31.5278 44.4048 0 0
31.4749 44.3081 0 0
31.4045 44.217 0 0
31.2879 44.1957 0 0
31.1694 44.2149 0 0
31.0545 44.2423 0 0
30.9423 44.2726 0 0
30.8332 44.3063 0 0
30.7286 44.3449 0 0
30.6291 44.3853 0 0
30.5244 44.4067 0 0
30.4208 44.4321 0 0
30.3209 44.4621 0 0
30.2176 44.475 0 0
30.1146 44.494 0 0
30.0146 44.5192 0 0
29.9119 44.5284 0 0
29.8089 44.5445 0 0
29.7084 44.567 0 0
29.6055 44.5734 0 0
29.5018 44.5863 0 0
29.3998 44.6049 0 0
29.2959 44.6067 0 0
29.1903 44.6152 0 0
29.0863 44.6349 0 0
28.9857 44.6606 0 0
28.8825 44.6698 0 0
28.7793 44.6849 0 0
28.6788 44.7062 0 0
28.5762 44.7115 0 0
28.4731 44.7239 0 0
28.3725 44.7431 0 0
28.2701 44.7468 0 0
28.1669 44.7576 0 0
28.066 44.7754 0 0
27.9636 44.7775 0 0
27.8602 44.7869 0 0
27.7587 44.803 0 0
27.656 44.8032 0 0
27.5519 44.8099 0 0
27.4491 44.8225 0 0
27.3453 44.8185 0 0
27.2395 44.8211 0 0
27.1346 44.8349 0 0
27.0327 44.855 0 0
26.9292 44.8586 0 0
26.8253 44.868 0 0
26.7237 44.8839 0 0
26.621 44.8837 0 0
26.5174 44.8906 0 0
26.4159 44.9045 0 0
26.3135 44.9027 0 0
26.21 44.9082 0 0
26.1084 44.9207 0 0
26.0061 44.9177 0 0
25.9025 44.9219 0 0
25.8007 44.9331 0 0
25.6983 44.9287 0 0
25.5945 44.9315 0 0
25.4922 44.9412 0 0
25.3896 44.9348 0 0
25.2852 44.935 0 0
25.1817 44.9411 0 0
25.0784 44.9305 0 0
24.9725 44.9263 0 0
24.8668 44.9335 0 0
24.7638 44.947 0 0
24.6601 44.9438 0 0
24.5557 44.9465 0 0
24.4532 44.9555 0 0
24.3505 44.9484 0 0
24.2465 44.9481 0 0
24.144 44.9547 0 0
24.0418 44.9453 0 0
23.9379 44.9428 0 0
23.8353 44.9471 0 0
23.7332 44.9355 0 0
23.6293 44.9307 0 0
23.5263 44.9326 0 0
23.4243 44.9184 0 0
23.3201 44.9103 0 0
23.2164 44.908 0 0
23.1141 44.889 0 0
23.0089 44.8762 0 0
22.9029 44.8745 0 0
22.799 44.8794 0 0
22.6959 44.8676 0 0
22.5916 44.8616 0 0
22.4888 44.8623 0 0
22.3871 44.8469 0 0
22.2835 44.8383 0 0
22.1809 44.8369 0 0
22.0798 44.8199 0 0
21.9765 44.8098 0 0
21.874 44.807 0 0
21.7732 44.7887 0 0
21.6701 44.7772 0 0
21.5676 44.773 0 0
21.4669 44.7533 0 0
21.3638 44.7403 0 0
21.261 44.7344 0 0
21.1605 44.7126 0 0
21.0572 44.697 0 0
20.9538 44.6873 0 0
20.8532 44.6611 0 0
20.7491 44.6409 0 0
20.6434 44.6318 0 0
20.5394 44.6295 0 0
20.4374 44.6105 0 0
20.3337 44.5972 0 0
20.231 44.5906 0 0
20.1305 44.5681 0 0
20.0277 44.5522 0 0
19.9254 44.5434 0 0
19.8256 44.5192 0 0
19.7231 44.5017 0 0
19.621 44.4914 0 0
19.5216 44.4656 0 0
19.4193 44.4464 0 0
19.317 44.4342 0 0
19.2179 44.4063 0 0
19.1157 44.3843 0 0
19.0131 44.3682 0 0
18.9142 44.3358 0 0
18.8115 44.3091 0 0
18.7066 44.2934 0 0
18.6028 44.2844 0 0
18.5021 44.2589 0 0
18.3994 44.239 0 0
18.2973 44.2258 0 0
18.1984 44.1968 0 0
18.0967 44.1742 0 0
17.9951 44.1588 0 0
17.897 44.128 0 0
17.7958 44.1036 0 0
17.6944 44.0864 0 0
17.5968 44.0538 0 0
17.4959 44.0274 0 0
17.3945 44.008 0 0
17.2973 43.9731 0 0
17.1965 43.9439 0 0
17.0947 43.9208 0 0
16.9979 43.8811 0 0
16.8972 43.8458 0 0
16.7949 43.8143 0 0
16.6995 43.7646 0 0
16.5991 43.7163 0 0
16.4939 43.6724 0 0
16.3856 43.6317 0 0
16.275 43.5931 0 0
16.1627 43.5561 0 0
16.0483 43.521 0 0
15.9304 43.494 0 0
15.813 43.5091 0 0
15.743 43.5999 0 0
15.6947 43.6983 0 0
15.6517 43.795 0 0
15.6047 43.8866 0 0
15.5464 43.9689 0 0
15.4722 44.0357 0 0
15.383 44.0795 0 0
15.2849 44.0946 0 0
15.1869 44.0784 0 0
15.0984 44.0333 0 0
15.0247 43.9653 0 0
14.9658 43.8824 0 0
14.9153 43.7913 0 0
14.8641 43.6965 0 0
14.7975 43.6062 0 0
14.695 43.5633 0 0
14.5815 43.5718 0 0
14.4709 43.5941 0 0
14.363 43.6215 0 0
14.2583 43.6539 0 0
14.1581 43.6924 0 0
14.0622 43.7329 0 0
13.9609 43.7527 0 0
13.8602 43.7758 0 0
13.7622 43.8025 0 0
13.6608 43.8098 0 0
13.5588 43.8232 0 0
13.4595 43.8486 0 0
13.3642 43.8802 0 0
13.2652 43.894 0 0
13.1667 43.9138 0 0
13.0711 43.9398 0 0
12.9726 43.9489 0 0
12.8742 43.9653 0 0
12.7785 43.9889 0 0
12.6802 43.9962 0 0
12.5819 44.0112 0 0
12.486 44.0335 0 0
12.3878 44.0397 0 0
12.2894 44.0537 0 0
12.1934 44.0751 0 0
12.0952 44.0804 0 0
11.9966 44.0934 0 0
11.9001 44.1137 0 0
11.8016 44.1173 0 0
11.7023 44.1279 0 0
11.6046 44.1446 0 0
11.5052 44.1441 0 0
11.4043 44.1513 0 0
11.3054 44.1718 0 0
11.2099 44.1994 0 0
11.1114 44.2098 0 0
11.0131 44.2267 0 0
10.9175 44.2501 0 0
10.8193 44.2568 0 0
10.7211 44.2711 0 0
10.6253 44.2927 0 0
10.5274 44.2983 0 0
10.4292 44.3116 0 0
10.3333 44.3323 0 0
10.2353 44.3369 0 0
10.1369 44.3492 0 0
10.0407 44.3689 0 0
9.94247 44.3718 0 0
9.84346 44.3816 0 0
9.74598 44.3978 0 0
9.64691 44.3965 0 0
9.5464 44.4031 0 0
9.44772 44.4232 0 0
9.35254 44.4504 0 0
9.25436 44.4605 0 0
9.1564 44.4771 0 0
9.06111 44.5002 0 0
8.96331 44.5066 0 0
8.86545 44.5206 0 0
8.77011 44.5421 0 0
8.67255 44.5474 0 0
8.57478 44.5606 0 0
8.4794 44.5814 0 0
8.38192 44.586 0 0
8.28412 44.5985 0 0
8.18858 44.6186 0 0
8.09106 44.6224 0 0
7.99307 44.6341 0 0
7.89713 44.6531 0 0
7.79935 44.6553 0 0
7.70071 44.6644 0 0
7.60355 44.6798 0 0
7.50492 44.6777 0 0
7.40478 44.6833 0 0
7.30637 44.7027 0 0
7.21136 44.7291 0 0
7.11348 44.7381 0 0
7.01574 44.7534 0 0
6.92057 44.7753 0 0
6.82308 44.7803 0 0
6.72543 44.7928 0 0
6.63016 44.8129 0 0
6.5329 44.8165 0 0
6.43529 44.828 0 0
6.33989 44.8471 0 0
6.24268 44.8497 0 0
6.14494 44.8602 0 0
6.04919 44.8781 0 0
5.95179 44.8789 0 0
5.85349 44.8867 0 0
5.7566 44.9008 0 0
5.65847 44.8974 0 0
5.55876 44.9019 0 0
5.46073 44.9204 0 0
5.3661 44.9464 0 0
5.2687 44.9549 0 0
5.17143 44.9699 0 0
5.07671 44.9916 0 0
4.9797 44.9962 0 0
4.88254 45.0086 0 0
4.78777 45.0285 0 0
4.69101 45.0319 0 0
4.59394 45.0433 0 0
4.49912 45.0623 0 0
4.40246 45.065 0 0
4.30536 45.0756 0 0
4.21038 45.0938 0 0
4.1137 45.0956 0 0
4.01643 45.1052 0 0
3.92105 45.1224 0 0
3.82416 45.1224 0 0
3.72629 45.1295 0 0
3.62978 45.1429 0 0
3.532 45.1385 0 0
3.43258 45.1421 0 0
3.33472 45.16 0 0
3.24019 45.1853 0 0
3.14313 45.1929 0 0
3.04612 45.207 0 0
2.95157 45.2277 0 0
2.85487 45.2312 0 0
2.75792 45.2424 0 0
2.66321 45.2611 0 0
2.5667 45.2631 0 0
2.46971 45.273 0 0
2.37476 45.2904 0 0
2.27825 45.291 0 0
2.18103 45.2994 0 0
2.08557 45.3152 0 0
1.98882 45.3136 0 0
1.89095 45.3189 0 0
1.79425 45.3303 0 0
1.69663 45.3237 0 0
1.59712 45.3249 0 0
1.49869 45.3401 0 0
1.40316 45.3625 0 0
1.30562 45.3665 0 0
1.20766 45.3766 0 0
1.11154 45.3928 0 0
1.01415 45.3906 0 0
0.915702 45.3953 0 0
0.818474 45.4064 0 0
0.720845 45.3983 0 0
0.621326 45.3962 0 0
0.522197 45.3994 0 0
0.424451 45.3816 0 0
0.323925 45.3673 0 0
0.222522 45.3554 0 0
0.125878 45.3194 0 0
0.0249674 45.2832 0 0
-0.0810688 45.2509 0 0
-0.192713 45.2268 0 0
-0.306701 45.2409 0 0
-0.387605 45.3224 0 0
-0.4512 45.4111 0 0
-0.507908 45.4994 0 0
-0.560696 45.5869 0 0
-0.609783 45.6745 0 0
-0.654566 45.7633 0 0
-0.694906 45.8542 0 2
-0.731119 45.9469 0 2
-0.764367 46.0407 0 2
-0.796465 46.135 0 2
-0.829631 46.229 0 2
-0.866258 46.3217 0 2
-0.908733 46.4119 0 2
-0.95927 46.4979 0 2
-1.01973 46.5772 0 2
-1.09134 46.6466 0 2
-1.17423 46.702 0 2
-1.26687 46.7386 0 2
-1.36552 46.7518 0 2
-1.46407 46.7383 0 2
-1.5547 46.6975 0 2
-1.62961 46.6321 0 2
-1.68304 46.5482 0 2
-1.71268 46.4531 0 2
-1.71974 46.3537 0 2
-1.70794 46.2545 0 2
-1.68218 46.1579 0 2
-1.64765 46.064 0 2
-1.60938 45.9714 0 2
-1.5724 45.8783 0 2
-1.542 45.7826 0 2
-1.52303 45.6832 0 2
-1.51884 45.581 0 2
-1.53193 45.4774 0 2
-1.56622 45.3758 0 2
-1.63333 45.2884 0 2
-1.74398 45.2861 0 2
-1.84993 45.3151 0 2
-1.95685 45.3367 0 2
-2.06377 45.3591 0 2
-2.17301 45.3651 0 2
-2.28396 45.3762 0 2
-2.39386 45.3916 0 2
-2.50496 45.3909 0 2
-2.61775 45.3939 0 2
-2.72966 45.4001 0 2
-2.84138 45.3894 0 2
-2.95524 45.3814 0 2
-3.0687 45.3754 0 2
-3.17997 45.3518 0 2
-3.29415 45.3297 0 2
-3.40962 45.3119 0 2
-3.52366 45.2955 0 2
-3.63349 45.2607 0 2
-3.74551 45.2263 0 2
-3.85876 45.1957 0 2
-3.97041 45.1665 0 2
-4.07576 45.1195 0 2
-4.18308 45.0727 0 2
-4.29169 45.03 0 2
-4.39883 44.9896 0 2
-4.49787 44.9325 0 2
-4.59862 44.8759 0 2
-4.69904 44.8209 0 2
-4.78921 44.75 0 2
-4.88224 44.6788 0 2
-4.97806 44.6101 0 2
-5.07304 44.5418 0 2
-5.15535 44.458 0 2
-5.24 44.3719 0 2
-5.32949 44.2877 0 2
-5.43225 44.2192 0 2
-5.54093 44.2564 0 2
-5.63459 44.315 0 2
-5.72046 44.3781 0 2
-5.80249 44.442 0 2
-5.88271 44.5054 0 2
-5.96223 44.568 0 2
-6.04172 44.63 0 2
-6.12132 44.6919 0 2
-6.20103 44.7536 0 2
-6.28091 44.8149 0 2
-6.36109 44.8759 0 2
-6.44179 44.936 0 2
-6.5233 44.995 0 2
-6.60599 45.0523 0 2
-6.6903 45.107 0 2
-6.77671 45.1583 0 2
-6.8657 45.2048 0 2
-6.95764 45.2451 0 2
-7.05269 45.2772 0 2
-7.15057 45.2988 0 2
-7.25035 45.3074 0 2
-7.35018 45.3005 0 2
-7.44704 45.2758 0 2
-7.53678 45.232 0 2
-7.61439 45.1692 0 2
-7.67474 45.0898 0 2
-7.7136 44.998 0 2
-7.72859 44.8994 0 2
-7.71962 44.8 0 2
-7.68874 44.7051 0 2
-7.63937 44.6182 0 2
-7.57552 44.5411 0 2
-7.50098 44.4743 0 2
-7.419 44.4166 0 2
-7.33213 44.3665 0 2
-7.24229 44.3218 0 2
-7.15093 44.2801 0 2
-7.05926 44.239 0 2
-6.96846 44.196 0 2
-6.87996 44.1483 0 2
-6.79576 44.0934 0 2
-6.71861 44.0286 0 2
-6.65174 43.9522 0 2
-6.59793 43.8645 0 2
-6.55915 43.767 0 2
-6.53988 43.6608 0 2
-6.55536 43.5508 0 2
-6.65548 43.4913 0 2
-6.76826 43.4579 0 2
-6.88116 43.4327 0 2
-6.98952 43.3939 0 2
-7.09952 43.358 0 2
-7.20891 43.3267 0 2
-7.31237 43.2805 0 2
-7.41602 43.2341 0 2
-7.51236 43.1733 0 2
-7.61301 43.1148 0 2
-7.71484 43.0586 0 2
-7.80791 42.9883 0 2
-7.90454 42.9179 0 2
-8.00373 42.8501 0 2
-8.10211 42.7836 0 2
-8.18935 42.7029 0 2
-8.27848 42.6213 0 2
-8.36962 42.5418 0 2
-8.45958 42.4639 0 2
-8.53668 42.3733 0 2
-8.61528 42.2817 0 2
-8.69618 42.1924 0 2
-8.77639 42.1057 0 2
-8.84267 42.008 0 2
-8.91041 41.9101 0 2
-8.97841 41.8135 0 2
-9.0312 41.7076 0 2
-9.0861 41.6 0 2
-9.14386 41.4932 0 2
-9.20098 41.3874 0 2
-9.24108 41.2739 0 2
-9.28177 41.1575 0 2
-9.324 41.0402 0 2
-9.36711 40.9233 0 2
-9.41408 40.8089 0 2
-9.47982 40.7076 0 2
-9.59021 40.6843 0 2
-9.69926 40.6852 0 2
-9.8047 40.6931 0 2
-9.90772 40.7027 0 2
-10.0092 40.7124 0 2
-10.1098 40.7213 0 2
-10.2101 40.7294 0 2
-10.3104 40.7371 0 2
-10.4107 40.7443 0 2
-10.5111 40.7511 0 2
-10.6114 40.7573 0 2
-10.7118 40.7625 0 2
-10.8122 40.7663 0 2
-10.9126 40.7681 0 2
-11.013 40.7669 0 2
-11.1133 40.762 0 2
-11.2131 40.7519 0 2
-11.3121 40.7355 0 2
-11.4093 40.7111 0 2
-11.5036 40.6771 0 2
-11.593 40.632 0 2
-11.675 40.5747 0 2
-11.7463 40.5046 0 2
-11.8029 40.4223 0 2
-11.841 40.33 0 2
-11.8569 40.2316 0 2
-11.8486 40.1322 0 2
-11.8162 40.038 0 2
-11.7617 39.9545 0 2
-11.6892 39.886 0 2
-11.6036 39.8347 0 2
-11.5096 39.8008 0 2
-11.4112 39.783 0 2
-11.3113 39.7787 0 2
-11.2113 39.785 0 2
-11.1121 39.7986 0 2
-11.0135 39.8164 0 2
-10.915 39.8351 0 2
-10.816 39.8515 0 2
-10.7163 39.862 0 2
-10.6161 39.8629 0 2
-10.5164 39.8499 0 2
-10.4197 39.8201 0 2
-10.3289 39.7726 0 2
-10.2463 39.7082 0 2
-10.1764 39.6264 0 2
-10.1343 39.5239 0 2
-10.1895 39.4206 0 2
-10.2684 39.3325 0 2
-10.3514 39.251 0 2
-10.4235 39.1603 0 2
-10.4983 39.0711 0 2
-10.5749 38.9861 0 2
-10.6389 38.8918 0 2
-10.703 38.7973 0 2
-10.7534 38.6944 0 2
-10.8088 38.5913 0 2
-10.8663 38.4897 0 2
-10.9093 38.3807 0 2
-10.9554 38.2701 0 2
-11.0051 38.1606 0 2
-11.0554 38.0534 0 2
-11.0896 37.94 0 2
-11.1252 37.8258 0 2
-11.1613 37.7125 0 2
-11.1804 37.5951 0 2
-11.2009 37.4753 0 2
-11.2242 37.3557 0 2
-11.2471 37.2373 0 2
-11.2519 37.1168 0 2
-11.2566 36.9938 0 2
-11.263 36.8704 0 2
-11.2714 36.7482 0 2
-11.2802 36.6289 0 2
-11.2711 36.5099 0 2
-11.2626 36.3902 0 2
-11.255 36.2719 0 2
-11.2301 36.156 0 2
-11.2059 36.0378 0 2
-11.1849 35.9191 0 2
-11.1651 35.8024 0 2
-11.1292 35.6894 0 2
-11.0977 35.5739 0 2
-11.0907 35.4556 0 2
-11.1638 35.371 0 2
-11.25 35.3052 0 2
-11.3367 35.2454 0 2
-11.4209 35.1859 0 2
-11.5017 35.1242 0 2
-11.5793 35.0598 0 2
-11.6544 34.9931 0 2
-11.7281 34.9248 0 2
-11.8008 34.8555 0 2
-11.873 34.7856 0 2
-11.9449 34.7155 0 2
-12.0166 34.6452 0 2
-12.0881 34.5746 0 2
-12.1592 34.5037 0 2
-12.2295 34.4321 0 2
-12.2987 34.3594 0 2
-12.366 34.285 0 2
-12.4307 34.2082 0 2
-12.4914 34.1284 0 2
-12.5469 34.0449 0 2
-12.5951 33.957 0 2
-12.6337 33.8646 0 2
-12.66 33.768 0 2
-12.6707 33.6685 0 2
-12.6627 33.5689 0 2
-12.6334 33.4735 0 2
-12.582 33.388 0 2
-12.5098 33.3194 0 2
-12.4213 33.2738 0 2
-12.3235 33.2554 0 2
-12.2244 33.2651 0 2
-12.1312 33.3004 0 2
-12.0489 33.3568 0 2
-11.9795 33.4287 0 2
-11.9226 33.5108 0 2
-11.8758 33.5993 0 2
-11.8357 33.6911 0 2
-11.7983 33.784 0 2
-11.7592 33.8762 0 2
-11.7139 33.9656 0 2
-11.6582 34.0488 0 2
-11.5887 34.1207 0 2
-11.5043 34.1751 0 2
-11.4084 34.2077 0 2
-11.306 34.2178 0 2
-11.2013 34.2065 0 2
-11.0979 34.1731 0 2
-11.0078 34.1061 0 2
-11.0167 33.9845 0 2
-11.0485 33.8698 0 2
-11.069 33.7534 0 2
-11.091 33.6373 0 2
-11.1148 33.524 0 2
-11.1228 33.4089 0 2
-11.1342 33.2935 0 2
-11.1496 33.1808 0 2
-11.1489 33.0674 0 2
-11.1481 32.9539 0 2
-11.131 32.8413 0 2
-11.1177 32.7259 0 2
-11.107 32.6105 0 2
-11.08 32.4974 0 2
-11.0543 32.3813 0 2
-11.0326 32.2642 0 2
-11.0126 32.1486 0 2
-10.9758 32.0373 0 2
-10.9398 31.9246 0 2
-10.905 31.8125 0 2
-10.854 31.7068 0 2
-10.8031 31.5985 0 2
-10.7556 31.4887 0 2
-10.71 31.3803 0 2
-10.6488 31.28 0 2
-10.5879 31.1782 0 2
-10.5282 31.0768 0 2
-10.4538 30.9854 0 2
-10.3786 30.8916 0 2
-10.3053 30.7955 0 2
-10.2326 30.7006 0 2
-10.1461 30.6181 0 2
-10.0572 30.5341 0 2
-9.96883 30.4482 0 2
-9.88387 30.3594 0 2
-9.81696 30.2591 0 2
-9.83109 30.147 0 2
-9.8616 30.0421 0 2
-9.89096 29.9403 0 2
-9.91309 29.839 0 2
-9.92556 29.7376 0 2
-9.92871 29.6363 0 2
-9.92444 29.5355 0 2
-9.91573 29.4349 0 2
-9.90487 29.3347 0 2
-9.89359 29.2344 0 2
-9.88317 29.1341 0 2
-9.87457 29.0337 0 2
-9.86847 28.9331 0 2
-9.86528 28.8324 0 2
-9.86517 28.7317 0 2
-9.86806 28.6311 0 2
-9.8736 28.5305 0 2
-9.88115 28.4301 0 2
-9.88971 28.3299 0 2
-9.89791 28.2296 0 2
-9.90389 28.1291 0 2
-9.90525 28.0286 0 2
-9.89888 27.9282 0 2
-9.88104 27.8294 0 2
-9.84748 27.7349 0 2
-9.79432 27.6502 0 2
-9.71989 27.5837 0 2
-9.6276 27.5467 0 2
-9.52849 27.549 0 2
-9.43973 27.5928 0 2
-9.3775 27.6699 0 2
-9.34919 27.7652 0 2
-9.35214 27.8648 0 2
-9.37795 27.9614 0 2
-9.41692 28.0537 0 2
-9.46206 28.1433 0 2
-9.50887 28.232 0 2
-9.55483 28.3212 0 2
-9.59808 28.4118 0 2
-9.63626 28.5046 0 2
-9.66631 28.6004 0 2
-9.68433 28.6991 0 2
-9.68549 28.7994 0 2
-9.66438 28.8975 0 2
-9.61863 28.9872 0 2
-9.55033 29.0624 0 2
-9.46441 29.1196 0 2
-9.36602 29.1583 0 2
-9.25829 29.1763 0 2
-9.14658 29.1585 0 2
-9.09769 29.0448 0 2
-9.07164 28.9251 0 2
-9.05086 28.808 0 2
-9.0137 28.6957 0 2
-8.97694 28.5831 0 2
-8.94166 28.4718 0 2
-8.89013 28.3671 0 2
-8.83958 28.2601 0 2
-8.79377 28.1516 0 2
-8.75179 28.0444 0 2
-8.69381 27.9454 0 2
-8.63398 27.8474 0 2
-8.55916 27.7598 0 2
-8.48431 27.6683 0 2
-8.41186 27.5737 0 2
-8.34014 27.4799 0 2
-8.25438 27.3988 0 2
-8.16661 27.3161 0 2
-8.07937 27.2319 0 2
-7.99154 27.1496 0 2
-7.89078 27.0831 0 2
-7.78592 27.0166 0 2
-7.67851 26.95 0 2
-7.56854 26.885 0 2
-7.45617 26.8229 0 2
-7.34161 26.7642 0 2
-7.22499 26.7091 0 2
-7.1068 26.6576 0 2
-6.98737 26.6094 0 2
-6.86785 26.5618 0 2
-6.75612 26.4998 0 2
-6.73863 26.3869 0 2
-6.74834 26.2777 0 2
-6.76782 26.1737 0 2
-6.79182 26.0735 0 2
-6.81784 25.9757 0 2
-6.84339 25.879 0 2
-6.86585 25.7821 0 2
-6.88241 25.6839 0 2
-6.88971 25.5847 0 2
-6.88418 25.4854 0 2
-6.86241 25.3885 0 2
-6.8219 25.2979 0 2
-6.76199 25.2189 0 2
-6.68458 25.1572 0 2
-6.5939 25.1168 0 2
-6.49542 25.098 0 2
-6.39323 25.0957 0 2
-6.28826 25.1016 0 2
