-15.245 28.9185 0 1
-15.142 28.8616 0 1
-15.093 28.7499 0 1
-15.0781 28.6267 0 1
-15.0679 28.5046 0 1
-15.0569 28.3839 0 1
-15.0448 28.2645 0 1
-15.0324 28.1465 0 1
-15.0213 28.03 0 1
-15.0132 27.9158 0 1
-15.0064 27.8051 0 1
-14.9789 27.6984 0 1
-14.9528 27.5911 0 1
-14.9294 27.4849 0 1
-14.8874 27.3848 0 1
-14.8478 27.2821 0 1
-14.8156 27.1771 0 1
-14.7877 27.0731 0 1
-14.7422 26.9757 0 1
-14.6991 26.8762 0 1
-14.6594 26.7765 0 1
-14.6029 26.6851 0 1
-14.5489 26.5898 0 1
-14.5019 26.4907 0 1
-14.4589 26.3918 0 1
-14.3993 26.3019 0 1
-14.3418 26.2086 0 1
-14.2915 26.1116 0 1
-14.2461 26.0145 0 1
-14.1847 25.9268 0 1
-14.1257 25.8363 0 1
-14.0702 25.7446 0 1
-13.9996 25.6639 0 1
-13.9311 25.5787 0 1
-13.869 25.4883 0 1
-13.8107 25.3972 0 1
-13.737 25.318 0 1
-13.6639 25.2355 0 1
-13.5918 25.1519 0 1
-13.5045 25.0833 0 1
-13.4143 25.0113 0 1
-13.3232 24.9355 0 1
-13.23 24.8577 0 1
-13.1353 24.7773 0 1
-13.0521 24.6838 0 1
-12.9817 24.5834 0 1
-12.9669 24.4638 0 1
-12.9524 24.3491 0 1
-12.9234 24.2409 0 1
-12.8752 24.1422 0 1
-12.8077 24.0568 0 1
-12.7229 23.9887 0 1
-12.625 23.9392 0 1
-12.5183 23.9064 0 1
-12.406 23.8842 0 1
-12.2914 23.8549 0 1
-12.2132 23.766 0 1
-12.1532 23.6638 0 1
-12.102 23.5587 0 1
-12.0553 23.4551 0 1
-11.993 23.3604 0 1
-11.9324 23.2641 0 1
-11.8752 23.1676 0 1
-11.8036 23.0811 0 1
-11.7336 22.9911 0 1
-11.6693 22.8971 0 1
-11.6095 22.8029 0 1
-11.5358 22.7193 0 1
-11.4639 22.6326 0 1
-11.3954 22.5449 0 1
-11.314 22.4688 0 1
-11.2338 22.3885 0 1
-11.159 22.3033 0 1
-11.0886 22.2172 0 1
-11.0059 22.1431 0 1
-10.9247 22.0656 0 1
-10.8468 21.9865 0 1
-10.7576 21.9202 0 1
-10.6694 21.8494 0 1
-10.5863 21.7727 0 1
-10.5076 21.6944 0 1
-10.418 21.6292 0 1
-10.3296 21.5603 0 1
-10.2446 21.4893 0 1
-10.1495 21.4321 0 1
-10.0549 21.3702 0 1
-9.9648 21.302 0 1
-9.87887 21.2317 0 1
-9.78328 21.1755 0 1
-9.68852 21.1156 0 1
-9.59664 21.0533 0 1
-9.49609 21.006 0 1
-9.39534 20.954 0 1
-9.29777 20.8954 0 1
-9.20334 20.8348 0 1
-9.10058 20.7899 0 1
-8.9973 20.7417 0 1
-8.89495 20.6916 0 1
-8.78513 20.6593 0 1
-8.67181 20.6241 0 1
-8.55655 20.585 0 1
-8.43963 20.5436 0 1
-8.32242 20.4966 0 1
-8.22302 20.4213 0 1
-8.18749 20.3089 0 1
-8.1598 20.1992 0 1
-8.12335 20.0962 0 1
-8.0724 20.0026 0 1
-8.00612 19.9212 0 1
-7.92641 19.8543 0 1
-7.83672 19.8024 0 1
-7.74029 19.7651 0 1
-7.63958 19.7417 0 1
-7.53641 19.7327 0 1
-7.43265 19.7398 0 1
-7.3305 19.764 0 1
-7.23198 19.8047 0 1
-7.13734 19.859 0 1
-7.0435 19.9213 0 1
-6.94048 19.9767 0 1
-6.81567 19.9548 0 1
-6.69888 19.8994 0 1
-6.58676 19.8396 0 1
-6.47843 19.7788 0 1
-6.37397 19.7193 0 1
-6.26204 19.6768 0 1
-6.14977 19.633 0 1
-6.04008 19.5853 0 1
-5.93373 19.5361 0 1
-5.82145 19.5032 0 1
-5.70845 19.4677 0 1
-5.59645 19.4307 0 1
-5.47968 19.4111 0 1
-5.35966 19.3891 0 1
-5.23795 19.3635 0 1
-5.11579 19.3338 0 1
-4.99739 19.291 0 1
-4.90924 19.2037 0 1
-4.82257 19.1205 0 1
-4.72893 19.0498 0 1
-4.62737 18.9944 0 1
-4.51936 18.9557 0 1
-4.40679 18.9342 0 1
-4.29174 18.93 0 1
-4.17594 18.9427 0 1
-4.06001 18.9694 0 1
-3.94138 19.0002 0 1
-3.81523 18.9925 0 1
-3.69276 18.9476 0 1
-3.57445 18.8965 0 1
-3.45949 18.8438 0 1
-3.34825 18.7917 0 1
-3.23105 18.7564 0 1
-3.11345 18.7199 0 1
-2.99789 18.6797 0 1
-2.88548 18.6381 0 1
-2.76852 18.6125 0 1
-2.65056 18.5845 0 1
-2.53329 18.5549 0 1
-2.4126 18.5423 0 1
-2.28833 18.5276 0 1
-2.16207 18.5101 0 1
-2.03462 18.4911 0 1
-1.90693 18.4697 0 1
-1.78205 18.4364 0 1
-1.68392 18.3576 0 1
-1.58717 18.2831 0 1
-1.48493 18.2213 0 1
-1.37689 18.1744 0 1
-1.26424 18.1431 0 1
-1.14848 18.1277 0 1
-1.03119 18.1286 0 1
-0.913746 18.1454 0 1
-0.7966 18.1756 0 1
-0.677201 18.2104 0 1
-0.548937 18.209 0 1
-0.422944 18.1716 0 1
-0.301647 18.1274 0 1
-0.184393 18.0828 0 1
-0.0624354 18.0546 0 1
0.0601719 18.0258 0 1
0.181342 17.9939 0 1
0.299854 17.9612 0 1
0.421625 17.9445 0 1
0.544989 17.9259 0 1
0.667733 17.9037 0 1
0.788391 17.8802 0 1
0.911127 17.873 0 1
1.03611 17.8641 0 1
1.16155 17.852 0 1
1.28604 17.8394 0 1
1.41132 17.8426 0 1
1.54018 17.8383 0 1
1.66112 17.7981 0 1
1.76255 17.7263 0 1
1.86321 17.6594 0 1
1.9684 17.6048 0 1
2.07853 17.565 0 1
2.19249 17.5406 0 1
2.30871 17.5315 0 1
2.42588 17.5381 0 1
2.54279 17.5601 0 1
2.65937 17.5947 0 1
2.77922 17.6307 0 1
2.90813 17.6105 0 1
3.03516 17.5773 0 1
3.16134 17.5416 0 1
3.2862 17.5051 0 1
3.40862 17.4676 0 1
3.52756 17.4304 0 1
3.65026 17.4096 0 1
3.77383 17.3878 0 1
3.89607 17.3626 0 1
4.01551 17.3359 0 1
4.13733 17.3252 0 1
4.26062 17.3126 0 1
4.38362 17.2989 0 1
4.50767 17.3021 0 1
4.63587 17.3039 0 1
4.76679 17.3032 0 1
4.89923 17.2959 0 1
5.02175 17.2554 0 1
5.12434 17.1843 0 1
5.22637 17.1186 0 1
5.3328 17.0655 0 1
5.4439 17.0272 0 1
5.55851 17.0038 0 1
5.67519 16.9952 0 1
5.79277 17.0015 0 1
5.9102 17.0226 0 1
6.02744 17.056 0 1
6.14797 17.0907 0 1
6.27721 17.069 0 1
6.40444 17.0343 0 1
6.53058 16.997 0 1
6.65527 16.959 0 1
6.7772 16.9197 0 1
6.89507 16.8803 0 1
7.01682 16.8567 0 1
7.13877 16.8318 0 1
7.25885 16.8054 0 1
7.38142 16.7949 0 1
7.50624 16.782 0 1
7.63134 16.7657 0 1
7.75525 16.7486 0 1
7.88051 16.7483 0 1
8.00912 16.747 0 1
8.13961 16.7437 0 1
8.27086 16.7371 0 1
8.40054 16.718 0 1
8.50711 16.6498 0 1
8.61139 16.5846 0 1
8.71931 16.5314 0 1
8.83142 16.4924 0 1
8.94675 16.468 0 1
9.06413 16.4578 0 1
9.18248 16.462 0 1
9.30067 16.481 0 1
9.41839 16.513 0 1
9.53816 16.5496 0 1
9.66819 16.5505 0 1
9.79762 16.5163 0 1
9.9229 16.4758 0 1
10.0442 16.4351 0 1
10.1696 16.4104 0 1
10.2958 16.3853 0 1
10.4208 16.3577 0 1
10.5433 16.3296 0 1
10.6683 16.3171 0 1
10.7949 16.3032 0 1
10.9211 16.2863 0 1
11.0455 16.2684 0 1
11.1711 16.2663 0 1
11.299 16.2631 0 1
11.4276 16.2573 0 1
11.5551 16.2512 0 1
11.6826 16.2606 0 1
11.814 16.2632 0 1
11.9389 16.2304 0 1
12.0459 16.1654 0 1
12.152 16.1053 0 1
12.2618 16.0573 0 1
12.3753 16.0236 0 1
12.4917 16.0041 0 1
12.6095 15.999 0 1
12.7279 16.0089 0 1
12.8456 16.0338 0 1
12.9627 16.0713 0 1
13.0827 16.1113 0 1
13.2143 16.0975 0 1
13.3451 16.072 0 1
13.4757 16.0448 0 1
13.6056 16.018 0 1
13.7341 15.9914 0 1
13.86 15.9639 0 1
13.9818 15.9361 0 1
14.1059 15.9248 0 1
14.2303 15.9124 0 1
14.3531 15.8988 0 1
14.4767 15.9013 0 1
14.6028 15.9021 0 1
14.7297 15.9 0 1
14.8557 15.8975 0 1
14.9812 15.9121 0 1
15.1104 15.9256 0 1
15.2425 15.9319 0 1
15.368 15.9032 0 1
15.4762 15.8415 0 1
15.5831 15.7846 0 1
15.6933 15.7403 0 1
15.807 15.7109 0 1
15.923 15.6963 0 1
16.0399 15.6966 0 1
16.1566 15.7118 0 1
16.272 15.7419 0 1
16.3863 15.7843 0 1
16.5037 15.8286 0 1
16.6341 15.8181 0 1
16.7637 15.7949 0 1
16.8924 15.7694 0 1
17.0198 15.7434 0 1
17.1446 15.7162 0 1
17.2655 15.6887 0 1
17.3886 15.6778 0 1
17.5122 15.6657 0 1
17.634 15.6524 0 1
17.7566 15.6554 0 1
17.8817 15.6566 0 1
18.0074 15.6546 0 1
18.132 15.652 0 1
18.2559 15.6664 0 1
18.3832 15.6806 0 1
18.5125 15.693 0 1
18.6428 15.7024 0 1
18.7728 15.6983 0 1
18.884 15.6407 0 1
18.9922 15.5851 0 1
19.1031 15.5416 0 1
19.217 15.5127 0 1
19.3329 15.4986 0 1
19.4495 15.4993 0 1
19.5656 15.5153 0 1
19.6799 15.5466 0 1
19.7923 15.591 0 1
19.9065 15.6401 0 1
20.0348 15.6541 0 1
20.1668 15.6331 0 1
20.2964 15.6066 0 1
20.4232 15.579 0 1
20.5464 15.552 0 1
20.6719 15.5421 0 1
20.7981 15.5321 0 1
20.9232 15.5193 0 1
21.0456 15.5053 0 1
21.1687 15.5075 0 1
21.2933 15.5085 0 1
21.4173 15.5086 0 1
21.5405 15.5254 0 1
21.6674 15.5417 0 1
21.7967 15.5566 0 1
21.927 15.571 0 1
22.0578 15.5827 0 1
22.188 15.5809 0 1
22.2978 15.5232 0 1
22.4041 15.4666 0 1
22.5129 15.4214 0 1
22.6247 15.3903 0 1
22.739 15.3743 0 1
22.8541 15.3743 0 1
22.9686 15.3905 0 1
23.0812 15.4227 0 1
23.1917 15.4682 0 1
23.3042 15.5182 0 1
23.4301 15.5326 0 1
23.558 15.5111 0 1
23.6822 15.4824 0 1
23.8026 15.4536 0 1
23.9256 15.4425 0 1
24.0495 15.4316 0 1
24.1724 15.418 0 1
24.2928 15.4037 0 1
24.414 15.4065 0 1
24.5368 15.4083 0 1
24.6593 15.4063 0 1
24.7797 15.4026 0 1
24.8992 15.4158 0 1
25.0206 15.4279 0 1
25.1419 15.4392 0 1
25.2606 15.4676 0 1
25.3837 15.4949 0 1
25.5106 15.5137 0 1
25.6338 15.494 0 1
25.74 15.436 0 1
25.8438 15.3811 0 1
25.9506 15.3388 0 1
26.0608 15.312 0 1
26.1733 15.3025 0 1
26.2861 15.3107 0 1
26.3972 15.336 0 1
26.5056 15.3768 0 1
26.6116 15.4299 0 1
26.7216 15.4833 0 1
26.8484 15.4783 0 1
26.9748 15.4587 0 1
27.1007 15.4364 0 1
27.2255 15.4135 0 1
27.3481 15.3897 0 1
27.4674 15.3664 0 1
27.5888 15.3612 0 1
27.7111 15.3559 0 1
27.8325 15.3472 0 1
27.9513 15.3371 0 1
28.0703 15.3443 0 1
28.1907 15.3503 0 1
28.3108 15.3554 0 1
28.429 15.3781 0 1
28.5509 15.4004 0 1
28.675 15.4205 0 1
28.8006 15.4368 0 1
28.9266 15.4378 0 1
29.0346 15.3808 0 1
29.1384 15.3239 0 1
29.245 15.2792 0 1
29.3552 15.2497 0 1
29.4675 15.2373 0 1
29.5802 15.2426 0 1
29.6913 15.2654 0 1
29.7994 15.3042 0 1
29.9046 15.3561 0 1
30.0122 15.4115 0 1
30.1363 15.4285 0 1
30.2648 15.4081 0 1
30.3909 15.3813 0 1
30.5145 15.3534 0 1
30.6348 15.3265 0 1
30.7575 15.3178 0 1
30.8813 15.3093 0 1
31.0043 15.2983 0 1
31.1252 15.287 0 1
31.2463 15.2934 0 1
31.3695 15.2992 0 1
31.4932 15.3024 0 1
31.6154 15.3055 0 1
31.736 15.3265 0 1
31.8595 15.3481 0 1
31.9849 15.3681 0 1
32.1113 15.3846 0 1
32.2378 15.3857 0 1
32.3449 15.328 0 1
32.4477 15.27 0 1
32.5535 15.2239 0 1
32.663 15.1933 0 1
32.7749 15.18 0 1
32.8873 15.1848 0 1
32.9981 15.2074 0 1
33.1059 15.2462 0 1
33.2109 15.2983 0 1
33.3181 15.354 0 1
33.4413 15.3721 0 1
33.5683 15.353 0 1
33.6925 15.3273 0 1
33.8138 15.2997 0 1
33.9311 15.2724 0 1
34.0506 15.2635 0 1
34.1701 15.2539 0 1
34.2877 15.2433 0 1
34.4057 15.2503 0 1
34.5257 15.2557 0 1
34.6458 15.2568 0 1
34.764 15.2562 0 1
34.8808 15.2732 0 1
34.9995 15.2892 0 1
35.1181 15.3046 0 1
35.2335 15.3377 0 1
35.3531 15.37 0 1
35.4769 15.3935 0 1
35.5986 15.3772 0 1
35.7038 15.3206 0 1
35.8061 15.2663 0 1
35.9113 15.2243 0 1
36.02 15.1988 0 1
36.1309 15.1922 0 1
36.2414 15.2051 0 1
36.3491 15.2367 0 1
36.4527 15.2846 0 1
36.5531 15.3449 0 1
36.6581 15.4049 0 1
36.7835 15.4055 0 1
36.9093 15.3909 0 1
37.0351 15.3741 0 1
37.1605 15.3577 0 1
37.2846 15.3415 0 1
37.4064 15.3242 0 1
37.5246 15.307 0 1
37.6435 15.3086 0 1
37.7629 15.3099 0 1
37.8808 15.3103 0 1
37.9974 15.3287 0 1
38.1165 15.3463 0 1
38.2367 15.3609 0 1
38.356 15.3757 0 1
38.4717 15.409 0 1
38.5909 15.4423 0 1
38.7141 15.4671 0 1
38.8348 15.4511 0 1
38.9384 15.3935 0 1
39.0387 15.3374 0 1
39.142 15.2938 0 1
39.2494 15.2673 0 1
39.3592 15.2607 0 1
39.4685 15.2749 0 1
39.5745 15.3084 0 1
39.6757 15.3586 0 1
39.7737 15.4209 0 1
39.8769 15.482 0 1
40.0006 15.4823 0 1
40.1243 15.4663 0 1
40.2475 15.4473 0 1
40.3697 15.4277 0 1
40.4895 15.4067 0 1
40.6059 15.386 0 1
40.7236 15.3842 0 1
40.8418 15.382 0 1
40.9585 15.379 0 1
41.0743 15.3944 0 1
41.1925 15.4088 0 1
41.3116 15.4199 0 1
41.4296 15.4308 0 1
41.5444 15.4608 0 1
41.662 15.4915 0 1
41.7817 15.5206 0 1
41.9026 15.5455 0 1
42.0249 15.5529 0 1
42.1293 15.496 0 1
42.2276 15.4364 0 1
42.3286 15.3881 0 1
42.4341 15.3568 0 1
42.5426 15.346 0 1
42.651 15.3573 0 1
42.756 15.3894 0 1
42.856 15.439 0 1
42.9519 15.5011 0 1
43.0514 15.5649 0 1
43.1703 15.5877 0 1
43.2945 15.5699 0 1
43.4162 15.5446 0 1
43.5354 15.5177 0 1
43.6513 15.4921 0 1
43.7695 15.4864 0 1
43.8887 15.4811 0 1
44.0069 15.4726 0 1
44.1227 15.4632 0 1
44.2383 15.4727 0 1
44.3554 15.4814 0 1
44.4719 15.4899 0 1
44.5858 15.5176 0 1
44.7031 15.5457 0 1
44.8227 15.5726 0 1
44.9432 15.5988 0 1
45.0644 15.6214 0 1
45.1863 15.6263 0 1
45.2881 15.566 0 1
45.3833 15.5028 0 1
45.4815 15.4506 0 1
45.585 15.4158 0 1
45.6924 15.4022 0 1
45.8001 15.4114 0 1
45.9046 15.4421 0 1
46.0038 15.4909 0 1
46.099 15.5523 0 1
46.1979 15.615 0 1
46.3157 15.6344 0 1
46.4364 15.611 0 1
46.5529 15.5783 0 1
46.666 15.5456 0 1
46.7826 15.5325 0 1
46.9002 15.5197 0 1
47.0165 15.5036 0 1
47.1301 15.4865 0 1
47.2448 15.4883 0 1
47.3607 15.4889 0 1
47.4754 15.4885 0 1
47.5888 15.5069 0 1
47.7048 15.5243 0 1
47.8221 15.5385 0 1
47.9385 15.553 0 1
48.0511 15.5869 0 1
48.167 15.621 0 1
48.2874 15.6457 0 1
48.405 15.6271 0 1
48.5037 15.5645 0 1
48.5986 15.5031 0 1
48.6975 15.4541 0 1
48.8017 15.4234 0 1
48.9091 15.4147 0 1
49.0161 15.4293 0 1
49.1187 15.4656 0 1
49.2157 15.5195 0 1
49.3094 15.5845 0 1
49.4098 15.6466 0 1
49.5311 15.6438 0 1
49.6522 15.6233 0 1
49.7727 15.5995 0 1
49.8924 15.5752 0 1
50.0102 15.5501 0 1
50.125 15.5263 0 1
50.2418 15.5229 0 1
50.3597 15.5198 0 1
50.477 15.5135 0 1
50.5918 15.5062 0 1
50.7061 15.518 0 1
50.8219 15.5292 0 1
50.937 15.54 0 1
51.0491 15.5702 0 1
51.1644 15.6009 0 1
51.2821 15.6293 0 1
51.4012 15.6531 0 1
51.5215 15.6583 0 1
51.6226 15.5978 0 1
51.7166 15.5338 0 1
51.8137 15.4808 0 1
51.9163 15.4454 0 1
52.023 15.4318 0 1
52.1301 15.4413 0 1
52.2337 15.4732 0 1
52.3316 15.5236 0 1
52.4255 15.5867 0 1
52.5232 15.651 0 1
52.6409 15.672 0 1
52.7632 15.6509 0 1
52.8828 15.6219 0 1
53 15.5914 0 1
53.1143 15.5626 0 1
53.2315 15.5542 0 1
53.3498 15.5466 0 1
53.4675 15.5364 0 1
53.5832 15.5263 0 1
53.6989 15.536 0 1
53.8165 15.5458 0 1
53.9345 15.5528 0 1
54.0512 15.5602 0 1
54.1651 15.5879 0 1
54.2815 15.617 0 1
54.3998 15.6446 0 1
54.5193 15.6681 0 1
54.6399 15.6734 0 1
54.7418 15.6139 0 1
54.8371 15.5512 0 1
54.9353 15.4997 0 1
55.0388 15.4659 0 1
55.146 15.4539 0 1
55.2532 15.4652 0 1
55.3566 15.4986 0 1
55.4541 15.5503 0 1
55.5476 15.6142 0 1
55.6451 15.6789 0 1
55.763 15.7006 0 1
55.8856 15.6804 0 1
56.0054 15.6521 0 1
56.1223 15.6217 0 1
56.2355 15.592 0 1
56.3516 15.582 0 1
56.468 15.5719 0 1
56.5826 15.5612 0 1
56.6976 15.5694 0 1
56.8145 15.5765 0 1
56.9315 15.5795 0 1
57.0466 15.5812 0 1
57.1598 15.6017 0 1
57.2747 15.6217 0 1
57.3893 15.6416 0 1
57.4995 15.6802 0 1
57.6137 15.7182 0 1
57.7327 15.746 0 1
57.85 15.7294 0 1
57.948 15.6669 0 1
58.0416 15.6046 0 1
58.1391 15.5544 0 1
58.2423 15.5228 0 1
58.3489 15.5139 0 1
58.455 15.5289 0 1
58.5564 15.5664 0 1
58.6515 15.622 0 1
58.7432 15.6886 0 1
58.8423 15.7522 0 1
58.9624 15.751 0 1
59.0824 15.732 0 1
59.2018 15.7098 0 1
59.3205 15.6873 0 1
59.4374 15.6643 0 1
59.5516 15.643 0 1
59.6674 15.6429 0 1
59.7844 15.6437 0 1
59.9011 15.6417 0 1
60.016 15.6399 0 1
60.1293 15.6585 0 1
60.2444 15.6776 0 1
60.3603 15.6941 0 1
60.4748 15.7113 0 1
60.5849 15.7489 0 1
60.698 15.7868 0 1
60.8157 15.8149 0 1
60.9315 15.7974 0 1
61.027 15.7326 0 1
61.1175 15.6675 0 1
61.2123 15.6144 0 1
61.3135 15.5807 0 1
61.4189 15.5709 0 1
61.5236 15.5869 0 1
61.6228 15.627 0 1
61.7149 15.6854 0 1
61.8037 15.7543 0 1
61.9011 15.8184 0 1
62.0202 15.8143 0 1
62.1384 15.7908 0 1
62.256 15.7636 0 1
62.3726 15.7357 0 1
62.4869 15.7066 0 1
62.5981 15.6786 0 1
62.712 15.6712 0 1
62.8265 15.6639 0 1
62.9396 15.6564 0 1
63.0524 15.669 0 1
63.1675 15.681 0 1
63.2833 15.6896 0 1
63.3979 15.6987 0 1
63.5093 15.7286 0 1
63.6231 15.7599 0 1
63.7387 15.7896 0 1
63.8557 15.8146 0 1
63.974 15.8193 0 1
64.0707 15.7547 0 1
64.159 15.6854 0 1
64.2506 15.6264 0 1
64.3494 15.5856 0 1
64.4538 15.569 0 1
64.5591 15.5785 0 1
64.6602 15.6123 0 1
64.7546 15.6656 0 1
64.845 15.731 0 1
64.9403 15.7962 0 1
65.0563 15.8142 0 1
65.1753 15.7873 0 1
65.2909 15.7517 0 1
65.404 15.7144 0 1
65.5142 15.6791 0 1
65.6285 15.6646 0 1
65.7439 15.6507 0 1
65.8581 15.6334 0 1
65.9698 15.6154 0 1
66.0827 15.6172 0 1
66.1966 15.6183 0 1
66.3095 15.6187 0 1
66.4207 15.6389 0 1
66.5346 15.6585 0 1
66.6495 15.675 0 1
66.7634 15.6922 0 1
66.8735 15.7277 0 1
66.989 15.7553 0 1
67.1042 15.7373 0 1
67.2003 15.6731 0 1
67.2918 15.609 0 1
67.3875 15.5571 0 1
67.4896 15.5243 0 1
67.5956 15.5149 0 1
67.7011 15.5303 0 1
67.8015 15.5688 0 1
67.8954 15.6254 0 1
67.9861 15.6926 0 1
68.085 15.7552 0 1
68.2058 15.75 0 1
68.3262 15.7263 0 1
68.4464 15.6997 0 1
68.5665 15.6737 0 1
68.6858 15.648 0 1
68.8028 15.6218 0 1
68.9165 15.5966 0 1
69.0324 15.5915 0 1
69.1488 15.5867 0 1
69.2638 15.5816 0 1
69.3781 15.596 0 1
69.4947 15.6101 0 1
69.6122 15.6214 0 1
69.7286 15.6335 0 1
69.8414 15.6655 0 1
69.9575 15.6977 0 1
70.0777 15.7202 0 1
70.1941 15.6986 0 1
70.2893 15.6321 0 1
70.3803 15.5662 0 1
70.4757 15.5123 0 1
70.5776 15.4772 0 1
70.6837 15.465 0 1
70.79 15.4771 0 1
70.8921 15.512 0 1
70.9884 15.5652 0 1
71.0817 15.6294 0 1
71.1824 15.69 0 1
71.3025 15.6841 0 1
71.4217 15.6602 0 1
71.5404 15.6332 0 1
71.6583 15.6058 0 1
71.7744 15.5781 0 1
71.8878 15.5521 0 1
72.0036 15.5471 0 1
72.1205 15.5427 0 1
72.2366 15.5351 0 1
72.3505 15.5269 0 1
72.4638 15.5385 0 1
72.5784 15.5499 0 1
72.6924 15.5612 0 1
72.803 15.5926 0 1
72.9166 15.6247 0 1
73.0324 15.6548 0 1
73.1499 15.68 0 1
73.2687 15.6854 0 1
73.3671 15.6226 0 1
73.4573 15.5551 0 1
73.5506 15.4978 0 1
73.6506 15.4586 0 1
73.7557 15.4428 0 1
73.8614 15.4523 0 1
73.9631 15.486 0 1
74.0583 15.539 0 1
74.1493 15.6043 0 1
74.2449 15.67 0 1
74.3612 15.69 0 1
74.4813 15.6659 0 1
74.5984 15.6335 0 1
74.713 15.5995 0 1
74.8248 15.5675 0 1
74.9401 15.5564 0 1
75.0565 15.546 0 1
75.172 15.5326 0 1
75.2851 15.5188 0 1
75.3988 15.525 0 1
75.5137 15.5311 0 1
75.6281 15.5373 0 1
75.7399 15.5641 0 1
75.8549 15.592 0 1
75.9722 15.6189 0 1
76.0905 15.6453 0 1
76.2094 15.6684 0 1
76.3292 15.6732 0 1
76.4295 15.6121 0 1
76.5222 15.5471 0 1
76.618 15.4931 0 1
76.7198 15.4573 0 1
76.8259 15.4443 0 1
76.932 15.4557 0 1
77.034 15.4902 0 1
77.1298 15.5433 0 1
77.2215 15.6083 0 1
77.3179 15.6735 0 1
77.4351 15.6933 0 1
77.5564 15.6698 0 1
77.6747 15.638 0 1
77.7901 15.6041 0 1
77.902 15.5711 0 1
78.0174 15.5579 0 1
78.133 15.5448 0 1
78.247 15.5313 0 1
78.3617 15.5369 0 1
78.4783 15.5416 0 1
78.5951 15.5423 0 1
78.7098 15.5419 0 1
78.823 15.5606 0 1
78.9378 15.5791 0 1
79.0523 15.5976 0 1
79.1625 15.6351 0 1
79.2766 15.672 0 1
79.3955 15.6988 0 1
79.5122 15.681 0 1
79.6088 15.6169 0 1
79.7005 15.5525 0 1
79.7964 15.4998 0 1
79.8983 15.4658 0 1
80.0044 15.4551 0 1
80.1102 15.469 0 1
80.2113 15.506 0 1
80.3062 15.5613 0 1
80.3979 15.6274 0 1
80.4973 15.6897 0 1
80.6171 15.6856 0 1
80.7364 15.6632 0 1
80.8551 15.6376 0 1
80.9732 15.6117 0 1
81.0895 15.5855 0 1
81.2032 15.5612 0 1
81.3191 15.5581 0 1
81.4362 15.5559 0 1
81.553 15.5512 0 1
81.6679 15.5467 0 1
81.7818 15.5629 0 1
81.8975 15.5796 0 1
82.0139 15.5938 0 1
82.1289 15.6089 0 1
82.2398 15.6447 0 1
82.3538 15.6812 0 1
82.4722 15.7081 0 1
82.5884 15.6901 0 1
82.6848 15.6258 0 1
82.7764 15.5616 0 1
82.8723 15.5095 0 1
82.9743 15.4765 0 1
83.0802 15.4674 0 1
83.1854 15.4834 0 1
83.2853 15.5227 0 1
83.3787 15.58 0 1
83.4688 15.6478 0 1
83.5672 15.711 0 1
83.6871 15.7062 0 1
83.8063 15.6825 0 1
83.9249 15.6552 0 1
84.0426 15.6274 0 1
84.1581 15.5987 0 1
84.2703 15.5709 0 1
84.3852 15.5635 0 1
84.5007 15.5561 0 1
84.6148 15.5484 0 1
84.7286 15.5605 0 1
84.8447 15.5721 0 1
84.9615 15.5806 0 1
85.077 15.5895 0 1
85.1895 15.6189 0 1
85.3045 15.6498 0 1
85.4212 15.6791 0 1
85.5392 15.704 0 1
85.6585 15.7092 0 1
85.7564 15.6457 0 1
85.8459 15.5775 0 1
85.9387 15.5194 0 1
86.0382 15.4794 0 1
86.1431 15.4627 0 1
86.2489 15.4714 0 1
86.3508 15.5042 0 1
86.4465 15.5564 0 1
86.5381 15.6208 0 1
86.6343 15.6854 0 1
86.7507 15.7041 0 1
86.8701 15.6786 0 1
86.9862 15.6446 0 1
87.0991 15.6086 0 1
87.2087 15.574 0 1
87.3221 15.5599 0 1
87.436 15.5459 0 1
87.5482 15.5318 0 1
87.6613 15.5376 0 1
87.7765 15.5427 0 1
87.8919 15.5441 0 1
88.0058 15.5453 0 1
88.1177 15.5668 0 1
88.2316 15.5887 0 1
88.3465 15.608 0 1
88.4601 15.628 0 1
88.5695 15.6663 0 1
88.6844 15.6965 0 1
88.7995 15.6802 0 1
88.8952 15.6163 0 1
88.9858 15.5517 0 1
89.081 15.4995 0 1
89.1826 15.4665 0 1
89.2881 15.4574 0 1
89.3929 15.4739 0 1
89.4921 15.5143 0 1
89.5841 15.5731 0 1
89.6728 15.6424 0 1
89.7699 15.7072 0 1
89.8897 15.7041 0 1
90.0094 15.6821 0 1
90.1289 15.6572 0 1
90.2483 15.6329 0 1
90.3668 15.609 0 1
90.483 15.5846 0 1
90.596 15.5614 0 1
90.7108 15.5589 0 1
90.8262 15.5568 0 1
90.9403 15.5547 0 1
91.0531 15.5726 0 1
91.1683 15.5902 0 1
91.2844 15.605 0 1
91.3994 15.6207 0 1
91.5102 15.6569 0 1
91.6242 15.6938 0 1
91.7427 15.7215 0 1
91.8595 15.705 0 1
91.9576 15.6429 0 1
92.0514 15.5812 0 1
92.1491 15.5319 0 1
92.2523 15.5017 0 1
92.3588 15.4948 0 1
92.4641 15.5124 0 1
92.5641 15.5527 0 1
92.6574 15.6108 0 1
92.7472 15.6795 0 1
92.845 15.7443 0 1
92.9655 15.7425 0 1
93.0859 15.7222 0 1
93.2059 15.6987 0 1
93.3252 15.675 0 1
93.4427 15.6508 0 1
93.5575 15.6283 0 1
93.674 15.6266 0 1
93.7916 15.6256 0 1
93.9086 15.6216 0 1
94.0232 15.617 0 1
94.1369 15.6319 0 1
94.2518 15.6465 0 1
94.3661 15.6611 0 1
94.4766 15.6954 0 1
94.59 15.7304 0 1
94.7058 15.7636 0 1
94.8231 15.7921 0 1
94.9422 15.8008 0 1
95.0419 15.7403 0 1
95.1332 15.6743 0 1
95.2273 15.6184 0 1
95.3277 15.5803 0 1
95.433 15.5655 0 1
95.5387 15.576 0 1
95.6401 15.6105 0 1
95.735 15.6643 0 1
95.8254 15.7305 0 1
95.9202 15.7974 0 1
96.036 15.8195 0 1
96.1562 15.7984 0 1
96.2735 15.7691 0 1
96.3883 15.7384 0 1
96.5001 15.7098 0 1
96.6149 15.7027 0 1
96.7306 15.6964 0 1
96.8454 15.6868 0 1
96.9577 15.6765 0 1
97.0699 15.6863 0 1
97.183 15.6956 0 1
97.2952 15.7043 0 1
97.4042 15.7327 0 1
97.5158 15.7608 0 1
97.6286 15.7859 0 1
97.7403 15.8114 0 1
97.8469 15.8549 0 1
97.9596 15.8901 0 1
98.0744 15.8773 0 1
98.1704 15.8145 0 1
98.2607 15.7503 0 1
98.3553 15.698 0 1
98.4566 15.6656 0 1
98.5618 15.6581 0 1
98.6657 15.6771 0 1
98.7632 15.7203 0 1
98.8529 15.7822 0 1
98.9388 15.8548 0 1
99.0339 15.923 0 1
99.1561 15.9207 0 1
99.2723 15.8835 0 1
99.3829 15.8435 0 1
99.4982 15.824 0 1
99.6142 15.8067 0 1
99.7293 15.7878 0 1
99.8419 15.7697 0 1
99.9557 15.7728 0 1
100.071 15.7763 0 1
100.186 15.7762 0 1
100.299 15.7754 0 1
100.41 15.795 0 1
100.522 15.8147 0 1
100.634 15.8347 0 1
100.741 15.8748 0 1
100.852 15.9147 0 1
100.968 15.9439 0 1
101.083 15.9262 0 1
101.177 15.8598 0 1
101.265 15.7925 0 1
101.358 15.7373 0 1
101.458 15.7021 0 1
101.562 15.692 0 1
101.666 15.7089 0 1
101.764 15.7503 0 1
101.854 15.8102 0 1
101.942 15.8803 0 1
102.038 15.9453 0 1
102.156 15.9404 0 1
102.273 15.9156 0 1
102.39 15.887 0 1
102.506 15.8581 0 1
102.62 15.8286 0 1
102.732 15.8012 0 1
102.846 15.7953 0 1
102.962 15.7901 0 1
103.077 15.7818 0 1
103.19 15.7732 0 1
103.302 15.7851 0 1
103.416 15.7971 0 1
103.529 15.8094 0 1
103.639 15.8427 0 1
103.752 15.8774 0 1
103.868 15.9102 0 1
103.987 15.9342 0 1
104.102 15.9133 0 1
104.196 15.846 0 1
104.284 15.7784 0 1
104.377 15.7229 0 1
104.477 15.6868 0 1
104.582 15.6752 0 1
104.687 15.69 0 1
104.786 15.7292 0 1
104.879 15.787 0 1
104.968 15.855 0 1
105.065 15.9182 0 1
105.184 15.9118 0 1
105.301 15.8857 0 1
105.418 15.8559 0 1
105.534 15.8254 0 1
105.647 15.794 0 1
105.757 15.7639 0 1
105.871 15.7544 0 1
105.985 15.7451 0 1
106.098 15.7357 0 1
106.211 15.7465 0 1
106.326 15.7568 0 1
106.442 15.7638 0 1
106.556 15.7713 0 1
106.668 15.7999 0 1
106.782 15.83 0 1
106.898 15.8587 0 1
107.015 15.8826 0 1
107.133 15.8866 0 1
107.23 15.8219 0 1
107.318 15.7526 0 1
107.41 15.6938 0 1
107.509 15.6534 0 1
107.613 15.6371 0 1
107.719 15.6468 0 1
107.82 15.6807 0 1
107.914 15.7341 0 1
108.005 15.7996 0 1
108.1 15.865 0 1
108.216 15.8837 0 1
108.335 15.8577 0 1
108.451 15.8229 0 1
108.563 15.786 0 1
108.672 15.7503 0 1
108.786 15.7352 0 1
108.899 15.7202 0 1
109.011 15.7051 0 1
109.124 15.7099 0 1
109.24 15.7139 0 1
109.355 15.7142 0 1
109.469 15.7143 0 1
109.581 15.7347 0 1
109.695 15.7555 0 1
109.81 15.7737 0 1
109.924 15.7926 0 1
110.034 15.8298 0 1
110.149 15.8589 0 1
110.264 15.8412 0 1
110.359 15.776 0 1
110.448 15.7102 0 1
110.543 15.6567 0 1
110.644 15.6224 0 1
110.749 15.6122 0 1
110.854 15.6278 0 1
110.954 15.6674 0 1
111.046 15.7256 0 1
111.135 15.7942 0 1
111.233 15.8585 0 1
111.352 15.8548 0 1
111.471 15.8324 0 1
111.59 15.8069 0 1
111.709 15.782 0 1
111.827 15.7575 0 1
111.943 15.7324 0 1
112.055 15.7085 0 1
112.17 15.7054 0 1
112.285 15.7027 0 1
112.398 15.6999 0 1
112.511 15.7171 0 1
112.626 15.7341 0 1
112.741 15.7481 0 1
112.856 15.7628 0 1
112.967 15.7981 0 1
113.08 15.8339 0 1
113.199 15.86 0 1
113.314 15.8407 0 1
113.409 15.7748 0 1
113.499 15.7088 0 1
113.594 15.655 0 1
113.695 15.6204 0 1
113.8 15.61 0 1
113.905 15.6254 0 1
114.005 15.6647 0 1
114.098 15.7222 0 1
114.188 15.7902 0 1
114.286 15.8536 0 1
114.405 15.8488 0 1
114.523 15.825 0 1
114.641 15.7975 0 1
114.757 15.7693 0 1
114.872 15.7399 0 1
114.983 15.7116 0 1
115.097 15.7039 0 1
115.211 15.6962 0 1
115.324 15.6884 0 1
115.437 15.7005 0 1
115.553 15.7121 0 1
115.669 15.7203 0 1
115.783 15.7288 0 1
115.895 15.7582 0 1
116.009 15.7889 0 1
116.125 15.8181 0 1
116.242 15.8425 0 1
116.361 15.847 0 1
116.458 15.7831 0 1
116.548 15.7148 0 1
116.641 15.6568 0 1
116.74 15.6171 0 1
116.845 15.601 0 1
116.951 15.6104 0 1
117.052 15.6438 0 1
117.147 15.6964 0 1
117.239 15.7612 0 1
117.335 15.8261 0 1
117.451 15.8446 0 1
117.571 15.8187 0 1
117.687 15.7842 0 1
117.802 15.748 0 1
117.913 15.7137 0 1
118.028 15.7 0 1
118.145 15.687 0 1
118.26 15.671 0 1
118.373 15.6544 0 1
118.487 15.6578 0 1
118.602 15.6609 0 1
118.717 15.6641 0 1
118.83 15.6878 0 1
118.946 15.7123 0 1
119.065 15.7358 0 1
119.184 15.7587 0 1
119.304 15.7783 0 1
119.424 15.78 0 1
119.524 15.7169 0 1
119.616 15.6506 0 1
119.711 15.5955 0 1
119.813 15.5583 0 1
119.919 15.5435 0 1
120.026 15.5524 0 1
120.129 15.5839 0 1
120.227 15.6339 0 1
120.321 15.6958 0 1
120.419 15.7576 0 1
120.537 15.7736 0 1
120.657 15.7459 0 1
120.773 15.7088 0 1
120.885 15.672 0 1
121.001 15.6545 0 1
121.119 15.6377 0 1
121.236 15.6182 0 1
121.351 15.5989 0 1
121.467 15.5988 0 1
121.585 15.5983 0 1
121.703 15.5943 0 1
121.818 15.5894 0 1
121.933 15.6033 0 1
122.049 15.6168 0 1
122.165 15.6303 0 1
122.278 15.6628 0 1
122.394 15.6946 0 1
122.515 15.7164 0 1
122.632 15.6948 0 1
122.728 15.6292 0 1
122.821 15.5643 0 1
122.917 15.5115 0 1
123.02 15.4767 0 1
123.127 15.464 0 1
123.234 15.4746 0 1
123.338 15.5071 0 1
123.437 15.5575 0 1
123.532 15.6191 0 1
123.635 15.6776 0 1
123.756 15.6709 0 1
123.876 15.6465 0 1
123.995 15.619 0 1
124.114 15.5911 0 1
124.231 15.5625 0 1
124.344 15.5355 0 1
124.461 15.5289 0 1
124.578 15.5227 0 1
124.695 15.5133 0 1
124.809 15.5031 0 1
124.923 15.5121 0 1
125.039 15.5206 0 1
125.154 15.5288 0 1
125.266 15.5567 0 1
125.382 15.5849 0 1
125.5 15.611 0 1
125.619 15.6324 0 1
125.739 15.6352 0 1
125.839 15.5729 0 1
125.932 15.5074 0 1
126.028 15.4527 0 1
126.13 15.4157 0 1
126.237 15.4006 0 1
126.344 15.4088 0 1
126.448 15.4394 0 1
126.547 15.4886 0 1
126.642 15.5503 0 1
126.741 15.6129 0 1
126.859 15.6319 0 1
126.981 15.6088 0 1
127.101 15.5779 0 1
127.218 15.5456 0 1
127.332 15.5149 0 1
127.449 15.5047 0 1
127.568 15.4951 0 1
127.686 15.4831 0 1
127.802 15.4712 0 1
127.918 15.4791 0 1
128.036 15.4869 0 1
128.154 15.4921 0 1
128.272 15.4977 0 1
128.386 15.5235 0 1
128.504 15.5505 0 1
128.623 15.576 0 1
128.743 15.5974 0 1
128.864 15.6006 0 1
128.965 15.539 0 1
129.059 15.4743 0 1
129.156 15.4206 0 1
129.258 15.3845 0 1
129.365 15.3701 0 1
129.473 15.3788 0 1
129.577 15.4096 0 1
129.676 15.4587 0 1
129.771 15.5202 0 1
129.87 15.5829 0 1
129.988 15.6023 0 1
130.11 15.5794 0 1
130.229 15.5482 0 1
130.345 15.5148 0 1
130.458 15.4821 0 1
130.573 15.4689 0 1
130.689 15.4554 0 1
130.803 15.4412 0 1
130.918 15.4457 0 1
131.036 15.4489 0 1
131.153 15.4478 0 1
131.268 15.4453 0 1
131.382 15.4615 0 1
131.497 15.4771 0 1
131.613 15.4926 0 1
131.725 15.5271 0 1
131.841 15.5612 0 1
131.961 15.5861 0 1
132.08 15.5693 0 1
132.182 15.5103 0 1
132.281 15.4534 0 1
132.383 15.4091 0 1
132.489 15.3826 0 1
132.598 15.3767 0 1
132.706 15.3925 0 1
132.81 15.4285 0 1
132.909 15.4814 0 1
133.004 15.5455 0 1
133.106 15.6074 0 1
133.23 15.6061 0 1
133.354 15.5881 0 1
133.478 15.5676 0 1
133.602 15.5475 0 1
133.725 15.5277 0 1
133.845 15.5071 0 1
133.962 15.4869 0 1
134.08 15.4858 0 1
134.199 15.4846 0 1
134.317 15.4827 0 1
134.433 15.4994 0 1
134.552 15.5153 0 1
134.672 15.5283 0 1
134.79 15.5417 0 1
134.906 15.574 0 1
135.025 15.6063 0 1
135.147 15.6297 0 1
135.267 15.6114 0 1
135.367 15.55 0 1
135.463 15.4895 0 1
135.564 15.4411 0 1
135.669 15.4101 0 1
135.777 15.3997 0 1
135.886 15.4114 0 1
135.991 15.4437 0 1
136.091 15.4931 0 1
136.189 15.554 0 1
136.292 15.6129 0 1
136.415 15.609 0 1
136.536 15.5882 0 1
136.657 15.5642 0 1
136.777 15.5395 0 1
136.895 15.5135 0 1
137.009 15.488 0 1
137.125 15.4819 0 1
137.242 15.4754 0 1
137.358 15.468 0 1
137.473 15.4795 0 1
137.59 15.4899 0 1
137.708 15.4969 0 1
137.825 15.5037 0 1
137.94 15.5303 0 1
138.057 15.5576 0 1
138.177 15.5831 0 1
138.298 15.6043 0 1
138.419 15.6075 0 1
138.521 15.5468 0 1
138.617 15.4835 0 1
138.715 15.4312 0 1
138.819 15.3961 0 1
138.927 15.3819 0 1
139.035 15.3904 0 1
139.14 15.4202 0 1
139.241 15.4677 0 1
139.338 15.5275 0 1
139.439 15.5886 0 1
139.558 15.6068 0 1
139.682 15.5838 0 1
139.802 15.5531 0 1
139.921 15.5208 0 1
140.036 15.4898 0 1
140.154 15.4784 0 1
140.273 15.4673 0 1
140.391 15.453 0 1
140.507 15.438 0 1
140.623 15.4415 0 1
140.741 15.4443 0 1
140.859 15.4468 0 1
140.975 15.4684 0 1
141.094 15.4903 0 1
141.216 15.5108 0 1
141.338 15.5307 0 1
141.461 15.5475 0 1
141.585 15.5478 0 1
141.687 15.4865 0 1
141.784 15.4236 0 1
141.884 15.3724 0 1
141.989 15.338 0 1
142.098 15.3235 0 1
142.207 15.3303 0 1
142.314 15.3573 0 1
142.416 15.4017 0 1
142.515 15.4584 0 1
142.618 15.5166 0 1
142.738 15.5325 0 1
142.86 15.507 0 1
142.978 15.4727 0 1
143.093 15.4383 0 1
143.211 15.4225 0 1
143.33 15.4068 0 1
143.448 15.3878 0 1
143.563 15.3676 0 1
143.68 15.3654 0 1
143.797 15.3617 0 1
143.914 15.3567 0 1
144.03 15.3698 0 1
144.149 15.3815 0 1
144.269 15.3899 0 1
144.388 15.3985 0 1
144.505 15.4262 0 1
144.625 15.4537 0 1
144.749 15.4733 0 1
144.87 15.4541 0 1
144.976 15.3965 0 1
145.078 15.3419 0 1
145.184 15.3005 0 1
145.293 15.2758 0 1
145.404 15.2699 0 1
145.515 15.2832 0 1
145.623 15.3146 0 1
145.727 15.3617 0 1
145.828 15.4204 0 1
145.934 15.4782 0 1
146.061 15.4754 0 1
146.187 15.4571 0 1
146.313 15.4361 0 1
146.438 15.4145 0 1
146.561 15.3923 0 1
146.681 15.3707 0 1
146.802 15.3674 0 1
146.925 15.3641 0 1
147.047 15.3579 0 1
147.166 15.3505 0 1
147.286 15.3607 0 1
147.407 15.37 0 1
147.527 15.3789 0 1
147.646 15.4058 0 1
147.768 15.433 0 1
147.893 15.4585 0 1
148.021 15.4771 0 1
148.144 15.4575 0 1
148.249 15.399 0 1
148.351 15.3433 0 1
148.456 15.3 0 1
148.565 15.2727 0 1
148.677 15.2631 0 1
148.788 15.2718 0 1
148.897 15.2987 0 1
149.002 15.342 0 1
149.104 15.3984 0 1
149.209 15.4581 0 1
149.331 15.4796 0 1
149.458 15.4632 0 1
149.583 15.4401 0 1
149.706 15.4156 0 1
149.825 15.392 0 1
149.947 15.3873 0 1
150.069 15.3829 0 1
150.191 15.3757 0 1
150.31 15.368 0 1
150.429 15.3784 0 1
150.551 15.3883 0 1
150.673 15.3953 0 1
150.793 15.4021 0 1
150.912 15.4274 0 1
151.033 15.4532 0 1
151.156 15.4774 0 1
151.281 15.498 0 1
151.406 15.5028 0 1
151.514 15.448 0 1
151.618 15.3927 0 1
151.724 15.3495 0 1
151.834 15.3222 0 1
151.946 15.3128 0 1
152.057 15.3219 0 1
152.167 15.3491 0 1
152.272 15.3924 0 1
152.375 15.4484 0 1
152.479 15.5075 0 1
152.602 15.5279 0 1
152.729 15.5101 0 1
152.854 15.4853 0 1
152.976 15.4585 0 1
153.094 15.4317 0 1
153.214 15.4228 0 1
153.335 15.4132 0 1
153.453 15.4024 0 1
153.572 15.4088 0 1
153.692 15.4134 0 1
153.813 15.4138 0 1
153.932 15.4124 0 1
154.05 15.4281 0 1
154.17 15.4428 0 1
154.29 15.4567 0 1
154.407 15.4882 0 1
154.528 15.5187 0 1
154.654 15.5409 0 1
154.777 15.5248 0 1
154.885 15.4707 0 1
154.991 15.42 0 1
155.1 15.3823 0 1
155.211 15.361 0 1
155.324 15.3571 0 1
155.437 15.3707 0 1
155.547 15.4012 0 1
155.653 15.4466 0 1
155.757 15.5038 0 1
155.865 15.5612 0 1
155.993 15.5602 0 1
156.121 15.5444 0 1
156.249 15.526 0 1
156.376 15.507 0 1
156.5 15.4872 0 1
156.622 15.4678 0 1
156.745 15.4662 0 1
156.87 15.4646 0 1
156.993 15.4602 0 1
157.115 15.4552 0 1
157.237 15.4676 0 1
157.36 15.4794 0 1
157.485 15.4887 0 1
157.608 15.4981 0 1
157.729 15.5254 0 1
157.854 15.5523 0 1
157.982 15.5721 0 1
158.107 15.5551 0 1
158.218 15.502 0 1
158.326 15.4531 0 1
158.437 15.4174 0 1
158.55 15.3973 0 1
158.665 15.3937 0 1
158.779 15.4064 0 1
158.891 15.4349 0 1
159 15.4777 0 1
159.107 15.5326 0 1
159.217 15.5885 0 1
159.346 15.5882 0 1
159.476 15.5739 0 1
159.604 15.557 0 1
159.732 15.5394 0 1
159.857 15.5203 0 1
159.978 15.5008 0 1
160.101 15.4983 0 1
160.224 15.4949 0 1
160.346 15.4901 0 1
160.467 15.5019 0 1
160.59 15.5123 0 1
160.715 15.5194 0 1
160.839 15.5259 0 1
160.96 15.5497 0 1
161.085 15.5737 0 1
161.213 15.5961 0 1
161.341 15.6155 0 1
161.471 15.6217 0 1
161.586 15.5733 0 1
161.698 15.5267 0 1
161.812 15.4927 0 1
161.928 15.4737 0 1
162.044 15.4698 0 1
162.16 15.4809 0 1
162.274 15.5073 0 1
162.385 15.5487 0 1
162.493 15.603 0 1
162.602 15.6619 0 1
162.729 15.6865 0 1
162.862 15.6764 0 1
162.994 15.6606 0 1
163.123 15.6433 0 1
163.248 15.6261 0 1
163.374 15.626 0 1
163.501 15.6258 0 1
163.627 15.6227 0 1
163.751 15.618 0 1
163.874 15.6295 0 1
163.999 15.6398 0 1
164.123 15.649 0 1
164.245 15.6747 0 1
164.371 15.7001 0 1
164.5 15.7243 0 1
164.63 15.748 0 1
164.761 15.7696 0 1
164.892 15.7787 0 1
165.01 15.7334 0 1
165.124 15.69 0 1
165.24 15.659 0 1
165.357 15.6426 0 1
165.475 15.6411 0 1
165.591 15.6542 0 1
165.706 15.6819 0 1
165.818 15.7243 0 1
165.926 15.7793 0 1
166.036 15.8394 0 1
166.162 15.8668 0 1
166.295 15.8596 0 1
166.424 15.8453 0 1
166.55 15.8299 0 1
166.676 15.8315 0 1
166.803 15.8328 0 1
166.928 15.8309 0 1
167.052 15.8272 0 1
167.174 15.8392 0 1
167.298 15.8494 0 1
167.42 15.8578 0 1
167.541 15.8818 0 1
167.665 15.9043 0 1
167.791 15.924 0 1
167.915 15.9433 0 1
168.037 15.9791 0 1
168.163 16.0146 0 1
168.292 16.0435 0 1
168.422 16.0377 0 1
168.541 15.9973 0 1
168.657 15.962 0 1
168.775 15.9397 0 1
168.893 15.9324 0 1
169.011 15.9402 0 1
169.127 15.9624 0 1
169.24 15.9992 0 1
169.349 16.0502 0 1
169.455 16.113 0 1
169.563 16.1784 0 1
169.695 16.1931 0 1
169.828 16.1955 0 1
169.961 16.1958 0 1
170.093 16.1954 0 1
170.223 16.1937 0 1
170.35 16.1914 0 1
170.475 16.2057 0 1
170.602 16.2196 0 1
170.728 16.2303 0 1
170.852 16.2389 0 1
170.973 16.2632 0 1
171.097 16.2862 0 1
171.22 16.3078 0 1
171.34 16.345 0 1
171.464 16.3818 0 1
171.59 16.4169 0 1
171.718 16.4489 0 1
171.848 16.4679 0 1
171.969 16.4314 0 1
172.087 16.3965 0 1
172.204 16.3736 0 1
172.323 16.3653 0 1
172.44 16.372 0 1
172.556 16.393 0 1
172.669 16.4288 0 1
172.778 16.479 0 1
172.883 16.5418 0 1
172.988 16.6103 0 1
173.113 16.6487 0 1
173.247 16.6545 0 1
173.379 16.6545 0 1
173.509 16.6526 0 1
173.636 16.6502 0 1
173.761 16.6648 0 1
173.887 16.6791 0 1
174.012 16.6901 0 1
174.135 16.699 0 1
174.256 16.7237 0 1
174.379 16.7471 0 1
174.501 16.7691 0 1
174.62 16.807 0 1
174.742 16.8448 0 1
174.868 16.8813 0 1
174.995 16.9171 0 1
175.123 16.9504 0 1
175.252 16.9709 0 1
175.373 16.9353 0 1
175.49 16.9011 0 1
175.608 16.8792 0 1
175.725 16.8723 0 1
175.842 16.8806 0 1
175.957 16.9035 0 1
176.069 16.9411 0 1
176.176 16.9932 0 1
176.279 17.0577 0 1
176.383 17.1275 0 1
176.506 17.1662 0 1
176.637 17.1706 0 1
176.767 17.1674 0 1
176.893 17.1627 0 1
177.018 17.175 0 1
177.144 17.187 0 1
177.27 17.1958 0 1
177.393 17.203 0 1
177.514 17.2264 0 1
177.638 17.2487 0 1
177.762 17.2674 0 1
177.884 17.2843 0 1
178.003 17.3172 0 1
178.125 17.3493 0 1
178.248 17.3786 0 1
178.371 17.4072 0 1
178.489 17.4509 0 1
178.613 17.4888 0 1
178.741 17.4904 0 1
178.861 17.4562 0 1
178.979 17.4265 0 1
179.097 17.4099 0 1
179.214 17.4086 0 1
179.331 17.4228 0 1
179.444 17.4518 0 1
179.554 17.4957 0 1
179.659 17.5538 0 1
179.759 17.6237 0 1
179.862 17.6963 0 1
179.991 17.7194 0 1
180.123 17.7299 0 1
180.255 17.7379 0 1
180.386 17.7448 0 1
180.515 17.75 0 1
180.641 17.7543 0 1
180.765 17.7753 0 1
180.89 17.7956 0 1
181.015 17.8127 0 1
181.139 17.8282 0 1
181.259 17.8597 0 1
181.382 17.8904 0 1
181.506 17.9183 0 1
181.63 17.9454 0 1
181.748 17.9887 0 1
181.871 18.0317 0 1
181.999 18.0681 0 1
182.128 18.0691 0 1
182.249 18.0348 0 1
182.367 18.0054 0 1
182.485 17.9893 0 1
182.603 17.9887 0 1
182.72 18.0036 0 1
182.834 18.034 0 1
182.943 18.0796 0 1
183.047 18.14 0 1
183.146 18.2132 0 1
183.246 18.2911 0 1
183.372 18.3243 0 1
183.5 18.3463 0 1
183.629 18.366 0 1
183.756 18.3841 0 1
183.881 18.3996 0 1
184.002 18.413 0 1
184.12 18.443 0 1
184.239 18.4714 0 1
184.357 18.4974 0 1
184.47 18.5391 0 1
184.586 18.5793 0 1
184.705 18.6158 0 1
184.822 18.6506 0 1
184.934 18.7014 0 1
185.049 18.7525 0 1
185.167 18.8017 0 1
185.288 18.8472 0 1
185.412 18.8784 0 1
185.533 18.851 0 1
185.65 18.8239 0 1
185.767 18.8096 0 1
185.883 18.8113 0 1
185.997 18.8299 0 1
186.107 18.8652 0 1
186.211 18.9171 0 1
186.307 18.9848 0 1
186.396 19.066 0 1
186.483 19.1544 0 1
186.592 19.2184 0 1
186.716 19.2519 0 1
186.84 19.2784 0 1
186.962 19.3014 0 1
187.08 19.3225 0 1
187.192 19.3611 0 1
187.306 19.3984 0 1
187.418 19.4332 0 1
187.524 19.4841 0 1
187.634 19.5338 0 1
187.746 19.5796 0 1
187.858 19.6242 0 1
187.962 19.6855 0 1
188.069 19.7482 0 1
188.181 19.81 0 1
188.297 19.8676 0 1
188.422 19.8921 0 1
188.526 19.8393 0 1
188.622 19.7796 0 1
188.718 19.7281 0 1
188.818 19.6903 0 1
188.921 19.669 0 1
189.025 19.6646 0 1
189.129 19.676 0 1
189.229 19.7017 0 1
189.325 19.7413 0 1
189.414 19.795 0 1
189.493 19.8633 0 1
189.558 19.9456 0 1
189.608 20.0399 0 1
189.644 20.1435 0 1
189.67 20.2537 0 1
189.704 20.367 0 1
189.802 20.445 0 1
189.918 20.4955 0 1
190.034 20.5405 0 1
190.148 20.5832 0 1
190.261 20.6219 0 1
190.37 20.6578 0 1
190.471 20.711 0 1
190.573 20.7625 0 1
190.674 20.8105 0 1
190.767 20.874 0 1
190.863 20.9355 0 1
190.963 20.9907 0 1
191.062 21.0412 0 1
191.152 21.1063 0 1
191.246 21.1691 0 1
191.34 21.2282 0 1
191.424 21.3011 0 1
191.512 21.372 0 1
191.605 21.4369 0 1
191.699 21.497 0 1
191.782 21.5707 0 1
191.868 21.6422 0 1
191.956 21.7102 0 1
192.033 21.7909 0 1
192.114 21.87 0 1
192.201 21.9435 0 1
192.288 22.0125 0 1
192.364 22.0939 0 1
192.443 22.1736 0 1
192.524 22.2499 0 1
192.593 22.3379 0 1
192.666 22.4249 0 1
192.744 22.5072 0 1
192.824 22.5852 0 1
192.891 22.6746 0 1
192.961 22.7628 0 1
193.033 22.8482 0 1
193.091 22.9437 0 1
193.154 23.0391 0 1
193.222 23.1307 0 1
193.292 23.2187 0 1
193.348 23.3163 0 1
193.406 23.4137 0 1
193.467 23.5093 0 1
193.512 23.6135 0 1
193.562 23.7191 0 1
193.621 23.8214 0 1
193.699 23.9093 0 1
193.814 23.9327 0 1
193.926 23.9458 0 1
194.034 23.9672 0 1
194.135 24.0044 0 1
194.226 24.0606 0 1
194.302 24.1358 0 1
194.357 24.227 0 1
194.392 24.3296 0 1
194.407 24.4395 0 1
194.41 24.5543 0 1
194.414 24.6745 0 1
194.481 24.7792 0 1
194.57 24.8659 0 1
194.66 24.9501 0 1
194.746 25.0351 0 1
194.831 25.1205 0 1
194.913 25.2058 0 1
194.995 25.2899 0 1
195.077 25.3716 0 1
195.159 25.4489 0 1
195.24 25.5224 0 1
195.305 25.6097 0 1
195.372 25.6958 0 1
195.44 25.7789 0 1
195.492 25.8729 0 1
195.548 25.9662 0 1
195.611 26.0546 0 1
195.677 26.1385 0 1
195.727 26.2325 0 1
195.78 26.3254 0 1
195.837 26.4155 0 1
195.877 26.5141 0 1
195.922 26.6126 0 1
195.975 26.7071 0 1
196.031 26.7976 0 1
196.07 26.8963 0 1
196.114 26.9946 0 1
196.16 27.0905 0 1
196.188 27.1933 0 1
196.222 27.2967 0 1
196.263 27.3975 0 1
196.307 27.4952 0 1
196.333 27.599 0 1
196.362 27.7032 0 1
196.394 27.806 0 1
196.406 27.9131 0 1
196.423 28.0223 0 1
196.445 28.131 0 1
196.469 28.2386 0 1
196.472 28.3491 0 1
196.475 28.4629 0 1
196.482 28.5786 0 1
196.493 28.6956 0 1
196.509 28.8132 0 1
196.548 28.9255 0 1
196.658 28.957 0 1
196.768 28.9595 0 2
196.873 28.951 0 2
196.975 28.9375 0 2
197.075 28.9225 0 2
197.174 28.9091 0 2
197.274 28.901 0 2
197.373 28.9014 0 2
197.472 28.9133 0 2
197.569 28.9392 0 2
197.659 28.9807 0 2
197.741 29.0379 0 2
197.809 29.1099 0 2
197.863 29.1941 0 2
197.898 29.2872 0 2
197.915 29.3854 0 2
197.914 29.4851 0 2
197.897 29.5833 0 2
197.865 29.6779 0 2
197.821 29.7676 0 2
197.768 29.8521 0 2
197.707 29.9315 0 2
197.641 30.0065 0 2
197.572 30.0781 0 2
197.499 30.1473 0 2
197.426 30.2153 0 2
197.353 30.2834 0 2
197.281 30.3526 0 2
197.21 30.4246 0 2
197.141 30.5006 0 2
197.075 30.5823 0 2
197.018 30.6733 0 2
196.984 30.7789 0 2
197.042 30.8824 0 2
197.121 30.9722 0 2
197.204 31.0568 0 2
197.274 31.1511 0 2
197.347 31.2453 0 2
197.42 31.3372 0 2
197.48 31.4381 0 2
197.542 31.539 0 2
197.606 31.6374 0 2
197.656 31.7434 0 2
197.708 31.8495 0 2
197.762 31.953 0 2
197.802 32.0626 0 2
197.845 32.172 0 2
197.891 32.2782 0 2
197.922 32.3894 0 2
197.953 32.501 0 2
197.968 32.6161 0 2
197.988 32.7332 0 2
198.009 32.8498 0 2
198.015 32.9686 0 2
198.022 33.09 0 2
198.033 33.2116 0 2
198.044 33.3314 0 2
198.038 33.4515 0 2
198.033 33.5732 0 2
198.029 33.6941 0 2
198.007 33.8133 0 2
197.986 33.9354 0 2
197.966 34.0586 0 2
197.945 34.1808 0 2
197.907 34.2989 0 2
197.867 34.4199 0 2
197.827 34.543 0 2
197.788 34.6677 0 2
197.766 34.7963 0 2
197.848 34.8745 0 2
197.945 34.9239 0 2
198.046 34.9549 0 2
198.148 34.9686 0 2
198.249 34.9639 0 2
198.346 34.9408 0 2
198.438 34.9021 0 2
198.525 34.8524 0 2
198.607 34.7958 0 2
198.687 34.7358 0 2
198.767 34.6756 0 2
198.849 34.6186 0 2
198.935 34.5678 0 2
199.026 34.5269 0 2
199.122 34.4994 0 2
199.221 34.4889 0 2
199.32 34.4982 0 2
199.415 34.5287 0 2
199.5 34.5801 0 2
199.571 34.6502 0 2
199.624 34.7348 0 2
199.656 34.8292 0 2
199.667 34.9283 0 2
199.659 35.0278 0 2
199.633 35.1243 0 2
199.593 35.2155 0 2
199.54 35.3003 0 2
199.477 35.3782 0 2
199.406 35.4492 0 2
199.33 35.514 0 2
199.249 35.573 0 2
199.165 35.6272 0 2
199.078 35.6772 0 2
198.99 35.7238 0 2
198.9 35.7676 0 2
198.809 35.8091 0 2
198.717 35.8489 0 2
198.624 35.8871 0 2
198.531 35.924 0 2
198.438 35.9598 0 2
198.344 35.9943 0 2
198.25 36.0275 0 2
198.155 36.0591 0 2
198.059 36.0889 0 2
197.962 36.1169 0 2
197.863 36.1445 0 2
197.762 36.1741 0 2
197.661 36.2118 0 2
197.569 36.2734 0 2
197.547 36.3905 0 2
197.55 36.511 0 2
197.557 36.6301 0 2
197.549 36.749 0 2
197.541 36.8698 0 2
197.538 36.9904 0 2
197.537 37.1084 0 2
197.52 37.2247 0 2
197.502 37.3408 0 2
197.467 37.4536 0 2
197.434 37.5701 0 2
197.404 37.6881 0 2
197.376 37.8049 0 2
197.332 37.9166 0 2
197.288 38.0303 0 2
197.245 38.1435 0 2
197.185 38.2497 0 2
197.124 38.3588 0 2
197.063 38.4697 0 2
197.002 38.5808 0 2
196.94 38.6897 0 2
196.863 38.7881 0 2
196.782 38.8877 0 2
196.698 38.988 0 2
196.613 39.0877 0 2
196.525 39.1858 0 2
196.435 39.2817 0 2
196.344 39.3756 0 2
196.254 39.4675 0 2
196.164 39.5562 0 2
196.062 39.6313 0 2
195.96 39.7086 0 2
195.87 39.8008 0 2
195.891 39.9116 0 2
195.942 40.0082 0 2
196.006 40.0921 0 2
196.081 40.1624 0 2
196.166 40.2157 0 2
196.261 40.2492 0 2
196.359 40.2627 0 2
196.459 40.2595 0 2
196.557 40.2434 0 2
196.654 40.2185 0 2
196.75 40.1888 0 2
196.845 40.158 0 2
196.94 40.1297 0 2
197.038 40.1076 0 2
197.137 40.095 0 2
197.237 40.0956 0 2
197.335 40.1122 0 2
197.429 40.1469 0 2
197.513 40.2004 0 2
197.583 40.2713 0 2
197.634 40.3567 0 2
197.664 40.4517 0 2
197.671 40.5512 0 2
197.655 40.6497 0 2
197.619 40.7428 0 2
197.566 40.8273 0 2
197.499 40.9011 0 2
197.421 40.9633 0 2
197.334 41.014 0 2
197.243 41.0539 0 2
197.147 41.0838 0 2
197.049 41.1049 0 2
196.95 41.1183 0 2
196.851 41.1252 0 2
196.75 41.1265 0 2
196.65 41.1233 0 2
196.551 41.1164 0 2
196.451 41.1065 0 2
196.352 41.0941 0 2
196.253 41.0799 0 2
196.154 41.0641 0 2
196.056 41.0472 0 2
195.957 41.0294 0 2
195.859 41.0107 0 2
195.761 40.9915 0 2
195.663 40.9715 0 2
195.565 40.9508 0 2
195.466 40.9293 0 2
195.365 40.908 0 2
195.262 40.8891 0 2
195.155 40.8783 0 2
195.044 40.8927 0 2
194.973 40.9868 0 2
194.922 41.0951 0 2
194.878 41.2058 0 2
194.837 41.3147 0 2
194.781 41.416 0 2
194.725 41.5187 0 2
194.673 41.6208 0 2
194.606 41.7142 0 2
194.54 41.8099 0 2
194.477 41.9061 0 2
194.401 41.9922 0 2
194.326 42.0809 0 2
194.252 42.1702 0 2
194.165 42.2476 0 2
194.079 42.328 0 2
193.994 42.4115 0 2
193.912 42.4947 0 2
193.818 42.5643 0 2
193.724 42.6356 0 2
193.63 42.7069 0 2
193.526 42.7628 0 2
193.42 42.8205 0 2
193.313 42.8805 0 2
193.207 42.9418 0 2
193.102 43.001 0 2
192.989 43.0425 0 2
192.873 43.0836 0 2
192.756 43.1257 0 2
192.64 43.168 0 2
192.525 43.2107 0 2
192.412 43.2518 0 2
192.295 43.2746 0 2
192.176 43.2976 0 2
192.058 43.3267 0 2
191.951 43.3784 0 2
191.918 43.4847 0 2
191.914 43.5924 0 2
191.926 43.6963 0 2
191.951 43.7957 0 2
191.987 43.8895 0 2
192.036 43.9768 0 2
192.095 44.0574 0 2
192.161 44.1322 0 2
192.232 44.2023 0 2
192.306 44.2695 0 2
192.381 44.3356 0 2
192.455 44.4027 0 2
192.527 44.4727 0 2
192.593 44.5472 0 2
192.653 44.6274 0 2
192.703 44.7139 0 2
192.74 44.8064 0 2
192.762 44.9038 0 2
192.767 45.0035 0 2
192.751 45.102 0 2
192.715 45.195 0 2
192.659 45.2777 0 2
192.586 45.3456 0 2
192.5 45.3951 0 2
192.404 45.4238 0 2
192.305 45.4309 0 2
192.206 45.4173 0 2
192.112 45.3847 0 2
192.025 45.3359 0 2
191.946 45.2739 0 2
191.878 45.2014 0 2
191.818 45.1213 0 2
191.767 45.0356 0 2
191.722 44.9462 0 2
191.682 44.8544 0 2
191.646 44.7613 0 2
191.611 44.6677 0 2
191.575 44.5745 0 2
191.536 44.4825 0 2
191.492 44.3927 0 2
191.442 44.3064 0 2
191.383 44.2253 0 2
191.316 44.1506 0 2
191.239 44.0833 0 2
191.152 44.0243 0 2
191.056 43.9767 0 2
190.947 43.9553 0 2
190.853 44.0202 0 2
190.778 44.1064 0 2
190.711 44.1959 0 2
190.633 44.2749 0 2
190.556 44.3566 0 2
190.485 44.4398 0 2
190.402 44.5106 0 2
190.32 44.5812 0 2
190.226 44.6381 0 2
190.134 44.7005 0 2
190.045 44.7662 0 2
189.946 44.8176 0 2
189.848 44.8727 0 2
189.751 44.9296 0 2
189.646 44.9704 0 2
189.539 45.0142 0 2
189.434 45.0623 0 2
189.33 45.1107 0 2
189.22 45.1414 0 2
189.109 45.1735 0 2
188.999 45.2098 0 2
188.892 45.2471 0 2
188.78 45.2665 0 2
188.668 45.2877 0 2
188.558 45.3108 0 2
188.446 45.3157 0 2
188.332 45.3229 0 2
188.219 45.3316 0 2
188.105 45.3217 0 2
187.99 45.3133 0 2
187.873 45.3089 0 2
187.757 45.3048 0 2
187.644 45.2814 0 2
187.528 45.2576 0 2
187.41 45.2367 0 2
187.292 45.2223 0 2
187.175 45.2329 0 2
187.105 45.3203 0 2
187.062 45.4194 0 2
187.034 45.5205 0 2
187.02 45.6219 0 2
187.018 45.7228 0 2
187.028 45.8223 0 2
187.049 45.9202 0 2
187.076 46.0162 0 2
187.109 46.1107 0 2
187.145 46.2041 0 2
187.181 46.2973 0 2
187.216 46.3912 0 2
187.246 46.4865 0 2
187.27 46.5836 0 2
187.285 46.6824 0 2
187.289 46.7823 0 2
187.278 46.8816 0 2
187.251 46.9778 0 2
187.206 47.0671 0 2
187.144 47.145 0 2
187.066 47.2065 0 2
186.975 47.2472 0 2
186.876 47.2636 0 2
186.777 47.2545 0 2
186.683 47.2205 0 2
186.601 47.1648 0 2
186.533 47.0917 0 2
186.482 47.006 0 2
186.447 46.9122 0 2
186.429 46.8141 0 2
186.423 46.7143 0 2
186.428 46.6145 0 2
186.44 46.5153 0 2
186.457 46.4167 0 2
186.476 46.3185 0 2
186.494 46.22 0 2
186.507 46.121 0 2
186.513 46.0212 0 2
186.509 45.9214 0 2
186.491 45.8229 0 2
186.458 45.7277 0 2
186.409 45.6377 0 2
186.346 45.5544 0 2
186.268 45.4806 0 2
186.17 45.4296 0 2
186.064 45.4663 0 2
185.973 45.5305 0 2
185.89 45.6014 0 2
185.799 45.6585 0 2
185.708 45.7142 0 2
185.608 45.7539 0 2
185.51 45.7997 0 2
185.416 45.8506 0 2
185.315 45.8854 0 2
185.214 45.9199 0 2
185.108 45.9371 0 2
185 45.9597 0 2
184.892 45.9855 0 2
184.782 45.9933 0 2
184.669 46.0037 0 2
184.556 46.0191 0 2
184.445 46.035 0 2
184.332 46.031 0 2
184.217 46.0275 0 2
184.102 46.0277 0 2
183.989 46.028 0 2
183.877 46.0081 0 2
183.763 45.988 0 2
183.649 45.9709 0 2
183.536 45.9537 0 2
183.428 45.9162 0 2
183.318 45.8774 0 2
183.207 45.8409 0 2
183.096 45.8073 0 2
182.987 45.7746 0 2
182.886 45.7232 0 2
182.783 45.6712 0 2
182.682 45.6196 0 2
182.59 45.5511 0 2
182.492 45.4845 0 2
182.381 45.4396 0 2
182.288 45.5043 0 2
182.22 45.5898 0 2
182.167 45.6808 0 2
182.122 45.7734 0 2
182.08 45.8656 0 2
182.035 45.9548 0 2
181.979 46.0373 0 2
181.908 46.1065 0 2
181.82 46.153 0 2
181.722 46.1675 0 2
181.626 46.1452 0 2
181.545 46.089 0 2
181.487 46.0085 0 2
181.454 45.9148 0 2
181.441 45.8161 0 2
181.44 45.7164 0 0
181.443 45.6167 0 0
181.441 45.5162 0 0
181.428 45.4149 0 0
181.401 45.3135 0 0
181.357 45.2134 0 0
181.286 45.1229 0 0
181.177 45.108 0 0
181.072 45.1395 0 0
180.973 45.1823 0 0
180.879 45.2296 0 0
180.789 45.2818 0 0
180.705 45.3404 0 0
180.629 45.4052 0 0
180.556 45.4701 0 0
180.47 45.5123 0 0
180.384 45.5564 0 0
180.301 45.6027 0 0
180.209 45.6258 0 0
180.117 45.6527 0 0
180.027 45.6826 0 0
179.932 45.6895 0 0
179.837 45.7029 0 0
179.745 45.7309 0 0
179.658 45.7652 0 0
179.565 45.7778 0 0
179.472 45.7952 0 0
179.382 45.8176 0 0
179.288 45.8183 0 0
179.195 45.8256 0 0
179.103 45.8397 0 0
179.011 45.8333 0 0
178.918 45.834 0 0
178.826 45.8418 0 0
178.734 45.8297 0 0
178.641 45.8247 0 0
178.549 45.8271 0 0
178.458 45.809 0 0
178.366 45.797 0 0
178.274 45.7911 0 0
178.184 45.7658 0 0
178.091 45.7495 0 0
177.997 45.751 0 0
177.905 45.7621 0 0
177.813 45.7539 0 0
177.721 45.7521 0 0
177.629 45.757 0 0
177.538 45.7421 0 0
177.446 45.7348 0 0
177.354 45.7356 0 0
177.264 45.7178 0 0
177.173 45.7078 0 0
177.081 45.7058 0 0
176.992 45.6853 0 0
176.9 45.6726 0 0
176.809 45.668 0 0
176.72 45.6451 0 0
176.629 45.63 0 0
176.538 45.6229 0 0
176.45 45.5966 0 0
176.36 45.5767 0 0
176.269 45.5634 0 0
176.182 45.5321 0 0
176.091 45.5101 0 0
175.997 45.5066 0 0
175.905 45.5133 0 0
175.814 45.5015 0 0
175.722 45.4962 0 0
175.63 45.4979 0 0
175.541 45.4802 0 0
175.449 45.4702 0 0
175.358 45.4684 0 0
175.268 45.4482 0 0
175.177 45.436 0 0
175.086 45.432 0 0
174.997 45.4096 0 0
174.906 45.3951 0 0
174.815 45.3886 0 0
174.727 45.3628 0 0
174.636 45.3434 0 0
174.546 45.3307 0 0
174.459 45.2998 0 0
174.367 45.2782 0 0
174.274 45.2752 0 0
174.182 45.2822 0 0
174.091 45.2707 0 0
173.999 45.2656 0 0
173.907 45.2672 0 0
173.817 45.2493 0 0
173.725 45.2389 0 0
173.634 45.2366 0 0
173.545 45.2156 0 0
173.454 45.2023 0 0
173.362 45.197 0 0
173.274 45.1731 0 0
173.183 45.1566 0 0
173.092 45.1479 0 0
173.005 45.1196 0 0
172.915 45.0974 0 0
172.824 45.0815 0 0
172.738 45.0469 0 0
172.648 45.0209 0 0
172.554 45.0129 0 0
172.462 45.0145 0 0
172.372 44.9967 0 0
172.28 44.9847 0 0
172.188 44.9791 0 0
172.1 44.9532 0 0
172.009 44.9342 0 0
171.918 44.9226 0 0
171.831 44.8917 0 0
171.741 44.8674 0 0
171.651 44.8504 0 0
171.566 44.8139 0 0
171.478 44.7836 0 0
171.389 44.7604 0 0
171.307 44.718 0 0
171.222 44.6815 0 0
171.134 44.6515 0 0
171.056 44.6019 0 0
170.974 44.5564 0 0
170.891 44.5157 0 0
170.818 44.4566 0 0
170.74 44.403 0 0
170.654 44.3635 0 0
170.565 44.3317 0 0
170.488 44.2803 0 0
170.407 44.2324 0 0
170.324 44.1893 0 0
170.255 44.1273 0 0
170.181 44.0692 0 0
170.104 44.0161 0 0
170.042 43.946 0 0
169.976 43.8791 0 0
169.906 43.8165 0 0
169.854 43.7388 0 0
169.797 43.6635 0 0
169.737 43.5918 0 0
169.697 43.507 0 0
169.653 43.4229 0 0
169.606 43.341 0 0
169.581 43.2494 0 0
169.551 43.1581 0 0
169.508 43.072 0 0
169.46 42.9897 0 0
169.436 42.8983 0 0
169.409 42.8067 0 0
169.379 42.7167 0 0
169.376 42.6217 0 0
169.369 42.5253 0 0
169.359 42.429 0 0
169.373 42.3313 0 0
169.38 42.2288 0 0
169.369 42.1225 0 0
169.322 42.0223 0 0
169.255 41.9325 0 0
169.157 41.8814 0 0
169.047 41.9175 0 0
168.956 41.979 0 0
168.881 42.0527 0 0
168.818 42.1341 0 0
168.763 42.2185 0 0
168.702 42.2975 0 0
168.623 42.3566 0 0
168.526 42.3732 0 0
168.438 42.3316 0 0
168.391 42.246 0 0
168.39 42.1473 0 0
168.419 42.0521 0 0
168.458 41.9591 0 0
168.492 41.8626 0 0
168.512 41.7599 0 0
168.514 41.6518 0 0
168.482 41.5441 0 0
168.387 41.4861 0 0
168.266 41.4896 0 0
168.151 41.5269 0 0
168.042 41.5719 0 0
167.936 41.6208 0 0
167.835 41.6736 0 0
167.74 41.731 0 0
167.65 41.7895 0 0
167.552 41.8306 0 0
167.455 41.8755 0 0
167.363 41.9241 0 0
167.264 41.9566 0 0
167.167 41.995 0 0
167.074 42.0388 0 0
166.976 42.0675 0 0
166.878 42.1028 0 0
166.784 42.144 0 0
166.685 42.1701 0 0
166.587 42.2033 0 0
166.493 42.2426 0 0
166.393 42.2667 0 0
166.295 42.2979 0 0
166.199 42.3352 0 0
166.099 42.3568 0 0
165.999 42.3851 0 0
165.901 42.4187 0 0
165.799 42.4359 0 0
165.696 42.46 0 0
165.597 42.4948 0 0
165.501 42.535 0 0
165.401 42.559 0 0
165.301 42.5888 0 0
165.205 42.6242 0 0
165.105 42.6439 0 0
165.005 42.6705 0 0
164.908 42.7034 0 0
164.807 42.7209 0 0
164.707 42.7455 0 0
164.61 42.7765 0 0
164.509 42.792 0 0
164.408 42.8146 0 0
164.31 42.8436 0 0
164.208 42.8567 0 0
164.106 42.8763 0 0
164.006 42.9013 0 0
163.903 42.9097 0 0
163.799 42.9248 0 0
163.697 42.951 0 0
163.599 42.9829 0 0
163.497 42.9982 0 0
163.395 43.0194 0 0
163.296 43.0464 0 0
163.195 43.0574 0 0
163.093 43.0754 0 0
162.994 43.1 0 0
162.893 43.1088 0 0
162.791 43.1248 0 0
162.691 43.1475 0 0
162.59 43.1544 0 0
162.488 43.1686 0 0
162.388 43.1895 0 0
162.286 43.1945 0 0
162.184 43.2067 0 0
162.083 43.2255 0 0
161.981 43.2281 0 0
161.878 43.2371 0 0
161.776 43.2518 0 0
161.673 43.2495 0 0
161.568 43.2539 0 0
161.464 43.2695 0 0
161.363 43.2912 0 0
161.26 43.296 0 0
161.157 43.3066 0 0
161.056 43.3234 0 0
160.954 43.3238 0 0
160.851 43.3311 0 0
160.75 43.3452 0 0
160.648 43.3433 0 0
160.545 43.3485 0 0
160.444 43.3606 0 0
160.343 43.3566 0 0
160.24 43.3596 0 0
160.138 43.3693 0 0
160.036 43.3625 0 0
159.932 43.3621 0 0
159.829 43.3675 0 0
159.727 43.3558 0 0
159.622 43.3506 0 0
159.517 43.3568 0 0
159.414 43.3694 0 0
159.312 43.3649 0 0
159.208 43.3663 0 0
159.106 43.374 0 0
159.005 43.3652 0 0
158.902 43.3632 0 0
158.8 43.3681 0 0
158.699 43.357 0 0
158.596 43.3529 0 0
158.495 43.3558 0 0
158.394 43.3428 0 0
158.292 43.3368 0 0
158.19 43.3378 0 0
158.089 43.3228 0 0
157.987 43.3145 0 0
157.885 43.3131 0 0
157.784 43.2952 0 0
157.681 43.2834 0 0
157.579 43.2772 0 0
157.478 43.2541 0 0
157.375 43.2369 0 0
157.27 43.2309 0 0
157.167 43.2315 0 0
157.065 43.2151 0 0
156.962 43.2041 0 0
156.86 43.1997 0 0
156.76 43.1788 0 0
156.659 43.1645 0 0
156.557 43.1572 0 0
156.458 43.1339 0 0
156.357 43.1173 0 0
156.256 43.1078 0 0
156.158 43.0824 0 0
156.056 43.0636 0 0
155.955 43.0515 0 0
155.857 43.0232 0 0
155.756 43.0007 0 0
155.655 42.984 0 0
155.557 42.9505 0 0
155.456 42.9229 0 0
155.352 42.9063 0 0
155.25 42.8965 0 0
155.151 42.8698 0 0
155.049 42.8484 0 0
154.948 42.8334 0 0
154.851 42.802 0 0
154.751 42.7766 0 0
154.65 42.7577 0 0
154.554 42.7227 0 0
154.454 42.6933 0 0
154.354 42.6698 0 0
154.259 42.6292 0 0
154.16 42.5926 0 0
154.059 42.5596 0 0
153.966 42.5079 0 0
153.868 42.4573 0 0
153.765 42.4108 0 0
153.659 42.3674 0 0
153.551 42.3256 0 0
153.44 42.2855 0 0
153.325 42.2526 0 0
153.207 42.2597 0 0
153.127 42.3426 0 0
153.066 42.4335 0 0
153.007 42.521 0 0
152.941 42.6 0 0
152.863 42.6648 0 0
152.773 42.7091 0 0
152.676 42.7281 0 0
152.576 42.7206 0 0
152.482 42.6876 0 0
152.399 42.6326 0 0
152.33 42.5601 0 0
152.276 42.4749 0 0
152.232 42.3818 0 0
152.192 42.284 0 0
152.146 42.1842 0 0
152.079 42.092 0 0
151.96 42.0744 0 0
151.839 42.0978 0 0
151.721 42.1294 0 0
151.606 42.1638 0 0
151.494 42.2013 0 0
151.387 42.2432 0 0
151.285 42.287 0 0
151.178 42.3136 0 0
151.072 42.3441 0 0
150.97 42.3793 0 0
150.864 42.3988 0 0
150.758 42.4241 0 0
150.655 42.4551 0 0
150.55 42.4708 0 0
150.443 42.4927 0 0
150.339 42.5199 0 0
150.232 42.5313 0 0
150.124 42.5491 0 0
150.018 42.5768 0 0
149.916 42.6098 0 0
149.81 42.6274 0 0
149.705 42.6509 0 0
149.603 42.6802 0 0
149.497 42.6946 0 0
149.392 42.7158 0 0
149.29 42.7434 0 0
149.185 42.7563 0 0
149.08 42.7761 0 0
148.978 42.8024 0 0
148.873 42.8141 0 0
148.767 42.8328 0 0
148.665 42.8579 0 0
148.559 42.8683 0 0
148.454 42.8856 0 0
148.35 42.9095 0 0
148.245 42.9183 0 0
148.138 42.9336 0 0
148.033 42.9546 0 0
147.926 42.96 0 0
147.817 42.9717 0 0
147.71 42.9936 0 0
147.607 43.0211 0 0
147.5 43.033 0 0
147.394 43.0508 0 0
147.291 43.0746 0 0
147.185 43.0833 0 0
147.079 43.0988 0 0
146.976 43.1207 0 0
146.87 43.1279 0 0
146.764 43.1419 0 0
146.66 43.1625 0 0
146.555 43.1682 0 0
146.448 43.1809 0 0
146.344 43.2 0 0
146.238 43.2039 0 0
146.131 43.2143 0 0
146.025 43.2305 0 0
145.918 43.2308 0 0
145.809 43.2375 0 0
145.702 43.2544 0 0
145.597 43.2772 0 0
145.49 43.2841 0 0
145.384 43.2971 0 0
145.279 43.3161 0 0
145.174 43.3199 0 0
145.067 43.3305 0 0
144.963 43.3477 0 0
144.858 43.3501 0 0
144.751 43.3594 0 0
144.647 43.3754 0 0
144.541 43.3765 0 0
144.435 43.3846 0 0
144.331 43.3994 0 0
144.225 43.3993 0 0
144.118 43.4061 0 0
144.013 43.4195 0 0
143.908 43.4176 0 0
143.8 43.4222 0 0
143.694 43.4325 0 0
143.587 43.427 0 0
143.478 43.4277 0 0
143.37 43.4387 0 0
143.264 43.4556 0 0
143.158 43.4566 0 0
143.05 43.4634 0 0
142.945 43.4762 0 0
142.839 43.4735 0 0
142.732 43.4772 0 0
142.627 43.4874 0 0
142.521 43.4822 0 0
142.414 43.4835 0 0
142.309 43.4912 0 0
142.204 43.4836 0 0
142.097 43.4823 0 0
141.991 43.4874 0 0
141.885 43.4767 0 0
141.778 43.4719 0 0
141.671 43.4727 0 0
141.565 43.4573 0 0
141.457 43.4476 0 0
141.348 43.448 0 0
141.241 43.4545 0 0
141.135 43.4449 0 0
141.028 43.4412 0 0
140.922 43.4438 0 0
140.817 43.431 0 0
140.711 43.4248 0 0
140.605 43.4256 0 0
140.501 43.4113 0 0
140.395 43.4037 0 0
140.29 43.4032 0 0
140.185 43.3877 0 0
140.079 43.379 0 0
139.974 43.3773 0 0
139.87 43.3606 0 0
139.764 43.3506 0 0
139.658 43.3474 0 0
139.554 43.3288 0 0
139.448 43.3163 0 0
139.342 43.3098 0 0
139.238 43.2875 0 0
139.13 43.2709 0 0
139.022 43.2648 0 0
138.915 43.265 0 0
138.81 43.2493 0 0
138.703 43.2393 0 0
138.598 43.2357 0 0
138.494 43.2168 0 0
138.388 43.2044 0 0
138.282 43.1989 0 0
138.179 43.1785 0 0
138.073 43.1646 0 0
137.968 43.1577 0 0
137.865 43.1358 0 0
137.76 43.1204 0 0
137.654 43.1117 0 0
137.551 43.0876 0 0
137.445 43.0693 0 0
137.339 43.0565 0 0
137.236 43.0277 0 0
137.129 43.0042 0 0
137.02 42.99 0 0
136.912 42.9811 0 0
136.806 42.955 0 0
136.698 42.9327 0 0
136.59 42.9138 0 0
136.485 42.8765 0 0
136.376 42.8409 0 0
136.262 42.8095 0 0
136.145 42.7816 0 0
136.024 42.7615 0 0
135.905 42.7801 0 0
135.828 42.8675 0 0
135.765 42.9591 0 0
135.701 43.0444 0 0
135.628 43.1188 0 0
135.544 43.1779 0 0
135.45 43.2183 0 0
135.351 43.2385 0 0
135.25 43.239 0 0
135.15 43.221 0 0
135.056 43.185 0 0
134.97 43.1313 0 0
134.894 43.0615 0 0
134.83 42.9791 0 0
134.774 42.888 0 0
134.719 42.7921 0 0
134.647 42.7015 0 0
134.526 42.6812 0 0
134.401 42.6992 0 0
134.278 42.724 0 0
134.157 42.7504 0 0
134.038 42.7782 0 0
133.921 42.8085 0 0
133.808 42.8424 0 0
133.699 42.8775 0 0
133.587 42.8947 0 0
133.474 42.915 0 0
133.364 42.9428 0 0
133.258 42.9749 0 0
133.149 42.9913 0 0
133.04 43.013 0 0
132.935 43.0401 0 0
132.827 43.0523 0 0
132.72 43.0711 0 0
132.615 43.096 0 0
132.507 43.1065 0 0
132.4 43.1238 0 0
132.294 43.1475 0 0
132.187 43.1568 0 0
132.079 43.1729 0 0
131.973 43.1954 0 0
131.866 43.2032 0 0
131.757 43.2174 0 0
131.65 43.2373 0 0
131.541 43.2419 0 0
131.43 43.2528 0 0
131.32 43.2733 0 0
131.214 43.2994 0 0
131.106 43.3103 0 0
130.998 43.3271 0 0
130.892 43.3498 0 0
130.784 43.3578 0 0
130.676 43.3726 0 0
130.571 43.3938 0 0
130.464 43.4005 0 0
130.356 43.4142 0 0
130.25 43.4345 0 0
130.143 43.4405 0 0
130.035 43.4534 0 0
129.93 43.4729 0 0
129.822 43.4779 0 0
129.714 43.4898 0 0
129.608 43.5081 0 0
129.5 43.5118 0 0
129.391 43.5218 0 0
129.283 43.5375 0 0
129.174 43.5379 0 0
129.063 43.5446 0 0
128.953 43.5609 0 0
128.847 43.583 0 0
128.738 43.5898 0 0
128.629 43.6024 0 0
128.523 43.6211 0 0
128.415 43.625 0 0
128.307 43.6357 0 0
128.201 43.6528 0 0
128.093 43.6554 0 0
127.985 43.6648 0 0
127.879 43.681 0 0
127.772 43.6826 0 0
127.663 43.691 0 0
127.556 43.7059 0 0
127.448 43.7059 0 0
127.339 43.7124 0 0
127.231 43.7246 0 0
127.122 43.7214 0 0
127.011 43.7244 0 0
126.901 43.7372 0 0
126.794 43.7557 0 0
126.685 43.7589 0 0
126.576 43.768 0 0
126.469 43.7832 0 0
126.361 43.7835 0 0
126.253 43.7906 0 0
126.146 43.8041 0 0
126.039 43.803 0 0
125.931 43.8087 0 0
125.824 43.8209 0 0
125.717 43.8184 0 0
125.608 43.8225 0 0
125.501 43.833 0 0
125.394 43.8285 0 0
125.285 43.8304 0 0
125.177 43.8384 0 0
125.07 43.8312 0 0
124.96 43.8297 0 0
124.851 43.8338 0 0
124.743 43.822 0 0
124.632 43.8158 0 0
124.521 43.8191 0 0
124.412 43.8281 0 0
124.304 43.8214 0 0
124.194 43.8203 0 0
124.087 43.8253 0 0
123.979 43.8154 0 0
123.871 43.812 0 0
123.764 43.8153 0 0
123.657 43.8039 0 0
123.549 43.7993 0 0
123.442 43.8016 0 0
123.335 43.7892 0 0
123.227 43.7834 0 0
123.119 43.7843 0 0
123.012 43.7704 0 0
122.903 43.7625 0 0
122.795 43.7606 0 0
122.688 43.7432 0 0
122.577 43.7317 0 0
122.466 43.7301 0 0
122.358 43.7346 0 0
122.25 43.7236 0 0
122.141 43.7185 0 0
122.033 43.7197 0 0
121.927 43.7061 0 0
121.818 43.699 0 0
121.711 43.6987 0 0
121.605 43.6839 0 0
121.498 43.6758 0 0
121.391 43.6746 0 0
121.285 43.6589 0 0
121.177 43.65 0 0
121.07 43.6479 0 0
120.964 43.6313 0 0
120.856 43.6213 0 0
120.749 43.6179 0 0
120.643 43.5997 0 0
120.534 43.5876 0 0
120.426 43.5813 0 0
120.32 43.5596 0 0
120.21 43.5436 0 0
120.099 43.5374 0 0
119.99 43.5372 0 0
119.883 43.5215 0 0
119.773 43.5112 0 0
119.665 43.507 0 0
119.559 43.4876 0 0
119.45 43.4741 0 0
119.341 43.4665 0 0
119.234 43.4432 0 0
119.124 43.4249 0 0
119.013 43.4107 0 0
118.906 43.3789 0 0
118.793 43.3496 0 0
118.676 43.3246 0 0
118.556 43.3025 0 0
118.434 43.2825 0 0
118.309 43.2694 0 0
118.188 43.2934 0 0
118.114 43.3831 0 0
118.052 43.476 0 0
117.986 43.562 0 0
117.912 43.6364 0 0
117.827 43.6953 0 0
117.733 43.7361 0 0
117.633 43.7581 0 0
117.531 43.7628 0 0
117.43 43.7514 0 0
117.332 43.7232 0 0
117.24 43.6776 0 0
117.157 43.6154 0 0
117.084 43.5394 0 0
117.02 43.4529 0 0
116.957 43.3604 0 0
116.882 43.2719 0 0
116.759 43.2512 0 0
116.633 43.2675 0 0
116.509 43.2901 0 0
116.387 43.3143 0 0
116.267 43.3399 0 0
116.15 43.3683 0 0
116.037 43.401 0 0
115.929 43.4358 0 0
115.818 43.4537 0 0
115.708 43.4757 0 0
115.601 43.5025 0 0
115.492 43.5141 0 0
115.382 43.5317 0 0
115.276 43.5553 0 0
115.167 43.5643 0 0
115.058 43.5799 0 0
114.952 43.6018 0 0
114.843 43.609 0 0
114.733 43.6225 0 0
114.625 43.6415 0 0
114.515 43.6454 0 0
114.404 43.6554 0 0
114.294 43.6749 0 0
114.187 43.6999 0 0
114.078 43.7098 0 0
113.968 43.7255 0 0
113.862 43.7471 0 0
113.754 43.7542 0 0
113.645 43.768 0 0
113.539 43.7882 0 0
113.43 43.7942 0 0
113.322 43.807 0 0
113.215 43.8263 0 0
113.107 43.8313 0 0
112.998 43.8432 0 0
112.891 43.8615 0 0
112.783 43.8652 0 0
112.673 43.8752 0 0
112.565 43.891 0 0
112.455 43.8916 0 0
112.343 43.8983 0 0
112.233 43.9145 0 0
112.125 43.9364 0 0
112.016 43.9431 0 0
111.906 43.9557 0 0
111.8 43.9742 0 0
111.691 43.9782 0 0
111.582 43.9889 0 0
111.475 44.0061 0 0
111.367 44.009 0 0
111.259 44.0188 0 0
111.152 44.0352 0 0
111.044 44.0373 0 0
110.935 44.0464 0 0
110.828 44.062 0 0
110.72 44.0633 0 0
110.611 44.0715 0 0
110.503 44.0861 0 0
110.395 44.0861 0 0
110.285 44.0925 0 0
110.176 44.1046 0 0
110.067 44.1014 0 0
109.955 44.1043 0 0
109.844 44.1168 0 0
109.736 44.135 0 0
109.626 44.138 0 0
109.516 44.1468 0 0
109.409 44.1616 0 0
109.3 44.1616 0 0
109.191 44.1683 0 0
109.084 44.1813 0 0
108.975 44.1797 0 0
108.866 44.1845 0 0
108.758 44.1957 0 0
108.65 44.1921 0 0
108.54 44.1948 0 0
108.432 44.2035 0 0
108.323 44.1972 0 0
108.213 44.1965 0 0
108.103 44.2011 0 0
107.994 44.1901 0 0
107.882 44.1844 0 0
107.77 44.1878 0 0
107.661 44.1967 0 0
107.551 44.1899 0 0
107.441 44.1886 0 0
107.333 44.1932 0 0
107.225 44.183 0 0
107.115 44.1792 0 0
107.007 44.1822 0 0
106.9 44.1707 0 0
106.791 44.1659 0 0
106.683 44.1679 0 0
106.576 44.1556 0 0
106.467 44.1499 0 0
106.359 44.1511 0 0
106.251 44.138 0 0
106.142 44.1314 0 0
106.034 44.1316 0 0
105.927 44.117 0 0
105.817 44.1086 0 0
105.708 44.106 0 0
105.6 44.0882 0 0
105.489 44.0761 0 0
105.377 44.0736 0 0
105.268 44.0772 0 0
105.159 44.0655 0 0
105.049 44.0596 0 0
104.941 44.06 0 0
104.833 44.0458 0 0
104.724 44.038 0 0
104.616 44.037 0 0
104.509 44.0217 0 0
104.401 44.013 0 0
104.293 44.0111 0 0
104.186 43.9948 0 0
104.077 43.9851 0 0
103.969 43.9821 0 0
103.862 43.9645 0 0
103.752 43.9528 0 0
103.643 43.947 0 0
103.536 43.9261 0 0
103.425 43.9107 0 0
103.314 43.905 0 0
103.204 43.9054 0 0
103.096 43.8905 0 0
102.987 43.8814 0 0
102.878 43.8786 0 0
102.772 43.8612 0 0
102.663 43.8502 0 0
102.555 43.8461 0 0
102.448 43.8276 0 0
102.34 43.8156 0 0
102.232 43.8105 0 0
102.126 43.7911 0 0
102.017 43.778 0 0
101.909 43.7716 0 0
101.802 43.7506 0 0
101.693 43.7356 0 0
101.584 43.7268 0 0
101.477 43.7026 0 0
101.366 43.6834 0 0
101.255 43.6683 0 0
101.146 43.6361 0 0
101.033 43.6063 0 0
100.915 43.5808 0 0
100.795 43.5582 0 0
100.673 43.5371 0 0
100.549 43.5175 0 0
100.423 43.5042 0 0
100.301 43.5274 0 0
100.226 43.6166 0 0
100.163 43.7092 0 0
100.097 43.7946 0 0
100.021 43.8685 0 0
99.9356 43.9271 0 0
99.8413 43.9681 0 0
99.7416 43.9914 0 0
99.6396 43.9982 0 0
99.5377 43.9898 0 0
99.4383 43.9651 0 0
99.3446 43.9228 0 0
99.2597 43.8631 0 0
99.1851 43.7884 0 0
99.1197 43.7024 0 0
99.0573 43.6094 0 0
98.9826 43.5197 0 0
98.8608 43.496 0 0
98.735 43.509 0 0
98.6118 43.5287 0 0
98.4909 43.5505 0 0
98.3725 43.575 0 0
98.2581 43.6036 0 0
98.1486 43.6344 0 0
98.036 43.6477 0 0
97.9241 43.6647 0 0
97.8148 43.6857 0 0
97.7035 43.6903 0 0
97.591 43.7002 0 0
97.4801 43.719 0 0
97.3728 43.743 0 0
97.2633 43.7516 0 0
97.1539 43.7659 0 0
97.0472 43.7861 0 0
96.9387 43.7915 0 0
96.8299 43.8036 0 0
96.7235 43.8221 0 0
96.6156 43.8262 0 0
96.5071 43.8372 0 0
96.4007 43.8548 0 0
96.2928 43.8581 0 0
96.1843 43.8683 0 0
96.0776 43.8851 0 0
95.9697 43.8876 0 0
95.8609 43.8969 0 0
95.7538 43.9128 0 0
95.6456 43.914 0 0
95.5359 43.9215 0 0
95.4275 43.9348 0 0
95.3181 43.9329 0 0
95.2066 43.937 0 0
95.0959 43.9508 0 0
94.9882 43.9703 0 0
94.8791 43.9746 0 0
94.7696 43.9848 0 0
94.6625 44.001 0 0
94.5543 44.0025 0 0
94.4453 44.0108 0 0
94.3384 44.0256 0 0
94.2304 44.0261 0 0
94.1215 44.0333 0 0
94.0145 44.0473 0 0
93.9065 44.0468 0 0
93.7974 44.0532 0 0
93.69 44.0661 0 0
93.5817 44.0643 0 0
93.4718 44.0688 0 0
93.3631 44.079 0 0
93.2538 44.074 0 0
93.1423 44.0751 0 0
93.0312 44.0858 0 0
92.9231 44.1023 0 0
92.8139 44.1036 0 0
92.7042 44.1107 0 0
92.5967 44.1239 0 0
92.4885 44.1224 0 0
92.3794 44.1277 0 0
92.2722 44.1396 0 0
92.1643 44.137 0 0
92.0553 44.1414 0 0
91.948 44.1524 0 0
91.8402 44.1491 0 0
91.7312 44.1525 0 0
91.6237 44.1627 0 0
91.5157 44.1583 0 0
91.4064 44.1605 0 0
91.2983 44.1691 0 0
91.1901 44.1627 0 0
91.08 44.1622 0 0
90.9706 44.1671 0 0
90.8615 44.1564 0 0
90.7498 44.1511 0 0
90.6381 44.155 0 0
90.5288 44.1643 0 0
90.4195 44.158 0 0
90.3094 44.157 0 0
90.201 44.162 0 0
90.093 44.1519 0 0
89.9836 44.148 0 0
89.8755 44.1508 0 0
89.7681 44.1389 0 0
89.659 44.1336 0 0
89.5509 44.135 0 0
89.4437 44.122 0 0
89.3346 44.1155 0 0
89.2263 44.1157 0 0
89.1189 44.1012 0 0
89.0093 44.0928 0 0
88.9001 44.0902 0 0
88.7921 44.0724 0 0
88.6812 44.0603 0 0
88.5696 44.0579 0 0
88.4603 44.0616 0 0
88.3517 44.05 0 0
88.2419 44.0441 0 0
88.1336 44.0446 0 0
88.0263 44.0305 0 0
87.9174 44.0228 0 0
87.8094 44.022 0 0
87.7026 44.0069 0 0
87.5939 43.9984 0 0
87.4861 43.9968 0 0
87.3794 43.9809 0 0
87.2708 43.9717 0 0
87.1629 43.9693 0 0
87.0562 43.9527 0 0
86.9475 43.9426 0 0
86.8393 43.9392 0 0
86.7325 43.9211 0 0
86.6232 43.9091 0 0
86.5142 43.903 0 0
86.4068 43.8817 0 0
86.2964 43.866 0 0
86.1849 43.86 0 0
86.0755 43.8601 0 0
85.9673 43.845 0 0
85.8577 43.8356 0 0
85.7495 43.8326 0 0
85.6426 43.8149 0 0
85.5339 43.8037 0 0
85.426 43.7993 0 0
85.3196 43.7806 0 0
85.2111 43.7685 0 0
85.1032 43.7632 0 0
84.997 43.7436 0 0
84.8883 43.7303 0 0
84.7801 43.7238 0 0
84.6737 43.7027 0 0
84.5646 43.6874 0 0
84.4555 43.6779 0 0
84.3486 43.6533 0 0
84.2383 43.6341 0 0
84.1265 43.6243 0 0
84.0164 43.6203 0 0
83.9081 43.6008 0 0
83.7977 43.5864 0 0
83.6879 43.5777 0 0
83.5804 43.5533 0 0
83.4697 43.5338 0 0
83.3582 43.5184 0 0
83.2498 43.486 0 0
83.1367 43.4561 0 0
83.0197 43.4307 0 0
82.9004 43.4086 0 0
82.7797 43.3887 0 0
82.6582 43.3708 0 0
82.536 43.3562 0 0
82.413 43.353 0 0
82.3052 43.3972 0 0
82.2339 43.4858 0 0
82.1722 43.5763 0 0
82.1067 43.66 0 0
82.0321 43.7327 0 0
81.9475 43.791 0 0
81.8544 43.8326 0 0
81.7557 43.8571 0 0
81.6544 43.865 0 0
81.5532 43.8563 0 0
81.4551 43.8295 0 0
81.364 43.7834 0 0
81.283 43.7195 0 0
81.2135 43.6411 0 0
81.1534 43.552 0 0
81.096 43.4566 0 0
81.0248 43.3648 0 0
80.9037 43.3395 0 0
80.7775 43.3513 0 0
80.6535 43.3695 0 0
80.5308 43.3889 0 0
80.4095 43.4094 0 0
80.2899 43.4316 0 0
80.1729 43.4567 0 0
80.0597 43.4862 0 0
79.9516 43.5181 0 0
79.8403 43.5328 0 0
79.73 43.5518 0 0
79.623 43.5757 0 0
79.5137 43.5842 0 0
79.4046 43.5988 0 0
79.2981 43.6194 0 0
79.1898 43.6254 0 0
79.081 43.6379 0 0
78.9743 43.6567 0 0
78.8661 43.6607 0 0
78.7567 43.671 0 0
78.6488 43.687 0 0
78.5395 43.6877 0 0
78.4283 43.6946 0 0
78.3181 43.7111 0 0
78.2111 43.7332 0 0
78.1022 43.7402 0 0
77.9932 43.753 0 0
77.8868 43.7719 0 0
77.7788 43.7761 0 0
77.6703 43.787 0 0
77.564 43.8045 0 0
77.4563 43.8076 0 0
77.348 43.8177 0 0
77.2417 43.8344 0 0
77.1341 43.8367 0 0
77.0257 43.846 0 0
76.9192 43.862 0 0
76.8115 43.8636 0 0
76.7028 43.8721 0 0
76.5958 43.8871 0 0
76.4877 43.8874 0 0
76.3782 43.8941 0 0
76.2698 43.9066 0 0
76.1606 43.9038 0 0
76.0493 43.9071 0 0
75.9387 43.9202 0 0
75.8311 43.9389 0 0
75.7221 43.9425 0 0
75.6127 43.9519 0 0
75.5057 43.9673 0 0
75.3976 43.9681 0 0
75.2888 43.9756 0 0
75.1819 43.9898 0 0
75.0741 43.9895 0 0
74.9653 43.9961 0 0
74.8583 44.0093 0 0
74.7505 44.0081 0 0
74.6414 44.0137 0 0
74.5338 44.0258 0 0
74.4256 44.0231 0 0
74.3157 44.0267 0 0
74.2069 44.036 0 0
74.0976 44.0299 0 0
73.986 44.0296 0 0
73.8747 44.0386 0 0
73.7661 44.0531 0 0
73.6568 44.0519 0 0
73.5468 44.0562 0 0
73.4388 44.0661 0 0
73.3305 44.061 0 0
73.2211 44.062 0 0
73.1132 44.0693 0 0
73.0054 44.0618 0 0
72.8962 44.0606 0 0
72.7883 44.0658 0 0
72.6807 44.0562 0 0
72.5716 44.053 0 0
72.4637 44.0563 0 0
72.3563 44.0449 0 0
72.2471 44.04 0 0
72.1389 44.0415 0 0
72.0314 44.0283 0 0
71.9217 44.0211 0 0
71.8125 44.0198 0 0
71.7044 44.0032 0 0
71.5934 43.9924 0 0
71.4819 43.9912 0 0
71.3727 43.9961 0 0
71.264 43.9858 0 0
71.1542 43.9812 0 0
71.046 43.9829 0 0
70.9385 43.9699 0 0
70.8295 43.9635 0 0
70.7216 43.9639 0 0
70.6145 43.9499 0 0
70.5057 43.9426 0 0
70.3978 43.9421 0 0
70.2908 43.9273 0 0
70.1819 43.919 0 0
70.0737 43.9175 0 0
69.9667 43.9013 0 0
69.8572 43.8911 0 0
69.7481 43.8869 0 0
69.6404 43.8674 0 0
69.5297 43.8536 0 0
69.4182 43.8495 0 0
69.3089 43.8516 0 0
69.2004 43.8383 0 0
69.0908 43.8309 0 0
68.9825 43.8298 0 0
68.8754 43.814 0 0
68.7666 43.8048 0 0
68.6586 43.8025 0 0
68.552 43.7858 0 0
68.4434 43.7758 0 0
68.3356 43.7726 0 0
68.2292 43.7553 0 0
68.1206 43.7445 0 0
68.0127 43.7406 0 0
67.9063 43.7225 0 0
67.7977 43.7109 0 0
67.6895 43.706 0 0
67.5829 43.6865 0 0
67.4738 43.6731 0 0
67.3647 43.6654 0 0
67.2576 43.6427 0 0
67.1473 43.6256 0 0
67.0359 43.618 0 0
66.9264 43.6167 0 0
66.8183 43.6001 0 0
66.7087 43.5892 0 0
66.6003 43.5846 0 0
66.4936 43.5655 0 0
66.3848 43.5527 0 0
66.2767 43.5468 0 0
66.1704 43.5264 0 0
66.0616 43.5124 0 0
65.9532 43.5051 0 0
65.8468 43.4833 0 0
65.7375 43.4674 0 0
65.6281 43.4576 0 0
65.521 43.4325 0 0
65.4105 43.4124 0 0
65.2989 43.3964 0 0
65.1905 43.3633 0 0
65.077 43.3327 0 0
64.9593 43.3064 0 0
64.8387 43.2829 0 0
64.7157 43.2616 0 0
64.5901 43.2471 0 0
64.4683 43.27 0 0
64.3941 43.36 0 0
64.3331 43.4537 0 0
64.2694 43.541 0 0
64.1969 43.6174 0 0
64.1139 43.6794 0 0
64.0216 43.7245 0 0
63.9232 43.7521 0 0
63.8217 43.763 0 0
63.7197 43.7583 0 0
63.6198 43.7364 0 0
63.5253 43.6962 0 0
63.4396 43.638 0 0
63.3643 43.5642 0 0
63.2983 43.4788 0 0
63.2354 43.3861 0 0
63.1603 43.2967 0 0
63.039 43.273 0 0
62.9136 43.2859 0 0
62.7905 43.3052 0 0
62.6692 43.3259 0 0
62.5498 43.3482 0 0
62.4329 43.3733 0 0
62.32 43.4027 0 0
62.2119 43.4344 0 0
62.1007 43.4485 0 0
61.9904 43.4667 0 0
61.8832 43.4897 0 0
61.7738 43.4967 0 0
61.6639 43.5092 0 0
61.556 43.5268 0 0
61.4466 43.5285 0 0
61.3355 43.5361 0 0
61.2256 43.5533 0 0
61.119 43.5761 0 0
61.0104 43.5834 0 0
60.9018 43.5965 0 0
60.7957 43.6156 0 0
60.688 43.6198 0 0
60.5798 43.6308 0 0
60.474 43.6481 0 0
60.3667 43.651 0 0
60.2587 43.6607 0 0
60.1527 43.677 0 0
60.0454 43.6788 0 0
59.937 43.6874 0 0
59.8304 43.7024 0 0
59.7227 43.7027 0 0
59.6135 43.7093 0 0
59.5055 43.7216 0 0
59.3967 43.7186 0 0
59.2858 43.7217 0 0
59.1755 43.7346 0 0
59.0683 43.7533 0 0
58.9597 43.7567 0 0
58.8507 43.7659 0 0
58.744 43.7812 0 0
58.6363 43.7817 0 0
58.5278 43.789 0 0
58.4214 43.8027 0 0
58.3141 43.8019 0 0
58.2059 43.808 0 0
58.0994 43.8209 0 0
57.9922 43.8192 0 0
57.8839 43.8245 0 0
57.7772 43.8365 0 0
57.6698 43.8338 0 0
57.5611 43.8379 0 0
57.4537 43.8485 0 0
57.3459 43.8441 0 0
57.2363 43.8459 0 0
57.1276 43.8531 0 0
57.0188 43.8447 0 0
56.9075 43.8419 0 0
56.7963 43.8484 0 0
56.6877 43.8604 0 0
56.5787 43.8566 0 0
56.4689 43.8581 0 0
56.361 43.8655 0 0
56.2532 43.8576 0 0
56.1441 43.8559 0 0
56.0365 43.8605 0 0
55.9293 43.85 0 0
55.8205 43.846 0 0
55.7129 43.8484 0 0
55.606 43.8361 0 0
55.4971 43.8301 0 0
55.3892 43.8307 0 0
55.2821 43.8164 0 0
55.1728 43.8082 0 0
55.0639 43.8058 0 0
54.9563 43.7881 0 0
54.8457 43.7761 0 0
54.7345 43.7739 0 0
54.6255 43.7778 0 0
54.5172 43.7664 0 0
54.4077 43.7607 0 0
54.2998 43.7614 0 0
54.1928 43.7472 0 0
54.0841 43.7397 0 0
53.9766 43.7388 0 0
53.8702 43.7235 0 0
53.7619 43.7149 0 0
53.6545 43.7132 0 0
53.5483 43.6971 0 0
53.4401 43.6876 0 0
53.3326 43.6851 0 0
53.2264 43.6681 0 0
53.1179 43.6576 0 0
53.01 43.6537 0 0
52.9036 43.6352 0 0
52.7946 43.6227 0 0
52.6858 43.616 0 0
52.5789 43.5942 0 0
52.4687 43.578 0 0
52.3576 43.5714 0 0
52.2484 43.5711 0 0
52.1405 43.5555 0 0
52.0312 43.5456 0 0
51.9232 43.542 0 0
51.8167 43.5238 0 0
51.7082 43.512 0 0
51.6006 43.5069 0 0
51.4947 43.4875 0 0
51.3866 43.4746 0 0
51.2791 43.4686 0 0
51.1733 43.4481 0 0
51.0652 43.4342 0 0
50.9573 43.4269 0 0
50.8515 43.405 0 0
50.7429 43.389 0 0
50.6343 43.3789 0 0
50.5281 43.3536 0 0
50.4185 43.3338 0 0
50.3075 43.3237 0 0
50.1984 43.3197 0 0
50.091 43.3006 0 0
49.9821 43.287 0 0
49.8742 43.2799 0 0
49.7683 43.2582 0 0
49.6603 43.2428 0 0
49.5528 43.2344 0 0
49.4475 43.2116 0 0
49.3398 43.1953 0 0
49.2325 43.1859 0 0
49.1274 43.1623 0 0
49.0198 43.1452 0 0
48.9124 43.1349 0 0
48.8073 43.1103 0 0
48.6995 43.092 0 0
48.5917 43.0802 0 0
48.4864 43.0539 0 0
48.3781 43.0332 0 0
48.2694 43.0181 0 0
48.1637 42.9878 0 0
48.0542 42.9626 0 0
47.9425 42.9461 0 0
47.8317 42.9349 0 0
47.7238 42.9075 0 0
47.6131 42.884 0 0
47.5017 42.864 0 0
47.3943 42.8268 0 0
47.282 42.7914 0 0
47.1655 42.7602 0 0
47.0462 42.7315 0 0
46.9246 42.7051 0 0
46.8 42.6857 0 0
46.6783 42.7048 0 0
46.605 42.7941 0 0
46.5472 42.8888 0 0
46.4888 42.9787 0 0
46.4226 43.0594 0 0
46.3456 43.1275 0 0
46.2582 43.1795 0 0
46.163 43.2143 0 0
46.0632 43.2317 0 0
45.9619 43.2313 0 0
45.8625 43.2115 0 0
45.7688 43.1717 0 0
45.6846 43.1128 0 0
45.6116 43.0381 0 0
45.5477 42.952 0 0
45.4862 42.8593 0 0
45.4115 42.7702 0 0
45.2918 42.7487 0 0
45.1691 42.765 0 0
45.0492 42.788 0 0
44.9311 42.8126 0 0
44.8151 42.8389 0 0
44.7017 42.8681 0 0
44.5926 42.9019 0 0
44.4884 42.9377 0 0
44.3801 42.9555 0 0
44.2731 42.9774 0 0
44.1695 43.0042 0 0
44.063 43.015 0 0
43.9569 43.0319 0 0
43.8537 43.055 0 0
43.7483 43.0628 0 0
43.6424 43.0774 0 0
43.5391 43.0986 0 0
43.4338 43.1047 0 0
43.3279 43.1178 0 0
43.2244 43.1375 0 0
43.119 43.1423 0 0
43.0128 43.154 0 0
42.9087 43.1722 0 0
42.803 43.1751 0 0
42.6961 43.1845 0 0
42.5907 43.1996 0 0
42.484 43.1989 0 0
42.3753 43.2044 0 0
42.2676 43.2204 0 0
42.1631 43.2422 0 0
42.0568 43.2482 0 0
41.9501 43.2602 0 0
41.846 43.2783 0 0
41.7403 43.2811 0 0
41.6339 43.2907 0 0
41.5297 43.3069 0 0
41.4243 43.3081 0 0
41.3179 43.3163 0 0
41.2134 43.3312 0 0
41.108 43.331 0 0
41.0013 43.3378 0 0
40.8964 43.3511 0 0
40.7906 43.3491 0 0
40.6833 43.3535 0 0
40.5771 43.3638 0 0
40.4703 43.3581 0 0
40.3613 43.3586 0 0
40.2528 43.3694 0 0
40.1471 43.386 0 0
40.0403 43.3865 0 0
39.9328 43.3926 0 0
39.8275 43.4047 0 0
39.7216 43.4011 0 0
39.6145 43.4039 0 0
39.5091 43.413 0 0
39.4035 43.4068 0 0
39.2965 43.4071 0 0
39.191 43.4139 0 0
39.0856 43.4054 0 0
38.9786 43.4034 0 0
38.873 43.408 0 0
38.7677 43.3973 0 0
38.6607 43.393 0 0
38.5547 43.3953 0 0
38.4495 43.3821 0 0
38.3422 43.375 0 0
38.2353 43.3738 0 0
38.1296 43.3567 0 0
38.021 43.3456 0 0
37.9119 43.3447 0 0
37.805 43.3501 0 0
37.6986 43.3397 0 0
37.5912 43.3351 0 0
37.4852 43.3369 0 0
37.3801 43.3234 0 0
37.2732 43.3165 0 0
37.1674 43.3165 0 0
37.0628 43.3016 0 0
36.9561 43.2933 0 0
36.8503 43.292 0 0
36.7458 43.2757 0 0
36.6391 43.2661 0 0
36.5331 43.2632 0 0
36.4286 43.2451 0 0
36.3216 43.2332 0 0
36.2148 43.2271 0 0
36.1099 43.2054 0 0
36.0018 43.1895 0 0
35.8927 43.1838 0 0
35.7856 43.1845 0 0
35.6797 43.1694 0 0
35.5724 43.16 0 0
35.4663 43.1572 0 0
35.3617 43.1392 0 0
35.2553 43.1278 0 0
35.1496 43.1234 0 0
35.0457 43.1041 0 0
34.9395 43.0915 0 0
34.834 43.0858 0 0
34.7303 43.0654 0 0
34.6242 43.0516 0 0
34.5187 43.0447 0 0
34.4152 43.0231 0 0
34.3091 43.008 0 0
34.2032 42.9997 0 0
34.0996 42.9765 0 0
33.9932 42.9592 0 0
33.8867 42.9479 0 0
33.7828 42.9209 0 0
33.6755 42.8997 0 0
33.5667 42.8886 0 0
33.4594 42.8838 0 0
33.3543 42.8634 0 0
33.2474 42.8488 0 0
33.1414 42.8406 0 0
33.0377 42.8174 0 0
32.9318 42.8007 0 0
32.8264 42.7909 0 0
32.7234 42.7663 0 0
32.6178 42.7482 0 0
32.5125 42.737 0 0
32.4098 42.7111 0 0
32.3043 42.6915 0 0
32.1987 42.6788 0 0
32.096 42.6512 0 0
31.9903 42.6293 0 0
31.8842 42.6135 0 0
31.7814 42.5822 0 0
31.6749 42.5563 0 0
31.5664 42.5405 0 0
31.4593 42.5311 0 0
31.3549 42.5061 0 0
31.2484 42.4865 0 0
31.1425 42.4733 0 0
31.0396 42.445 0 0
30.934 42.4228 0 0
30.8283 42.4072 0 0
30.726 42.3767 0 0
30.6204 42.352 0 0
30.5141 42.3334 0 0
30.4117 42.2993 0 0
30.3055 42.2699 0 0
30.1979 42.2445 0 0
30.0953 42.2018 0 0
29.9876 42.161 0 0
29.8754 42.1246 0 0
29.7604 42.0913 0 0
29.6432 42.06 0 0
29.524 42.031 0 0
29.4017 42.0099 0 0
29.2825 42.0296 0 0
29.2169 42.1231 0 0
29.1735 42.2237 0 0
29.1353 42.3224 0 0
29.0934 42.4165 0 0
29.041 42.5029 0 0
28.9739 42.5771 0 0
28.8921 42.6339 0 0
28.7987 42.6685 0 0
28.6995 42.6776 0 0
28.6015 42.6599 0 0
28.5113 42.617 0 0
28.4328 42.5535 0 0
28.3656 42.4758 0 0
28.3047 42.3896 0 0
28.2412 42.3001 0 0
28.1595 42.2194 0 0
28.0419 42.2158 0 0
27.9284 42.2527 0 0
27.8198 42.2971 0 0
27.7144 42.3438 0 0
27.6125 42.3934 0 0
27.5159 42.447 0 0
27.4242 42.5015 0 0
27.3247 42.5374 0 0
27.2267 42.5767 0 0
27.1328 42.6199 0 0
27.0331 42.646 0 0
26.9344 42.678 0 0
26.8394 42.7157 0 0
26.7395 42.7372 0 0
26.6402 42.7653 0 0
26.5439 42.7992 0 0
26.4434 42.8168 0 0
26.3427 42.8409 0 0
26.2442 42.8702 0 0
26.1419 42.8826 0 0
26.0388 42.9018 0 0
25.9384 42.9321 0 0
25.8419 42.9681 0 0
25.7411 42.9874 0 0
25.6408 43.0125 0 0
25.5437 43.0433 0 0
25.443 43.0579 0 0
25.3424 43.0793 0 0
25.2449 43.1072 0 0
25.1441 43.1191 0 0
25.0433 43.1382 0 0
24.9451 43.1639 0 0
24.8441 43.1737 0 0
24.7426 43.1905 0 0
24.6435 43.2138 0 0
24.5418 43.2206 0 0
24.4392 43.2339 0 0
24.3381 43.2527 0 0
24.2352 43.2544 0 0
24.1305 43.2627 0 0
24.0273 43.2821 0 0
23.9274 43.3075 0 0
23.825 43.3157 0 0
23.7224 43.3296 0 0
23.6224 43.3494 0 0
23.5205 43.3527 0 0
23.4181 43.3628 0 0
23.318 43.3795 0 0
23.2165 43.3802 0 0
23.1141 43.388 0 0
23.0137 43.4027 0 0
22.9123 43.4014 0 0
22.8097 43.4073 0 0
22.709 43.42 0 0
22.6075 43.4167 0 0
22.5047 43.4204 0 0
22.4033 43.4308 0 0
22.3014 43.4247 0 0
22.1979 43.4249 0 0
22.0953 43.431 0 0
21.9928 43.4199 0 0
21.8878 43.4154 0 0
21.7829 43.4222 0 0
21.6807 43.4355 0 0
21.5779 43.4317 0 0
21.4743 43.4337 0 0
21.3726 43.4421 0 0
21.2708 43.4339 0 0
21.1678 43.4324 0 0
21.0663 43.4379 0 0
20.9651 43.4273 0 0
20.8623 43.4236 0 0
20.7606 43.427 0 0
20.6597 43.4143 0 0
20.5568 43.4085 0 0
20.4547 43.4094 0 0
20.3538 43.3939 0 0
20.2506 43.3846 0 0
20.1477 43.3812 0 0
20.0465 43.3607 0 0
19.9423 43.3465 0 0
19.8372 43.3436 0 0
19.734 43.3473 0 0
19.6319 43.3341 0 0
19.5285 43.3265 0 0
19.4264 43.3254 0 0
19.3257 43.3079 0 0
19.2232 43.2971 0 0
19.1215 43.2934 0 0
19.0217 43.2737 0 0
18.9195 43.2608 0 0
18.818 43.2552 0 0
18.7185 43.2337 0 0
18.6166 43.219 0 0
18.5151 43.2114 0 0
18.416 43.188 0 0
18.3142 43.1713 0 0
18.2125 43.1615 0 0
18.1137 43.1356 0 0
18.012 43.1157 0 0
17.9099 43.1015 0 0
17.8114 43.0707 0 0
17.7091 43.0457 0 0
17.6048 43.0318 0 0
17.5018 43.0246 0 0
17.4015 43.0007 0 0
17.2994 42.9823 0 0
17.1979 42.9704 0 0
17.0995 42.9425 0 0
16.9985 42.921 0 0
16.8975 42.9066 0 0
16.8 42.8766 0 0
16.6995 42.8531 0 0
16.5988 42.8366 0 0
16.5019 42.8047 0 0
16.4018 42.7791 0 0
16.3012 42.7605 0 0
16.2049 42.7261 0 0
16.1051 42.6973 0 0
16.0045 42.6742 0 0
15.9089 42.6349 0 0
15.8091 42.6011 0 0
15.7062 42.5781 0 0
15.604 42.5619 0 0
15.5061 42.5292 0 0
15.4059 42.5019 0 0
15.3056 42.4812 0 0
15.2099 42.4448 0 0
15.1109 42.4145 0 0
15.0114 42.3913 0 0
14.9168 42.3529 0 0
14.8185 42.3207 0 0
14.7194 42.2954 0 0
14.6255 42.2551 0 0
14.5278 42.2206 0 0
14.4289 42.1928 0 0
14.3357 42.1497 0 0
14.2383 42.1122 0 0
14.1395 42.0805 0 0
14.0472 42.0328 0 0
13.9505 41.9891 0 0
13.8521 41.9492 0 0
13.7621 41.8917 0 0
13.6669 41.8355 0 0
13.5665 41.7841 0 0
13.4622 41.7367 0 0
13.3552 41.6929 0 0
13.2455 41.6527 0 0
13.1331 41.6171 0 0
13.0164 41.5937 0 0
12.9038 41.6199 0 0
12.8628 41.7258 0 0
12.8582 41.8351 0 0
12.8736 41.9395 0 0
12.9028 42.0381 0 0
12.9384 42.1328 0 0
12.9669 42.2286 0 0
12.9692 42.3274 0 0
12.9278 42.416 0 0
12.8438 42.465 0 0
12.7465 42.4563 0 0
12.664 42.4021 0 0
12.6008 42.3253 0 0
12.5446 42.2416 0 0
12.4826 42.1598 0 0
12.4081 42.0852 0 0
12.3181 42.0224 0 0
12.209 41.9851 0 0
12.111 42.0361 0 0
12.0462 42.126 0 0
12.002 42.2262 0 0
11.9947 42.331 0 0
12.0005 42.4309 0 0
11.9856 42.5276 0 0
11.9733 42.6241 0 0
11.9624 42.7191 0 0
11.9259 42.8074 0 0
11.8934 42.8984 0 0
11.8739 42.9928 0 0
11.8601 43.0867 0 0
11.8228 43.1734 0 0
11.7884 43.2621 0 0
11.7581 43.3509 0 0
11.7059 43.429 0 0
11.6576 43.5103 0 0
11.6144 43.5934 0 0
11.5521 43.6632 0 0
11.4933 43.737 0 0
11.4395 43.8134 0 0
11.3687 43.8743 0 0
11.3011 43.9398 0 0
11.2383 44.0087 0 0
11.1609 44.0606 0 0
11.0863 44.1177 0 0
11.0162 44.1789 0 0
10.9333 44.2213 0 0
10.8521 44.2687 0 0
10.7742 44.3197 0 0
10.6861 44.3514 0 0
10.5997 44.3908 0 0
10.5215 44.4446 0 0
10.4493 44.5039 0 0
10.366 44.545 0 0
10.2845 44.591 0 0
10.2068 44.6411 0 0
10.1196 44.6719 0 0
10.0343 44.7092 0 0
9.95281 44.7524 0 0
9.86381 44.7767 0 0
9.77621 44.8079 0 0
9.69213 44.8455 0 0
9.60187 44.8639 0 0
9.51258 44.8896 0 0
9.42635 44.9218 0 0
9.33503 44.9339 0 0
9.24387 44.9522 0 0
9.15487 44.9761 0 0
9.06224 44.9805 0 0
8.96917 44.9944 0 0
8.8805 45.0258 0 0
8.79679 45.0653 0 0
8.70718 45.0864 0 0
8.61849 45.1135 0 0
8.53284 45.1465 0 0
8.44209 45.1601 0 0
8.35203 45.1812 0 0
8.26495 45.2097 0 0
8.17385 45.2196 0 0
8.08314 45.2374 0 0
7.99512 45.2626 0 0
7.90377 45.2691 0 0
7.81252 45.2836 0 0
7.72368 45.3057 0 0
7.6322 45.3092 0 0
7.54053 45.3207 0 0
7.45096 45.3399 0 0
7.35931 45.3394 0 0
7.26697 45.3457 0 0
7.17606 45.3584 0 0
7.08389 45.3525 0 0
6.9902 45.3566 0 0
6.89917 45.3791 0 0
6.81247 45.4109 0 0
6.7217 45.4245 0 0
6.63139 45.4447 0 0
6.54373 45.4713 0 0
6.45248 45.4787 0 0
6.36141 45.494 0 0
6.27291 45.5171 0 0
6.18155 45.5219 0 0
6.09015 45.535 0 0
6.00109 45.5559 0 0
5.90964 45.5585 0 0
5.81792 45.5693 0 0
5.72826 45.5878 0 0
5.63665 45.587 0 0
5.5443 45.5931 0 0
5.45338 45.6058 0 0
5.3612 45.6 0 0
5.2675 45.6043 0 0
5.17652 45.6271 0 0
5.0899 45.6592 0 0
4.99917 45.6733 0 0
4.90895 45.6941 0 0
4.82144 45.7212 0 0
4.7302 45.7294 0 0
4.63923 45.7456 0 0
4.55089 45.7695 0 0
4.45953 45.7753 0 0
4.3682 45.7894 0 0
4.27928 45.8112 0 0
4.18778 45.8147 0 0
4.09608 45.8264 0 0
4.00656 45.8459 0 0
3.91494 45.847 0 0
3.82288 45.8563 0 0
3.73268 45.8733 0 0
3.6409 45.8708 0 0
3.5482 45.8751 0 0
3.45672 45.8858 0 0
3.36444 45.8777 0 0
3.27032 45.8793 0 0
3.17819 45.8989 0 0
3.08989 45.9274 0 0
2.99815 45.9371 0 0
2.90647 45.9532 0 0
2.81699 45.9754 0 0
2.72487 45.9777 0 0
2.63237 45.9875 0 0
2.54174 46.0047 0 0
2.44953 46.0025 0 0
2.35649 46.0079 0 0
2.26489 46.0205 0 0
2.17273 46.0133 0 0
2.07928 46.0133 0 0
1.98673 46.0202 0 0
1.89501 46.0059 0 0
1.80134 45.9972 0 0
1.70791 45.9938 0 0
1.61721 45.9692 0 0
1.52318 45.9518 0 0
1.42736 45.95 0 0
1.33289 45.9553 0 0
1.24037 45.9382 0 0
1.14616 45.9253 0 0
1.0521 45.9169 0 0
0.963146 45.8854 0 0
0.871475 45.8581 0 0
0.779058 45.8354 0 0
0.695523 45.7897 0 0
0.609127 45.7462 0 0
0.521838 45.7044 0 0
0.448644 45.6397 0 0
0.371684 45.5746 0 0
0.287422 45.5152 0 0
0.197362 45.461 0 0
0.102162 45.4113 0 0
-0.000547753 45.3723 0 0
-0.110738 45.3792 0 0
-0.188458 45.4639 0 0
-0.24068 45.5601 0 0
-0.276221 45.6591 0 0
-0.294694 45.7597 0 0
-0.293662 45.8603 0 0
-0.27472 45.9584 0 0
-0.242634 46.0531 0 0
-0.202009 46.1446 0 2
-0.157057 46.234 0 2
-0.111691 46.3232 0 2
-0.0697589 46.414 0 2
-0.0352841 46.5079 0 2
-0.0125949 46.6052 0 2
-0.00619699 46.7049 0 2
-0.020255 46.8036 0 2
-0.0576236 46.896 0 2
-0.118606 46.9747 0 2
-0.199966 47.032 0 2
-0.294911 47.0616 0 2
-0.394411 47.0609 0 2
-0.489403 47.031 0 2
-0.57284 46.9765 0 2
-0.640728 46.9034 0 2
-0.692058 46.8177 0 2
-0.728063 46.7245 0 2
-0.751345 46.6272 0 2
-0.765174 46.5281 0 2
-0.773054 46.4283 0 2
-0.778524 46.3284 0 2
-0.785094 46.2285 0 2
-0.796233 46.129 0 2
-0.815394 46.0307 0 2
-0.84559 45.9344 0 2
-0.88834 45.8414 0 2
-0.944601 45.7533 0 2
-1.01652 45.6735 0 2
-1.11124 45.616 0 2
-1.21525 45.6478 0 2
-1.3045 45.7076 0 2
-1.39783 45.7594 0 2
-1.4911 45.811 0 2
-1.59193 45.846 0 2
-1.69297 45.8862 0 2
-1.79178 45.93 0 2
-1.89638 45.9576 0 2
-2.00172 45.9891 0 2
-2.10542 46.0234 0 2
-2.21343 46.04 0 2
-2.32287 46.0595 0 2
-2.43145 46.0809 0 2
-2.54229 46.0832 0 2
-2.65555 46.0876 0 2
-2.76911 46.0966 0 2
-2.88108 46.1063 0 2
-2.99301 46.0958 0 2
-3.10696 46.0858 0 2
-3.22125 46.0795 0 2
-3.33376 46.0739 0 2
-3.44343 46.0482 0 2
-3.55491 46.0227 0 2
-3.66708 46.0012 0 2
-3.7774 45.9815 0 2
-3.88239 45.9427 0 2
-3.98886 45.9043 0 2
-4.09474 45.8668 0 2
-4.19252 45.8112 0 2
-4.29299 45.7554 0 2
-4.39572 45.7026 0 2
-4.49745 45.6498 0 2
-4.5883 45.5792 0 2
-4.68173 45.5062 0 2
-4.77992 45.436 0 2
-4.88964 45.3842 0 2
-4.98979 45.4385 0 2
-5.06863 45.5144 0 2
-5.13329 45.5979 0 2
-5.18514 45.6867 0 2
-5.22293 45.7805 0 2
-5.24626 45.8779 0 2
-5.25678 45.9772 0 2
-5.25715 46.0772 0 2
-5.25014 46.1769 0 2
-5.23854 46.2762 0 2
-5.2251 46.3753 0 2
-5.21252 46.4745 0 2
-5.20347 46.5741 0 2
-5.20062 46.674 0 2
-5.20659 46.7738 0 2
-5.22389 46.8722 0 2
-5.25468 46.9672 0 2
-5.3005 47.0559 0 2
-5.36193 47.1346 0 2
-5.43812 47.199 0 2
-5.52664 47.2449 0 2
-5.62341 47.2689 0 2
-5.72309 47.2688 0 2
-5.81976 47.2445 0 2
-5.90777 47.1976 0 2
-5.98256 47.1316 0 2
-6.04108 47.0508 0 2
-6.08201 46.9598 0 2
-6.10552 46.8628 0 2
-6.1129 46.7631 0 2
-6.10617 46.6634 0 2
-6.08771 46.5652 0 2
-6.05999 46.4691 0 2
-6.02543 46.3753 0 2
-5.98632 46.2832 0 2
-5.94484 46.1922 0 2
-5.9031 46.1014 0 2
-5.86319 46.0097 0 2
-5.82724 45.9164 0 2
-5.79747 45.821 0 2
-5.77619 45.7234 0 2
-5.76567 45.6239 0 2
-5.76778 45.523 0 2
-5.78293 45.4219 0 2
-5.81136 45.3214 0 2
-5.85569 45.2233 0 2
-5.92669 45.1377 0 2
-6.0401 45.1292 0 2
-6.15241 45.1493 0 2
-6.26057 45.1769 0 2
-6.37106 45.189 0 2
-6.48151 45.2046 0 2
-6.5891 45.2246 0 2
-6.69813 45.227 0 2
-6.8073 45.229 0 2
-6.91573 45.2134 0 2
-7.02712 45.2022 0 2
-7.13863 45.1944 0 2
-7.24775 45.1689 0 2
-7.3601 45.1454 0 2
-7.47401 45.1263 0 2
-7.58663 45.1084 0 2
-7.69469 45.0718 0 2
-7.80494 45.0354 0 2
-7.91655 45.0025 0 2
-8.0266 44.9709 0 2
-8.12974 44.9211 0 2
-8.23478 44.8713 0 2
-8.34122 44.8254 0 2
-8.44623 44.7817 0 2
-8.54245 44.7214 0 2
-8.64033 44.6613 0 2
-8.73788 44.6028 0 2
-8.82446 44.5287 0 2
-8.91377 44.4542 0 2
-9.00595 44.3821 0 2
-9.09722 44.3107 0 2
-9.17497 44.2245 0 2
-9.25437 44.1361 0 2
-9.33617 44.0479 0 2
-9.41938 43.9606 0 2
-9.506 43.8776 0 2
-9.60553 43.8152 0 2
-9.71441 43.8419 0 2
-9.80948 43.8934 0 2
-9.89395 43.9554 0 2
-9.96886 44.0252 0 2
-10.0342 44.1021 0 2
-10.09 44.185 0 2
-10.1379 44.2726 0 2
-10.1793 44.3635 0 2
-10.2161 44.4564 0 2
-10.2502 44.5503 0 2
-10.2838 44.6445 0 2
-10.3188 44.7381 0 2
-10.3573 44.8303 0 2
-10.4013 44.9201 0 2
-10.4523 45.006 0 2
-10.5118 45.0863 0 2
-10.5807 45.1586 0 2
-10.6593 45.2203 0 2
-10.7467 45.2685 0 2
-10.8413 45.3001 0 2
-10.9403 45.3127 0 2
-11.0397 45.3043 0 2
-11.1348 45.2744 0 2
-11.2207 45.2238 0 2
-11.2928 45.1549 0 2
-11.3475 45.0715 0 2
-11.3825 44.9781 0 2
-11.3972 44.8795 0 2
-11.3923 44.7798 0 2
-11.3698 44.6826 0 2
-11.3322 44.5901 0 2
-11.2823 44.5036 0 2
-11.2229 44.4233 0 2
-11.1566 44.3485 0 2
-11.0856 44.2781 0 2
-11.0121 44.2105 0 2
-10.9377 44.1437 0 2
-10.8644 44.0759 0 2
-10.794 44.005 0 2
-10.7287 43.9295 0 2
-10.6708 43.8482 0 2
-10.6229 43.7605 0 2
-10.5872 43.6661 0 2
-10.5643 43.5665 0 2
-10.5548 43.4626 0 2
-10.5616 43.3553 0 2
-10.5988 43.2508 0 2
-10.7047 43.205 0 2
-10.8191 43.1858 0 2
-10.9323 43.1747 0 2
-11.0424 43.1488 0 2
-11.1538 43.1261 0 2
-11.2639 43.1081 0 2
-11.3697 43.0741 0 2
-11.4755 43.0399 0 2
-11.5755 42.99 0 2
-11.6796 42.9432 0 2
-11.7847 42.8993 0 2
-11.8826 42.8402 0 2
-11.984 42.7819 0 2
-12.088 42.7276 0 2
-12.1913 42.6756 0 2
-12.2853 42.6084 0 2
-12.3812 42.5415 0 2
-12.4771 42.476 0 2
-12.5618 42.3964 0 2
-12.6493 42.3161 0 2
-12.7395 42.2379 0 2
-12.8287 42.1609 0 2
-12.9045 42.0706 0 2
-12.9818 41.9785 0 2
-13.0615 41.8874 0 2
-13.1424 41.799 0 2
-13.2221 41.7132 0 2
-13.2872 41.6162 0 2
-13.3535 41.5192 0 2
-13.4198 41.424 0 2
-13.4707 41.3196 0 2
-13.5238 41.214 0 2
-13.5804 41.1104 0 2
-13.637 41.0091 0 2
-13.6783 40.9005 0 2
-13.7253 40.7926 0 2
-13.7943 40.6986 0 2
-13.9046 40.6834 0 2
-14.0118 40.6949 0 2
-14.1141 40.7169 0 2
-14.2128 40.7445 0 2
-14.3088 40.7763 0 2
-14.4026 40.8114 0 2
-14.4951 40.8493 0 2
-14.5867 40.8893 0 2
-14.6777 40.9306 0 2
-14.7684 40.9724 0 2
-14.8594 41.0138 0 2
-14.951 41.0538 0 2
-15.0436 41.0915 0 2
-15.1375 41.1258 0 2
-15.233 41.1554 0 2
-15.3302 41.179 0 2
-15.4289 41.1952 0 2
-15.5286 41.2024 0 2
-15.6285 41.1992 0 2
-15.7272 41.1839 0 2
-15.8229 41.1553 0 2
-15.9131 41.1123 0 2
-15.9946 41.0546 0 2
-16.0639 40.9828 0 2
-16.1174 40.8986 0 2
-16.1519 40.8051 0 2
-16.1648 40.7062 0 2
-16.1552 40.607 0 2
-16.1235 40.5125 0 2
-16.0721 40.4272 0 2
-16.004 40.3543 0 2
-15.9234 40.2956 0 2
-15.834 40.2513 0 2
-15.7391 40.2203 0 2
-15.6413 40.2004 0 2
-15.5421 40.1888 0 2
-15.4424 40.1823 0 2
-15.3427 40.1777 0 2
-15.243 40.1714 0 2
-15.1438 40.16 0 2
-15.0461 40.1398 0 2
-14.9517 40.1078 0 2
-14.8631 40.0612 0 2
-14.783 39.9996 0 2
-14.7126 39.9249 0 2
-14.6522 39.8388 0 2
-14.6048 39.7413 0 2
-14.5867 39.6307 0 2
-14.6752 39.5447 0 2
-14.7755 39.4779 0 2
-14.8681 39.402 0 2
-14.9615 39.3271 0 2
-15.0543 39.2552 0 2
-15.1364 39.1718 0 2
-15.221 39.0901 0 2
-15.3068 39.0128 0 2
-15.381 38.9249 0 2
-15.4552 38.8367 0 2
-15.5167 38.7388 0 2
-15.5828 38.641 0 2
-15.6506 38.5447 0 2
-15.7047 38.4397 0 2
-15.7619 38.3334 0 2
-15.8224 38.2286 0 2
-15.8831 38.126 0 2
-15.9286 38.016 0 2
-15.9756 37.9052 0 2
-16.0231 37.7958 0 2
-16.0547 37.6806 0 2
-16.0881 37.5637 0 2
-16.1247 37.4477 0 2
-16.1619 37.334 0 2
-16.1826 37.2163 0 2
-16.2045 37.0975 0 2
-16.227 36.9799 0 2
-16.2325 36.86 0 2
-16.2392 36.7378 0 2
-16.2485 36.6152 0 2
-16.2577 36.4941 0 2
-16.2491 36.3727 0 2
-16.24 36.2489 0 2
-16.2326 36.1241 0 2
-16.2301 35.9998 0 2
-16.2498 35.8798 0 2
-16.3409 35.8147 0 2
-16.4404 35.7718 0 2
-16.5392 35.7358 0 2
-16.6359 35.7007 0 2
-16.7305 35.6641 0 2
-16.823 35.625 0 2
-16.914 35.5833 0 2
-17.004 35.5395 0 2
-17.0932 35.4939 0 2
-17.1816 35.447 0 2
-17.2693 35.3988 0 2
-17.3565 35.3495 0 2
-17.443 35.299 0 2
-17.5286 35.2472 0 2
-17.6133 35.1938 0 2
-17.6967 35.1384 0 2
-17.7784 35.0805 0 2
-17.8578 35.0195 0 2
-17.9342 34.9549 0 2
-18.0067 34.8858 0 2
-18.074 34.8118 0 2
-18.1346 34.7321 0 2
-18.1867 34.6467 0 2
-18.2279 34.5556 0 2
-18.2558 34.4596 0 2
-18.2677 34.3605 0 2
-18.2614 34.2608 0 2
-18.2351 34.1646 0 2
-18.1885 34.0765 0 2
-18.1227 34.0016 0 2
-18.041 33.9446 0 2
-17.9481 33.9088 0 2
-17.8493 33.8955 0 2
-17.75 33.9039 0 2
-17.6542 33.9316 0 2
-17.5644 33.9751 0 2
-17.4814 34.0306 0 2
-17.4045 34.0944 0 2
-17.3321 34.1632 0 2
-17.2616 34.2341 0 2
-17.1902 34.3041 0 2
-17.1154 34.3702 0 2
-17.0346 34.429 0 2
-16.9467 34.4761 0 2
-16.8514 34.5069 0 2
-16.7509 34.5184 0 2
-16.6485 34.5107 0 2
-16.5465 34.4849 0 2
-16.4476 34.4401 0 2
-16.3641 34.3651 0 2
-16.381 34.2372 0 2
-16.4174 34.1146 0 2
-16.4558 33.9964 0 2
-16.4785 33.8748 0 2
-16.5012 33.7527 0 2
-16.5237 33.6323 0 2
-16.53 33.5102 0 2
-16.537 33.3865 0 2
-16.5471 33.2634 0 2
-16.5591 33.1432 0 2
-16.5546 33.023 0 2
-16.5483 32.9028 0 2
-16.5253 32.7841 0 2
-16.5038 32.6619 0 2
-16.4848 32.5384 0 2
-16.4656 32.4161 0 2
-16.4296 32.2973 0 2
-16.3924 32.1762 0 2
-16.3556 32.0542 0 2
-16.3172 31.9334 0 2
-16.2617 31.8192 0 2
-16.203 31.7025 0 2
-16.1419 31.5845 0 2
-16.0776 31.4666 0 2
-16.0096 31.3496 0 2
-15.9377 31.2343 0 2
-15.8621 31.1213 0 2
-15.7829 31.0106 0 2
-15.7005 30.9023 0 2
-15.6169 30.7953 0 2
-15.5446 30.6814 0 2
-15.5739 30.5683 0 2
-15.6186 30.4649 0 2
-15.6608 30.3645 0 2
-15.6951 30.2638 0 2
-15.7195 30.162 0 2
-15.7345 30.0594 0 2
-15.7417 29.9566 0 2
-15.7438 29.8535 0 2
-15.7421 29.7504 0 2
-15.737 29.6474 0 2
-15.7278 29.5448 0 2
-15.7128 29.4428 0 2
-15.6893 29.3426 0 2
-15.6522 29.2463 0 2
-15.5988 29.1576 0 2
-15.5286 29.0801 0 2
-15.4438 29.0161 0 2
-15.348 28.9644 0 2
