-14.2358 28.0371 0 1
-14.1312 27.9836 0 1
-14.0793 27.8737 0 1
-14.0613 27.7513 0 1
-14.0481 27.6297 0 1
-14.0341 27.5096 0 1
-14.0191 27.3907 0 1
-14.004 27.2733 0 1
-13.9901 27.1574 0 1
-13.9794 27.0436 0 1
-13.97 26.9334 0 1
-13.9399 26.8276 0 1
-13.9113 26.7212 0 1
-13.8853 26.616 0 1
-13.8406 26.5172 0 1
-13.7983 26.4159 0 1
-13.7634 26.3121 0 1
-13.7328 26.2091 0 1
-13.6846 26.1133 0 1
-13.6389 26.0154 0 1
-13.5965 25.917 0 1
-13.5374 25.8275 0 1
-13.4807 25.7341 0 1
-13.431 25.6367 0 1
-13.385 25.5392 0 1
-13.3226 25.4514 0 1
-13.2622 25.3603 0 1
-13.2089 25.2652 0 1
-13.1605 25.1698 0 1
-13.0963 25.0844 0 1
-13.0344 24.9962 0 1
-12.976 24.9068 0 1
-12.9028 24.8288 0 1
-12.8314 24.7464 0 1
-12.7663 24.6586 0 1
-12.7049 24.5698 0 1
-12.6285 24.4937 0 1
-12.5524 24.4145 0 1
-12.4774 24.3341 0 1
-12.3875 24.2693 0 1
-12.2947 24.2014 0 1
-12.2007 24.1298 0 1
-12.1047 24.0562 0 1
-12.0071 23.9799 0 1
-11.9207 23.89 0 1
-11.8471 23.7924 0 1
-11.8291 23.6735 0 1
-11.8122 23.5594 0 1
-11.7812 23.4522 0 1
-11.731 23.355 0 1
-11.6614 23.272 0 1
-11.5746 23.2072 0 1
-11.4751 23.162 0 1
-11.3675 23.1341 0 1
-11.2548 23.1166 0 1
-11.1397 23.0915 0 1
-11.0595 23.0052 0 1
-10.9975 22.9049 0 1
-10.9444 22.8013 0 1
-10.8959 22.6991 0 1
-10.8317 22.6063 0 1
-10.7693 22.5118 0 1
-10.7102 22.417 0 1
-10.6368 22.3327 0 1
-10.565 22.2447 0 1
-10.4988 22.1527 0 1
-10.4371 22.0603 0 1
-10.3617 21.9789 0 1
-10.2879 21.8945 0 1
-10.2175 21.809 0 1
-10.1344 21.7355 0 1
-10.0524 21.6578 0 1
-9.97572 21.575 0 1
-9.90337 21.4912 0 1
-9.81889 21.4198 0 1
-9.73583 21.3451 0 1
-9.6561 21.2686 0 1
-9.5653 21.2054 0 1
-9.47534 21.1377 0 1
-9.39031 21.064 0 1
-9.30968 20.9884 0 1
-9.2184 20.9264 0 1
-9.12832 20.8608 0 1
-9.04141 20.7929 0 1
-8.94486 20.7393 0 1
-8.84867 20.6811 0 1
-8.75659 20.6163 0 1
-8.66862 20.5493 0 1
-8.5714 20.497 0 1
-8.4749 20.4409 0 1
-8.38117 20.3823 0 1
-8.27928 20.3391 0 1
-8.17703 20.2913 0 1
-8.07775 20.2368 0 1
-7.98153 20.1801 0 1
-7.87751 20.1397 0 1
-7.77284 20.096 0 1
-7.66901 20.0505 0 1
-7.55839 20.0233 0 1
-7.44418 19.9934 0 1
-7.32787 19.9598 0 1
-7.20982 19.9239 0 1
-7.09126 19.8823 0 1
-6.9894 19.8113 0 1
-6.94993 19.7005 0 1
-6.91884 19.5921 0 1
-6.87967 19.4905 0 1
-6.82688 19.3982 0 1
-6.75917 19.3185 0 1
-6.67827 19.2537 0 1
-6.58752 19.2045 0 1
-6.49028 19.1706 0 1
-6.38925 19.151 0 1
-6.28628 19.1465 0 1
-6.18352 19.1589 0 1
-6.08342 19.1888 0 1
-5.98791 19.235 0 1
-5.89693 19.2944 0 1
-5.80671 19.3613 0 1
-5.70662 19.4212 0 1
-5.58167 19.4044 0 1
-5.46358 19.3536 0 1
-5.35017 19.2981 0 1
-5.24053 19.2414 0 1
-5.13477 19.1859 0 1
-5.02206 19.1478 0 1
-4.90896 19.1086 0 1
-4.7983 19.0653 0 1
-4.69089 19.0205 0 1
-4.57811 18.9924 0 1
-4.46449 18.9617 0 1
-4.3518 18.9296 0 1
-4.23503 18.9153 0 1
-4.11494 18.8988 0 1
-3.99302 18.8789 0 1
-3.87062 18.8547 0 1
-3.75159 18.8168 0 1
-3.66175 18.7324 0 1
-3.57392 18.6516 0 1
-3.47941 18.5835 0 1
-3.37709 18.5314 0 1
-3.26861 18.4966 0 1
-3.15621 18.4797 0 1
-3.04203 18.4808 0 1
-2.92793 18.4994 0 1
-2.81443 18.532 0 1
-2.69827 18.5684 0 1
-2.57294 18.5659 0 1
-2.45011 18.5256 0 1
-2.3313 18.4786 0 1
-2.2158 18.4299 0 1
-2.10395 18.3818 0 1
-1.98661 18.351 0 1
-1.86866 18.3191 0 1
-1.75264 18.2834 0 1
-1.6397 18.2462 0 1
-1.52275 18.2254 0 1
-1.40474 18.2024 0 1
-1.28737 18.1778 0 1
-1.16724 18.1705 0 1
-1.04354 18.1615 0 1
-0.917764 18.1498 0 1
-0.790791 18.1366 0 1
-0.66353 18.1208 0 1
-0.538786 18.0925 0 1
-0.439852 18.0166 0 1
-0.342888 17.9444 0 1
-0.240667 17.8851 0 1
-0.132763 17.8413 0 1
-0.0204996 17.8139 0 1
0.0944184 17.8027 0 1
0.210243 17.808 0 1
0.325521 17.8297 0 1
0.439888 17.8651 0 1
0.556489 17.9047 0 1
0.68345 17.9075 0 1
0.80904 17.8735 0 1
0.930033 17.8321 0 1
1.04704 17.7904 0 1
1.16846 17.7655 0 1
1.29071 17.7401 0 1
1.41156 17.7116 0 1
1.52981 17.6822 0 1
1.65092 17.6692 0 1
1.77367 17.6545 0 1
1.89588 17.636 0 1
2.01604 17.6162 0 1
2.1378 17.6131 0 1
2.26183 17.6085 0 1
2.38638 17.6007 0 1
2.50986 17.5924 0 1
2.63357 17.6003 0 1
2.76109 17.6007 0 1
2.88159 17.564 0 1
2.98272 17.4941 0 1
3.08267 17.4286 0 1
3.18708 17.3757 0 1
3.29643 17.3381 0 1
3.40945 17.3164 0 1
3.52458 17.3109 0 1
3.64012 17.3215 0 1
3.7548 17.3478 0 1
3.8687 17.3866 0 1
3.98611 17.4264 0 1
4.11398 17.4088 0 1
4.24012 17.3775 0 1
4.36544 17.3434 0 1
4.48948 17.3086 0 1
4.61114 17.2727 0 1
4.72941 17.2371 0 1
4.8513 17.2185 0 1
4.97396 17.199 0 1
5.09535 17.176 0 1
5.21401 17.1515 0 1
5.33479 17.1435 0 1
5.45706 17.1337 0 1
5.57905 17.1228 0 1
5.70182 17.1293 0 1
5.82869 17.1348 0 1
5.95828 17.1376 0 1
6.08949 17.1337 0 1
6.2112 17.0954 0 1
6.31277 17.025 0 1
6.4134 16.9597 0 1
6.51851 16.9071 0 1
6.62846 16.8699 0 1
6.74197 16.8483 0 1
6.85752 16.8426 0 1
6.97356 16.8525 0 1
7.08897 16.8775 0 1
7.20383 16.9148 0 1
7.3222 16.9528 0 1
7.45035 16.9333 0 1
7.57658 16.9001 0 1
7.70173 16.8643 0 1
7.82545 16.8276 0 1
7.94647 16.7897 0 1
8.06353 16.7516 0 1
8.18439 16.7299 0 1
8.30536 16.707 0 1
8.42453 16.6827 0 1
8.54596 16.6747 0 1
8.66968 16.6645 0 1
8.79373 16.6507 0 1
8.91662 16.6363 0 1
9.0405 16.6391 0 1
9.16769 16.6412 0 1
9.29679 16.6412 0 1
9.42671 16.6379 0 1
9.55522 16.6214 0 1
9.66102 16.554 0 1
9.76411 16.4891 0 1
9.87101 16.4364 0 1
9.98219 16.3983 0 1
10.0966 16.3753 0 1
10.213 16.3673 0 1
10.3299 16.3745 0 1
10.4463 16.397 0 1
10.5618 16.4326 0 1
10.6794 16.4727 0 1
10.8084 16.4762 0 1
10.9382 16.4443 0 1
11.0649 16.4068 0 1
11.1883 16.3679 0 1
11.3074 16.329 0 1
11.4301 16.3063 0 1
11.5528 16.2828 0 1
11.6734 16.2581 0 1
11.7963 16.2493 0 1
11.9212 16.2385 0 1
12.046 16.2242 0 1
12.169 16.2088 0 1
12.2931 16.2096 0 1
12.4195 16.2093 0 1
12.5466 16.2063 0 1
12.6728 16.2031 0 1
12.7986 16.2157 0 1
12.9283 16.2213 0 1
13.0523 16.1906 0 1
13.1583 16.1263 0 1
13.2632 16.0665 0 1
13.3717 16.019 0 1
13.4841 15.9862 0 1
13.5993 15.9684 0 1
13.716 15.9659 0 1
13.8328 15.9787 0 1
13.9486 16.0068 0 1
14.0634 16.0474 0 1
14.1813 16.09 0 1
14.3116 16.0778 0 1
14.4412 16.0532 0 1
14.5705 16.0268 0 1
14.6992 16.0009 0 1
14.8266 15.9752 0 1
14.9513 15.9486 0 1
15.0721 15.9219 0 1
15.1952 15.912 0 1
15.3184 15.9013 0 1
15.4401 15.8895 0 1
15.5623 15.8942 0 1
15.687 15.8974 0 1
15.8126 15.8977 0 1
15.9374 15.8978 0 1
16.0612 15.9151 0 1
16.1888 15.9318 0 1
16.3193 15.9408 0 1
16.4437 15.9138 0 1
16.5502 15.852 0 1
16.6552 15.7946 0 1
16.7636 15.75 0 1
16.8756 15.7207 0 1
16.9901 15.7073 0 1
17.1056 15.7098 0 1
17.2204 15.728 0 1
17.3335 15.7612 0 1
17.445 15.8071 0 1
17.5599 15.8541 0 1
17.6888 15.845 0 1
17.8168 15.8224 0 1
17.9442 15.7974 0 1
18.0702 15.7718 0 1
18.1938 15.7451 0 1
18.3134 15.7182 0 1
18.4354 15.7083 0 1
18.5576 15.6975 0 1
18.6781 15.6855 0 1
18.7992 15.6903 0 1
18.9228 15.6935 0 1
19.047 15.6934 0 1
19.1701 15.6928 0 1
19.2923 15.7097 0 1
19.4176 15.7267 0 1
19.5449 15.742 0 1
19.6733 15.7539 0 1
19.8016 15.7517 0 1
19.9112 15.6941 0 1
20.0174 15.6376 0 1
20.1262 15.5933 0 1
20.2383 15.5638 0 1
20.3525 15.5501 0 1
20.4673 15.5525 0 1
20.5811 15.5712 0 1
20.6927 15.6055 0 1
20.802 15.6529 0 1
20.9133 15.7045 0 1
21.0396 15.7197 0 1
21.1699 15.6989 0 1
21.2977 15.6722 0 1
21.4229 15.6445 0 1
21.5445 15.6174 0 1
21.6684 15.608 0 1
21.7932 15.5986 0 1
21.9168 15.5863 0 1
22.0379 15.573 0 1
22.1594 15.5764 0 1
22.2825 15.5788 0 1
22.4051 15.5803 0 1
22.5265 15.5991 0 1
22.6517 15.6175 0 1
22.7791 15.6347 0 1
22.9076 15.6513 0 1
23.0365 15.6652 0 1
23.1649 15.6647 0 1
23.2728 15.6065 0 1
23.3766 15.5485 0 1
23.4831 15.5019 0 1
23.5931 15.4698 0 1
23.7057 15.4541 0 1
23.8191 15.4556 0 1
23.9315 15.4745 0 1
24.0414 15.5095 0 1
24.1489 15.5579 0 1
24.2586 15.6102 0 1
24.3826 15.6253 0 1
24.5087 15.6031 0 1
24.631 15.5734 0 1
24.7496 15.5438 0 1
24.8711 15.5324 0 1
24.9934 15.5213 0 1
25.1148 15.5075 0 1
25.2337 15.4931 0 1
25.3534 15.4965 0 1
25.4747 15.499 0 1
25.5958 15.4977 0 1
25.7147 15.4948 0 1
25.8327 15.5093 0 1
25.9524 15.5229 0 1
26.072 15.5358 0 1
26.1887 15.5663 0 1
26.3095 15.5958 0 1
26.4344 15.6165 0 1
26.5559 15.5973 0 1
26.6597 15.538 0 1
26.7605 15.4809 0 1
26.8645 15.4358 0 1
26.9725 15.407 0 1
27.0832 15.3968 0 1
27.1941 15.4058 0 1
27.303 15.4334 0 1
27.4084 15.4774 0 1
27.511 15.5336 0 1
27.6184 15.5891 0 1
27.7433 15.5839 0 1
27.8678 15.5632 0 1
27.9918 15.5395 0 1
28.1148 15.5154 0 1
28.2358 15.4904 0 1
28.3536 15.4662 0 1
28.4735 15.4608 0 1
28.5944 15.4552 0 1
28.7143 15.4464 0 1
28.8318 15.4362 0 1
28.9493 15.444 0 1
29.0683 15.4507 0 1
29.1867 15.4566 0 1
29.3031 15.4808 0 1
29.423 15.5048 0 1
29.5451 15.5267 0 1
29.6687 15.5443 0 1
29.7929 15.5456 0 1
29.8982 15.4865 0 1
29.9985 15.4265 0 1
30.1019 15.3784 0 1
30.2094 15.3464 0 1
30.3199 15.3332 0 1
30.4308 15.3395 0 1
30.5396 15.3648 0 1
30.6447 15.4068 0 1
30.7468 15.4614 0 1
30.8518 15.5183 0 1
30.974 15.5351 0 1
31.1004 15.5128 0 1
31.2244 15.484 0 1
31.3459 15.4539 0 1
31.4642 15.4251 0 1
31.5851 15.4152 0 1
31.7072 15.4057 0 1
31.8285 15.3937 0 1
31.9477 15.3815 0 1
32.0673 15.3877 0 1
32.1888 15.3935 0 1
32.3109 15.3966 0 1
32.4316 15.3999 0 1
32.5504 15.4219 0 1
32.6722 15.4445 0 1
32.7957 15.4656 0 1
32.9202 15.4831 0 1
33.0449 15.4843 0 1
33.1497 15.4249 0 1
33.2493 15.3643 0 1
33.352 15.3151 0 1
33.4589 15.2819 0 1
33.5689 15.2671 0 1
33.6796 15.2719 0 1
33.7884 15.2962 0 1
33.8935 15.3376 0 1
33.9953 15.3922 0 1
34.1 15.4497 0 1
34.2214 15.4674 0 1
34.3464 15.4461 0 1
34.4685 15.4178 0 1
34.5877 15.3876 0 1
34.703 15.358 0 1
34.821 15.3473 0 1
34.939 15.3361 0 1
35.0552 15.3241 0 1
35.1719 15.3302 0 1
35.2906 15.3348 0 1
35.4094 15.3352 0 1
35.5262 15.3341 0 1
35.6417 15.351 0 1
35.759 15.3672 0 1
35.8762 15.383 0 1
35.9899 15.417 0 1
36.1077 15.4503 0 1
36.2299 15.4745 0 1
36.3499 15.4574 0 1
36.4525 15.3985 0 1
36.5516 15.3411 0 1
36.654 15.296 0 1
36.7607 15.2681 0 1
36.8701 15.2605 0 1
36.9791 15.2739 0 1
37.0848 15.3071 0 1
37.1857 15.3572 0 1
37.2836 15.419 0 1
37.3869 15.4795 0 1
37.5107 15.4784 0 1
37.6348 15.4615 0 1
37.7589 15.4421 0 1
37.8826 15.4233 0 1
38.0053 15.4048 0 1
38.1257 15.3855 0 1
38.2425 15.3666 0 1
38.3603 15.3671 0 1
38.4786 15.3674 0 1
38.5954 15.367 0 1
38.7109 15.3852 0 1
38.8288 15.4028 0 1
38.9478 15.4174 0 1
39.0658 15.4324 0 1
39.18 15.4665 0 1
39.2976 15.5007 0 1
39.4193 15.526 0 1
39.5385 15.5093 0 1
39.6396 15.4493 0 1
39.7367 15.3901 0 1
39.8373 15.3432 0 1
39.9427 15.3139 0 1
40.0511 15.3055 0 1
40.1589 15.3198 0 1
40.2628 15.3549 0 1
40.3614 15.4073 0 1
40.4568 15.4711 0 1
40.5584 15.5327 0 1
40.6805 15.5312 0 1
40.8025 15.5127 0 1
40.924 15.491 0 1
41.0445 15.4688 0 1
41.1627 15.4454 0 1
41.2776 15.4225 0 1
41.3942 15.419 0 1
41.5113 15.4154 0 1
41.627 15.4112 0 1
41.7418 15.4259 0 1
41.8591 15.4398 0 1
41.9771 15.4505 0 1
42.0939 15.4614 0 1
42.2074 15.4919 0 1
42.3237 15.5235 0 1
42.4419 15.5535 0 1
42.5615 15.5792 0 1
42.6824 15.5864 0 1
42.7845 15.5275 0 1
42.8797 15.4651 0 1
42.9778 15.4135 0 1
43.0811 15.3795 0 1
43.1881 15.3671 0 1
43.2953 15.3774 0 1
43.3988 15.4097 0 1
43.4968 15.4605 0 1
43.5907 15.5238 0 1
43.6883 15.5885 0 1
43.806 15.6102 0 1
43.9285 15.59 0 1
44.0484 15.562 0 1
44.1656 15.5323 0 1
44.2799 15.5042 0 1
44.3969 15.4966 0 1
44.5148 15.4895 0 1
44.6319 15.4795 0 1
44.7466 15.4688 0 1
44.8613 15.4775 0 1
44.9775 15.4857 0 1
45.093 15.4938 0 1
45.2058 15.5218 0 1
45.3219 15.5506 0 1
45.4403 15.5782 0 1
45.5595 15.6052 0 1
45.6794 15.6287 0 1
45.8 15.6336 0 1
45.8996 15.5715 0 1
45.9918 15.5056 0 1
46.087 15.4504 0 1
46.1884 15.413 0 1
46.2944 15.3979 0 1
46.401 15.4068 0 1
46.504 15.4385 0 1
46.6014 15.489 0 1
46.6947 15.5517 0 1
46.7922 15.6151 0 1
46.9091 15.6331 0 1
47.0283 15.6069 0 1
47.143 15.5713 0 1
47.2543 15.5358 0 1
47.3697 15.5204 0 1
47.486 15.5054 0 1
47.6011 15.4872 0 1
47.7136 15.4684 0 1
47.8274 15.4688 0 1
47.9423 15.4686 0 1
48.0561 15.4676 0 1
48.1686 15.4861 0 1
48.2838 15.5038 0 1
48.4001 15.5182 0 1
48.5154 15.5332 0 1
48.6268 15.5683 0 1
48.7414 15.6036 0 1
48.8606 15.6293 0 1
48.9772 15.6105 0 1
49.0739 15.5463 0 1
49.1662 15.4823 0 1
49.2627 15.4306 0 1
49.3651 15.3977 0 1
49.4714 15.388 0 1
49.5772 15.4027 0 1
49.6782 15.4403 0 1
49.7729 15.4959 0 1
49.8645 15.5623 0 1
49.9638 15.6247 0 1
50.084 15.6203 0 1
50.2036 15.5973 0 1
50.3226 15.5711 0 1
50.4409 15.5444 0 1
50.5574 15.5173 0 1
50.6711 15.4918 0 1
50.7871 15.4871 0 1
50.9042 15.4829 0 1
51.0207 15.4756 0 1
51.1347 15.4676 0 1
51.2484 15.4792 0 1
51.3632 15.4906 0 1
51.4774 15.5019 0 1
51.5882 15.5332 0 1
51.7022 15.5652 0 1
51.8184 15.5951 0 1
51.9361 15.6202 0 1
52.0553 15.6259 0 1
52.1545 15.5639 0 1
52.2458 15.4975 0 1
52.3401 15.4414 0 1
52.4408 15.4032 0 1
52.5462 15.388 0 1
52.6523 15.3976 0 1
52.7544 15.4309 0 1
52.8502 15.4834 0 1
52.9418 15.5483 0 1
53.0377 15.6138 0 1
53.1543 15.634 0 1
53.2751 15.6108 0 1
53.393 15.5794 0 1
53.5085 15.5466 0 1
53.6214 15.5157 0 1
53.7375 15.5059 0 1
53.8548 15.4969 0 1
53.9716 15.4856 0 1
54.0864 15.4746 0 1
54.2012 15.484 0 1
54.3178 15.4939 0 1
54.4348 15.5012 0 1
54.5505 15.5092 0 1
54.6631 15.538 0 1
54.7781 15.5685 0 1
54.8948 15.5976 0 1
55.0128 15.6225 0 1
55.1322 15.6284 0 1
55.2321 15.5672 0 1
55.3243 15.5018 0 1
55.4196 15.4471 0 1
55.521 15.4105 0 1
55.6268 15.3968 0 1
55.7329 15.4077 0 1
55.8347 15.442 0 1
55.9303 15.4953 0 1
56.0215 15.5609 0 1
56.1171 15.6269 0 1
56.2338 15.648 0 1
56.3549 15.6259 0 1
56.4729 15.5953 0 1
56.588 15.5626 0 1
56.6997 15.531 0 1
56.8146 15.5194 0 1
56.9298 15.5081 0 1
57.0433 15.4965 0 1
57.1573 15.5043 0 1
57.2731 15.5113 0 1
57.3892 15.5143 0 1
57.5032 15.5162 0 1
57.6152 15.5375 0 1
57.7289 15.5586 0 1
57.8421 15.5797 0 1
57.9505 15.6202 0 1
58.0628 15.6603 0 1
58.1802 15.6899 0 1
58.2963 15.674 0 1
58.3923 15.6101 0 1
58.4828 15.5451 0 1
58.5773 15.4916 0 1
58.6783 15.4572 0 1
58.7836 15.4467 0 1
58.8884 15.4621 0 1
58.9877 15.5017 0 1
59.0799 15.5599 0 1
59.1687 15.6288 0 1
59.2658 15.6935 0 1
59.3846 15.6909 0 1
59.5028 15.6695 0 1
59.6206 15.6447 0 1
59.7376 15.6198 0 1
59.853 15.5946 0 1
59.9659 15.5715 0 1
60.0807 15.5703 0 1
60.1967 15.5702 0 1
60.3124 15.5676 0 1
60.4263 15.5654 0 1
60.5386 15.5844 0 1
60.6526 15.6041 0 1
60.7673 15.6214 0 1
60.8806 15.6396 0 1
60.9891 15.6787 0 1
61.1006 15.7186 0 1
61.2168 15.7483 0 1
61.3315 15.731 0 1
61.4248 15.6644 0 1
61.5119 15.5961 0 1
61.6036 15.5396 0 1
61.7027 15.5029 0 1
61.807 15.4919 0 1
61.9105 15.5088 0 1
62.0078 15.5507 0 1
62.0974 15.6113 0 1
62.1837 15.6819 0 1
62.2794 15.7468 0 1
62.3971 15.7409 0 1
62.5137 15.7146 0 1
62.6294 15.6845 0 1
62.7442 15.6538 0 1
62.857 15.6223 0 1
62.9668 15.5923 0 1
63.0798 15.5834 0 1
63.1933 15.5748 0 1
63.3056 15.5665 0 1
63.4177 15.5788 0 1
63.532 15.5908 0 1
63.6469 15.5996 0 1
63.7606 15.6091 0 1
63.8708 15.6401 0 1
63.9833 15.6728 0 1
64.0975 15.7041 0 1
64.2131 15.7304 0 1
64.3303 15.7357 0 1
64.4252 15.6697 0 1
64.5106 15.5981 0 1
64.5992 15.5363 0 1
64.6959 15.4929 0 1
64.799 15.4744 0 1
64.9033 15.484 0 1
65.0028 15.5195 0 1
65.0949 15.5752 0 1
65.1825 15.6429 0 1
65.2762 15.7088 0 1
65.3912 15.7254 0 1
65.5084 15.6956 0 1
65.622 15.6569 0 1
65.733 15.6167 0 1
65.8414 15.5788 0 1
65.9546 15.5622 0 1
66.0688 15.5464 0 1
66.1819 15.5275 0 1
66.2925 15.5082 0 1
66.4046 15.5093 0 1
66.5177 15.51 0 1
66.6298 15.5104 0 1
66.7401 15.531 0 1
66.8529 15.5515 0 1
66.9667 15.569 0 1
67.0795 15.5873 0 1
67.1881 15.6244 0 1
67.3023 15.6532 0 1
67.4163 15.6351 0 1
67.5101 15.569 0 1
67.5984 15.5021 0 1
67.6916 15.4474 0 1
67.7919 15.4123 0 1
67.8967 15.402 0 1
68.0009 15.4181 0 1
68.0996 15.4583 0 1
68.191 15.517 0 1
68.2794 15.5857 0 1
68.377 15.6487 0 1
68.4965 15.6416 0 1
68.6153 15.6155 0 1
68.7338 15.5863 0 1
68.8524 15.5579 0 1
68.9701 15.5301 0 1
69.0858 15.5018 0 1
69.1982 15.4751 0 1
69.3132 15.469 0 1
69.4287 15.4635 0 1
69.5429 15.4581 0 1
69.6564 15.4728 0 1
69.7722 15.4875 0 1
69.8889 15.4995 0 1
70.0043 15.5125 0 1
70.1161 15.546 0 1
70.2309 15.58 0 1
70.3498 15.6042 0 1
70.4652 15.5835 0 1
70.5588 15.5161 0 1
70.6472 15.448 0 1
70.74 15.3916 0 1
70.8399 15.3542 0 1
70.9449 15.3406 0 1
71.0501 15.3528 0 1
71.1507 15.3893 0 1
71.2448 15.4445 0 1
71.3359 15.5103 0 1
71.4353 15.5713 0 1
71.5542 15.5637 0 1
71.6719 15.5373 0 1
71.789 15.5077 0 1
71.9054 15.478 0 1
72.0201 15.4482 0 1
72.1322 15.4205 0 1
72.2472 15.4143 0 1
72.3633 15.409 0 1
72.4787 15.4008 0 1
72.5917 15.3922 0 1
72.7044 15.4039 0 1
72.8182 15.4158 0 1
72.9312 15.4278 0 1
73.0407 15.4603 0 1
73.153 15.4939 0 1
73.2674 15.5257 0 1
73.3834 15.5525 0 1
73.501 15.5586 0 1
73.5973 15.4942 0 1
73.6849 15.4248 0 1
73.7758 15.3655 0 1
73.874 15.3247 0 1
73.978 15.308 0 1
74.0828 15.3183 0 1
74.1828 15.3535 0 1
74.2758 15.4086 0 1
74.3645 15.4757 0 1
74.4587 15.5418 0 1
74.5741 15.5603 0 1
74.6927 15.5338 0 1
74.8081 15.4987 0 1
74.9211 15.4623 0 1
75.0314 15.4282 0 1
75.1458 15.4156 0 1
75.2612 15.4039 0 1
75.3758 15.3895 0 1
75.4882 15.3749 0 1
75.6011 15.3809 0 1
75.7153 15.387 0 1
75.8289 15.3936 0 1
75.9398 15.4213 0 1
76.0537 15.4505 0 1
76.1697 15.4789 0 1
76.2865 15.507 0 1
76.404 15.5316 0 1
76.5226 15.537 0 1
76.6207 15.474 0 1
76.7106 15.4066 0 1
76.8037 15.3498 0 1
76.9035 15.3116 0 1
77.0084 15.2976 0 1
77.1135 15.3095 0 1
77.214 15.3454 0 1
77.3076 15.4003 0 1
77.3972 15.467 0 1
77.492 15.5328 0 1
77.6082 15.5514 0 1
77.728 15.5257 0 1
77.8446 15.4913 0 1
77.9582 15.4549 0 1
78.0685 15.4199 0 1
78.1828 15.4051 0 1
78.2974 15.3906 0 1
78.4103 15.3761 0 1
78.5242 15.3813 0 1
78.64 15.3858 0 1
78.7559 15.3865 0 1
78.8698 15.3863 0 1
78.9819 15.4058 0 1
79.0957 15.4253 0 1
79.2089 15.4451 0 1
79.3176 15.4846 0 1
79.43 15.5237 0 1
79.5475 15.5525 0 1
79.6632 15.5355 0 1
79.7581 15.4704 0 1
79.8474 15.4041 0 1
79.9409 15.3492 0 1
80.0412 15.3134 0 1
80.1461 15.3017 0 1
80.2508 15.3162 0 1
80.3502 15.355 0 1
80.4427 15.4125 0 1
80.5319 15.4805 0 1
80.6295 15.5439 0 1
80.7482 15.5384 0 1
80.8659 15.5139 0 1
80.9831 15.4859 0 1
81.0997 15.458 0 1
81.2147 15.4299 0 1
81.3272 15.404 0 1
81.4422 15.4 0 1
81.5585 15.3971 0 1
81.6744 15.3919 0 1
81.7886 15.3874 0 1
81.9016 15.404 0 1
82.0163 15.4215 0 1
82.1317 15.4368 0 1
82.2457 15.4532 0 1
82.3552 15.4906 0 1
82.4677 15.5289 0 1
82.5847 15.5574 0 1
82.6999 15.5399 0 1
82.7943 15.4743 0 1
82.8831 15.4076 0 1
82.9763 15.353 0 1
83.0766 15.3181 0 1
83.1814 15.3082 0 1
83.2854 15.3251 0 1
83.3835 15.3662 0 1
83.4743 15.4256 0 1
83.562 15.4951 0 1
83.6589 15.5589 0 1
83.7776 15.5526 0 1
83.8952 15.5266 0 1
84.0121 15.497 0 1
84.1282 15.4671 0 1
84.2423 15.4363 0 1
84.3533 15.407 0 1
84.4672 15.3985 0 1
84.5818 15.3903 0 1
84.6952 15.3824 0 1
84.8082 15.3947 0 1
84.9235 15.4068 0 1
85.0395 15.416 0 1
85.1541 15.4259 0 1
85.2654 15.4568 0 1
85.3789 15.4895 0 1
85.4941 15.5209 0 1
85.6107 15.5477 0 1
85.7287 15.5541 0 1
85.825 15.4899 0 1
85.9122 15.4198 0 1
86.0024 15.3595 0 1
86.1 15.3174 0 1
86.2038 15.2995 0 1
86.3086 15.3084 0 1
86.409 15.3425 0 1
86.5025 15.3967 0 1
86.5915 15.4631 0 1
86.6861 15.5286 0 1
86.8015 15.5461 0 1
86.9194 15.5184 0 1
87.0338 15.482 0 1
87.1453 15.4438 0 1
87.2536 15.4073 0 1
87.3662 15.3918 0 1
87.4793 15.3767 0 1
87.5908 15.3616 0 1
87.7034 15.3671 0 1
87.8178 15.3722 0 1
87.9325 15.3739 0 1
88.0456 15.3756 0 1
88.1566 15.3983 0 1
88.2695 15.4216 0 1
88.3833 15.4425 0 1
88.4957 15.4643 0 1
88.6035 15.5047 0 1
88.717 15.5368 0 1
88.8311 15.5209 0 1
88.9249 15.4553 0 1
89.0129 15.3883 0 1
89.1054 15.3332 0 1
89.2052 15.298 0 1
89.3097 15.2883 0 1
89.4132 15.3063 0 1
89.5103 15.349 0 1
89.5995 15.4104 0 1
89.6853 15.4817 0 1
89.7808 15.5475 0 1
89.8996 15.5431 0 1
90.0179 15.5192 0 1
90.136 15.4924 0 1
90.2541 15.4663 0 1
90.3715 15.4409 0 1
90.4868 15.4153 0 1
90.5989 15.3913 0 1
90.7131 15.3886 0 1
90.8278 15.3865 0 1
90.9413 15.3847 0 1
91.0533 15.4034 0 1
91.1676 15.4222 0 1
91.2828 15.4384 0 1
91.3968 15.4556 0 1
91.506 15.4938 0 1
91.6184 15.5329 0 1
91.7353 15.5625 0 1
91.851 15.5465 0 1
91.9469 15.4828 0 1
92.0377 15.4186 0 1
92.1331 15.367 0 1
92.2347 15.3354 0 1
92.3401 15.3282 0 1
92.4442 15.3471 0 1
92.5422 15.3894 0 1
92.6327 15.4499 0 1
92.7199 15.5205 0 1
92.816 15.5863 0 1
92.9353 15.5834 0 1
93.0543 15.5614 0 1
93.1729 15.536 0 1
93.2909 15.5106 0 1
93.4072 15.485 0 1
93.5209 15.4615 0 1
93.6367 15.4593 0 1
93.7535 15.458 0 1
93.8697 15.454 0 1
93.9837 15.4495 0 1
94.0965 15.4652 0 1
94.2105 15.481 0 1
94.3237 15.497 0 1
94.4327 15.5331 0 1
94.5445 15.5704 0 1
94.6583 15.606 0 1
94.7739 15.6368 0 1
94.8917 15.6469 0 1
94.9897 15.5854 0 1
95.0785 15.5176 0 1
95.1701 15.4594 0 1
95.2686 15.4194 0 1
95.3727 15.4036 0 1
95.4773 15.4148 0 1
95.5769 15.4512 0 1
95.6689 15.5077 0 1
95.756 15.5766 0 1
95.8484 15.6453 0 1
95.9629 15.6671 0 1
96.0817 15.6443 0 1
96.1973 15.6128 0 1
96.3106 15.5801 0 1
96.421 15.5498 0 1
96.5349 15.5416 0 1
96.6497 15.5346 0 1
96.7636 15.5244 0 1
96.8751 15.5138 0 1
96.9864 15.5239 0 1
97.0987 15.5339 0 1
97.21 15.5435 0 1
97.3178 15.5735 0 1
97.428 15.6035 0 1
97.5394 15.6306 0 1
97.6497 15.6583 0 1
97.7544 15.7042 0 1
97.8654 15.7416 0 1
97.9792 15.7298 0 1
98.0736 15.6659 0 1
98.1612 15.5991 0 1
98.2532 15.5436 0 1
98.3526 15.5088 0 1
98.4568 15.5006 0 1
98.5594 15.5212 0 1
98.6547 15.5675 0 1
98.7412 15.6325 0 1
98.8243 15.7074 0 1
98.918 15.7765 0 1
99.0391 15.7727 0 1
99.1536 15.7333 0 1
99.2626 15.691 0 1
99.3767 15.6697 0 1
99.4918 15.6507 0 1
99.6057 15.6304 0 1
99.7174 15.6114 0 1
99.8304 15.6143 0 1
99.9448 15.6178 0 1
100.059 15.618 0 1
100.171 15.6179 0 1
100.281 15.6386 0 1
100.393 15.6599 0 1
100.503 15.6816 0 1
100.609 15.7239 0 1
100.718 15.7663 0 1
100.832 15.7977 0 1
100.946 15.7811 0 1
101.038 15.7136 0 1
101.123 15.6437 0 1
101.213 15.5851 0 1
101.311 15.5468 0 1
101.414 15.5356 0 1
101.517 15.554 0 1
101.613 15.5984 0 1
101.7 15.6617 0 1
101.783 15.7346 0 1
101.877 15.801 0 1
101.994 15.795 0 1
102.11 15.768 0 1
102.225 15.7371 0 1
102.339 15.706 0 1
102.452 15.6746 0 1
102.563 15.6457 0 1
102.676 15.6388 0 1
102.791 15.633 0 1
102.905 15.6243 0 1
103.017 15.6157 0 1
103.129 15.6281 0 1
103.242 15.641 0 1
103.354 15.6546 0 1
103.462 15.6897 0 1
103.573 15.7265 0 1
103.688 15.7616 0 1
103.805 15.7875 0 1
103.919 15.7673 0 1
104.011 15.6983 0 1
104.096 15.6279 0 1
104.186 15.5693 0 1
104.285 15.5309 0 1
104.388 15.5187 0 1
104.492 15.5349 0 1
104.589 15.5765 0 1
104.679 15.6368 0 1
104.765 15.707 0 1
104.861 15.7712 0 1
104.979 15.7634 0 1
105.094 15.7351 0 1
105.209 15.7029 0 1
105.323 15.6702 0 1
105.436 15.6369 0 1
105.545 15.6051 0 1
105.658 15.5945 0 1
105.771 15.5844 0 1
105.883 15.5746 0 1
105.995 15.5855 0 1
106.11 15.5963 0 1
106.224 15.604 0 1
106.338 15.6125 0 1
106.449 15.6426 0 1
106.561 15.6745 0 1
106.676 15.7051 0 1
106.791 15.731 0 1
106.909 15.736 0 1
107.004 15.6703 0 1
107.09 15.5994 0 1
107.18 15.5385 0 1
107.277 15.4962 0 1
107.38 15.4786 0 1
107.485 15.4887 0 1
107.584 15.5246 0 1
107.676 15.5805 0 1
107.764 15.6484 0 1
107.858 15.7149 0 1
107.973 15.7328 0 1
108.09 15.7048 0 1
108.204 15.6678 0 1
108.315 15.6289 0 1
108.423 15.5917 0 1
108.536 15.5753 0 1
108.649 15.5593 0 1
108.76 15.5434 0 1
108.873 15.5481 0 1
108.987 15.5523 0 1
109.102 15.553 0 1
109.215 15.5539 0 1
109.326 15.5756 0 1
109.439 15.598 0 1
109.553 15.618 0 1
109.666 15.6389 0 1
109.774 15.6783 0 1
109.888 15.7093 0 1
110.002 15.6923 0 1
110.095 15.6258 0 1
110.182 15.5579 0 1
110.274 15.5018 0 1
110.374 15.4656 0 1
110.478 15.4549 0 1
110.582 15.4717 0 1
110.679 15.5134 0 1
110.769 15.5739 0 1
110.856 15.6447 0 1
110.951 15.7103 0 1
111.07 15.706 0 1
111.188 15.6821 0 1
111.306 15.6552 0 1
111.423 15.629 0 1
111.54 15.6034 0 1
111.655 15.5775 0 1
111.767 15.5531 0 1
111.881 15.5501 0 1
111.995 15.5477 0 1
112.108 15.5454 0 1
112.22 15.5638 0 1
112.334 15.5822 0 1
112.449 15.5979 0 1
112.562 15.6145 0 1
112.671 15.6521 0 1
112.783 15.6904 0 1
112.9 15.7187 0 1
113.015 15.7006 0 1
113.109 15.634 0 1
113.196 15.5662 0 1
113.289 15.5103 0 1
113.388 15.4743 0 1
113.493 15.4636 0 1
113.597 15.4802 0 1
113.695 15.5215 0 1
113.785 15.5813 0 1
113.872 15.6513 0 1
113.968 15.7161 0 1
114.086 15.7108 0 1
114.203 15.6856 0 1
114.319 15.6566 0 1
114.435 15.6271 0 1
114.548 15.5968 0 1
114.658 15.5678 0 1
114.772 15.56 0 1
114.886 15.5525 0 1
114.998 15.5451 0 1
115.11 15.5582 0 1
115.225 15.5711 0 1
115.34 15.5807 0 1
115.454 15.591 0 1
115.564 15.6225 0 1
115.677 15.6558 0 1
115.791 15.6877 0 1
115.907 15.7148 0 1
116.024 15.7212 0 1
116.121 15.6571 0 1
116.208 15.5877 0 1
116.299 15.5283 0 1
116.397 15.4875 0 1
116.501 15.4711 0 1
116.606 15.4817 0 1
116.705 15.5176 0 1
116.798 15.5733 0 1
116.886 15.6411 0 1
116.98 15.7077 0 1
117.095 15.7261 0 1
117.213 15.6989 0 1
117.329 15.6628 0 1
117.442 15.6253 0 1
117.552 15.59 0 1
117.666 15.576 0 1
117.782 15.5628 0 1
117.896 15.5468 0 1
118.009 15.5305 0 1
118.122 15.5347 0 1
118.236 15.5389 0 1
118.35 15.5435 0 1
118.462 15.5691 0 1
118.577 15.5959 0 1
118.694 15.6219 0 1
118.811 15.6476 0 1
118.93 15.6698 0 1
119.049 15.6733 0 1
119.147 15.6096 0 1
119.237 15.5416 0 1
119.33 15.4842 0 1
119.429 15.4452 0 1
119.534 15.43 0 1
119.64 15.4403 0 1
119.741 15.4741 0 1
119.836 15.5269 0 1
119.928 15.5915 0 1
120.024 15.6551 0 1
120.14 15.6713 0 1
120.259 15.6424 0 1
120.373 15.604 0 1
120.484 15.566 0 1
120.599 15.5478 0 1
120.716 15.5304 0 1
120.832 15.5107 0 1
120.946 15.4913 0 1
121.061 15.4917 0 1
121.178 15.4919 0 1
121.295 15.4888 0 1
121.41 15.4849 0 1
121.523 15.5004 0 1
121.639 15.5159 0 1
121.753 15.5315 0 1
121.864 15.5665 0 1
121.979 15.601 0 1
122.098 15.6252 0 1
122.214 15.6048 0 1
122.309 15.5385 0 1
122.399 15.4718 0 1
122.494 15.4169 0 1
122.595 15.3808 0 1
122.7 15.368 0 1
122.806 15.3801 0 1
122.908 15.4156 0 1
123.003 15.4693 0 1
123.096 15.5339 0 1
123.197 15.5943 0 1
123.316 15.5874 0 1
123.435 15.5621 0 1
123.553 15.5335 0 1
123.67 15.5047 0 1
123.786 15.4754 0 1
123.899 15.448 0 1
124.014 15.4416 0 1
124.131 15.4357 0 1
124.247 15.4268 0 1
124.361 15.4172 0 1
124.474 15.4275 0 1
124.589 15.4376 0 1
124.703 15.4477 0 1
124.814 15.4779 0 1
124.928 15.5089 0 1
125.044 15.5378 0 1
125.161 15.562 0 1
125.281 15.5667 0 1
125.379 15.504 0 1
125.47 15.437 0 1
125.564 15.3805 0 1
125.665 15.342 0 1
125.77 15.3264 0 1
125.876 15.3357 0 1
125.978 15.3687 0 1
126.074 15.4208 0 1
126.166 15.4852 0 1
126.263 15.55 0 1
126.38 15.5695 0 1
126.501 15.5458 0 1
126.619 15.5139 0 1
126.735 15.4807 0 1
126.848 15.4495 0 1
126.964 15.4392 0 1
127.082 15.4299 0 1
127.199 15.4183 0 1
127.314 15.407 0 1
127.43 15.4161 0 1
127.547 15.4255 0 1
127.664 15.4325 0 1
127.78 15.4401 0 1
127.894 15.4684 0 1
128.009 15.4983 0 1
128.127 15.5268 0 1
128.245 15.5512 0 1
128.365 15.5567 0 1
128.465 15.4951 0 1
128.557 15.4295 0 1
128.652 15.3747 0 1
128.754 15.3377 0 1
128.86 15.3234 0 1
128.966 15.3332 0 1
129.069 15.366 0 1
129.165 15.4177 0 1
129.258 15.4817 0 1
129.355 15.5463 0 1
129.472 15.5662 0 1
129.593 15.5428 0 1
129.71 15.5108 0 1
129.825 15.4766 0 1
129.936 15.4434 0 1
130.051 15.4301 0 1
130.166 15.4168 0 1
130.279 15.403 0 1
130.393 15.4085 0 1
130.509 15.4129 0 1
130.625 15.4132 0 1
130.74 15.4123 0 1
130.852 15.4306 0 1
130.967 15.4485 0 1
131.081 15.4665 0 1
131.191 15.504 0 1
131.304 15.5413 0 1
131.423 15.5691 0 1
131.541 15.5539 0 1
131.642 15.4944 0 1
131.738 15.4361 0 1
131.839 15.3904 0 1
131.944 15.3631 0 1
132.051 15.3578 0 1
132.158 15.3751 0 1
132.259 15.4138 0 1
132.355 15.4699 0 1
132.447 15.537 0 1
132.546 15.601 0 1
132.669 15.6002 0 1
132.792 15.582 0 1
132.914 15.5612 0 1
133.037 15.541 0 1
133.159 15.5213 0 1
133.278 15.5008 0 1
133.395 15.4811 0 1
133.512 15.4809 0 1
133.63 15.4809 0 1
133.746 15.4804 0 1
133.861 15.4988 0 1
133.979 15.5169 0 1
134.097 15.5322 0 1
134.215 15.5482 0 1
134.328 15.5834 0 1
134.445 15.6188 0 1
134.566 15.6452 0 1
134.684 15.6285 0 1
134.783 15.567 0 1
134.877 15.505 0 1
134.975 15.4549 0 1
135.079 15.4229 0 1
135.186 15.4128 0 1
135.293 15.4257 0 1
135.396 15.4603 0 1
135.493 15.5128 0 1
135.587 15.5765 0 1
135.688 15.6374 0 1
135.809 15.6336 0 1
135.929 15.6122 0 1
136.049 15.5875 0 1
136.167 15.5622 0 1
136.284 15.5357 0 1
136.397 15.51 0 1
136.512 15.5044 0 1
136.627 15.4986 0 1
136.742 15.4923 0 1
136.856 15.5053 0 1
136.972 15.5176 0 1
137.089 15.5264 0 1
137.204 15.5355 0 1
137.317 15.5647 0 1
137.433 15.5951 0 1
137.55 15.6238 0 1
137.669 15.648 0 1
137.789 15.6534 0 1
137.889 15.5924 0 1
137.982 15.5276 0 1
138.078 15.4737 0 1
138.18 15.4375 0 1
138.287 15.4235 0 1
138.394 15.433 0 1
138.497 15.4651 0 1
138.594 15.5157 0 1
138.688 15.5787 0 1
138.786 15.6422 0 1
138.904 15.6613 0 1
139.026 15.6377 0 1
139.145 15.606 0 1
139.261 15.5727 0 1
139.375 15.541 0 1
139.491 15.5294 0 1
139.609 15.5183 0 1
139.726 15.5043 0 1
139.841 15.4897 0 1
139.956 15.4943 0 1
140.073 15.4984 0 1
140.189 15.5023 0 1
140.303 15.526 0 1
140.421 15.5504 0 1
140.541 15.5736 0 1
140.662 15.5963 0 1
140.783 15.6156 0 1
140.905 15.6174 0 1
141.005 15.5549 0 1
141.099 15.4898 0 1
141.196 15.4359 0 1
141.299 15.3995 0 1
141.406 15.3845 0 1
141.514 15.3924 0 1
141.618 15.422 0 1
141.718 15.4697 0 1
141.814 15.5298 0 1
141.914 15.5908 0 1
142.032 15.6077 0 1
142.153 15.5815 0 1
142.269 15.5459 0 1
142.381 15.5102 0 1
142.498 15.4938 0 1
142.616 15.4775 0 1
142.732 15.458 0 1
142.846 15.4375 0 1
142.961 15.4355 0 1
143.077 15.4324 0 1
143.193 15.4281 0 1
143.307 15.4424 0 1
143.425 15.4557 0 1
143.543 15.4656 0 1
143.661 15.476 0 1
143.776 15.506 0 1
143.894 15.5363 0 1
144.016 15.5581 0 1
144.136 15.5396 0 1
144.239 15.4806 0 1
144.338 15.4241 0 1
144.442 15.3803 0 1
144.549 15.354 0 1
144.659 15.3478 0 1
144.768 15.3624 0 1
144.873 15.3963 0 1
144.974 15.4466 0 1
145.073 15.5081 0 1
145.176 15.5679 0 1
145.301 15.5651 0 1
145.425 15.546 0 1
145.55 15.524 0 1
145.673 15.5016 0 1
145.795 15.4785 0 1
145.913 15.4564 0 1
146.033 15.4531 0 1
146.155 15.4499 0 1
146.276 15.4438 0 1
146.394 15.4368 0 1
146.512 15.4478 0 1
146.632 15.4582 0 1
146.751 15.4684 0 1
146.867 15.4972 0 1
146.988 15.5265 0 1
147.111 15.5541 0 1
147.237 15.5744 0 1
147.358 15.5551 0 1
147.46 15.495 0 1
147.559 15.4369 0 1
147.662 15.3913 0 1
147.769 15.3624 0 1
147.879 15.3526 0 1
147.989 15.3631 0 1
148.096 15.3925 0 1
148.198 15.4387 0 1
148.297 15.4974 0 1
148.399 15.5586 0 1
148.52 15.5802 0 1
148.646 15.5627 0 1
148.769 15.5381 0 1
148.89 15.5122 0 1
149.007 15.4875 0 1
149.127 15.4822 0 1
149.248 15.4775 0 1
149.369 15.47 0 1
149.487 15.4623 0 1
149.605 15.4732 0 1
149.725 15.4838 0 1
149.845 15.4916 0 1
149.964 15.4995 0 1
150.081 15.5262 0 1
150.2 15.5538 0 1
150.322 15.5798 0 1
150.444 15.6019 0 1
150.568 15.6074 0 1
150.674 15.5511 0 1
150.775 15.4934 0 1
150.878 15.4474 0 1
150.986 15.4178 0 1
151.096 15.4073 0 1
151.206 15.417 0 1
151.313 15.4463 0 1
151.415 15.4925 0 1
151.515 15.5511 0 1
151.617 15.6118 0 1
151.738 15.6323 0 1
151.863 15.6131 0 1
151.986 15.5865 0 1
152.106 15.5578 0 1
152.222 15.5295 0 1
152.341 15.5197 0 1
152.46 15.5092 0 1
152.576 15.4978 0 1
152.694 15.504 0 1
152.813 15.5087 0 1
152.933 15.5092 0 1
153.05 15.5079 0 1
153.167 15.5244 0 1
153.285 15.54 0 1
153.403 15.555 0 1
153.518 15.588 0 1
153.637 15.6202 0 1
153.761 15.6437 0 1
153.882 15.6274 0 1
153.988 15.5714 0 1
154.091 15.5178 0 1
154.197 15.4772 0 1
154.306 15.4533 0 1
154.417 15.4482 0 1
154.528 15.4622 0 1
154.635 15.4941 0 1
154.739 15.5419 0 1
154.84 15.6012 0 1
154.946 15.6596 0 1
155.072 15.6576 0 1
155.198 15.6401 0 1
155.324 15.6197 0 1
155.449 15.5988 0 1
155.571 15.5771 0 1
155.691 15.5561 0 1
155.813 15.5535 0 1
155.936 15.551 0 1
156.058 15.5457 0 1
156.178 15.54 0 1
156.298 15.5522 0 1
156.42 15.564 0 1
156.543 15.5733 0 1
156.665 15.583 0 1
156.784 15.6109 0 1
156.907 15.6388 0 1
157.033 15.659 0 1
157.156 15.6412 0 1
157.264 15.5856 0 1
157.369 15.5336 0 1
157.477 15.4948 0 1
157.588 15.472 0 1
157.701 15.4669 0 1
157.813 15.4796 0 1
157.923 15.5092 0 1
158.03 15.5539 0 1
158.134 15.6106 0 1
158.242 15.6673 0 1
158.369 15.6658 0 1
158.497 15.6494 0 1
158.624 15.6303 0 1
158.749 15.6104 0 1
158.873 15.5892 0 1
158.992 15.5677 0 1
159.113 15.5638 0 1
159.235 15.5589 0 1
159.355 15.5529 0 1
159.475 15.564 0 1
159.597 15.5738 0 1
159.72 15.5803 0 1
159.843 15.5865 0 1
159.963 15.6104 0 1
160.086 15.6346 0 1
160.212 15.6574 0 1
160.339 15.6769 0 1
160.466 15.6824 0 1
160.579 15.6314 0 1
160.688 15.5815 0 1
160.799 15.5441 0 1
160.913 15.5224 0 1
161.028 15.5167 0 1
161.142 15.5274 0 1
161.254 15.5543 0 1
161.362 15.5965 0 1
161.468 15.6515 0 1
161.576 15.7106 0 1
161.701 15.734 0 1
161.832 15.7214 0 1
161.961 15.7028 0 1
162.088 15.6828 0 1
162.212 15.6632 0 1
162.336 15.6612 0 1
162.461 15.659 0 1
162.586 15.6539 0 1
162.708 15.6475 0 1
162.829 15.6576 0 1
162.953 15.6667 0 1
163.075 15.6749 0 1
163.196 15.7001 0 1
163.321 15.7251 0 1
163.448 15.7489 0 1
163.576 15.7723 0 1
163.706 15.7934 0 1
163.835 15.8013 0 1
163.95 15.7536 0 1
164.062 15.7072 0 1
164.175 15.6731 0 1
164.29 15.6537 0 1
164.406 15.6498 0 1
164.521 15.6615 0 1
164.634 15.6889 0 1
164.744 15.7316 0 1
164.85 15.7873 0 1
164.958 15.8474 0 1
165.083 15.8733 0 1
165.214 15.8633 0 1
165.341 15.8459 0 1
165.465 15.8277 0 1
165.59 15.8267 0 1
165.715 15.8256 0 1
165.84 15.8214 0 1
165.961 15.8154 0 1
166.082 15.8256 0 1
166.205 15.8341 0 1
166.326 15.8408 0 1
166.446 15.8636 0 1
166.569 15.885 0 1
166.693 15.9035 0 1
166.817 15.9218 0 1
166.937 15.9569 0 1
167.061 15.9919 0 1
167.189 16.02 0 1
167.317 16.0125 0 1
167.434 15.9695 0 1
167.548 15.9312 0 1
167.664 15.9061 0 1
167.781 15.8965 0 1
167.897 15.9023 0 1
168.012 15.9231 0 1
168.123 15.9588 0 1
168.231 16.009 0 1
168.336 16.0711 0 1
168.443 16.1354 0 1
168.574 16.1475 0 1
168.705 16.147 0 1
168.837 16.1441 0 1
168.968 16.1408 0 1
169.096 16.1362 0 1
169.221 16.1313 0 1
169.346 16.1434 0 1
169.471 16.155 0 1
169.596 16.1635 0 1
169.719 16.17 0 1
169.84 16.1926 0 1
169.962 16.2139 0 1
170.084 16.2339 0 1
170.203 16.2701 0 1
170.325 16.306 0 1
170.45 16.3401 0 1
170.577 16.371 0 1
170.706 16.3883 0 1
170.825 16.3492 0 1
170.94 16.3113 0 1
171.056 16.2855 0 1
171.173 16.2746 0 1
171.289 16.2788 0 1
171.404 16.298 0 1
171.516 16.3324 0 1
171.624 16.3818 0 1
171.727 16.444 0 1
171.832 16.5115 0 1
171.956 16.5476 0 1
172.088 16.5501 0 1
172.219 16.5466 0 1
172.348 16.5412 0 1
172.473 16.5356 0 1
172.597 16.5475 0 1
172.722 16.559 0 1
172.846 16.5673 0 1
172.968 16.5736 0 1
173.088 16.5962 0 1
173.21 16.6174 0 1
173.331 16.6374 0 1
173.449 16.6738 0 1
173.571 16.71 0 1
173.696 16.745 0 1
173.822 16.7793 0 1
173.949 16.811 0 1
174.077 16.8293 0 1
174.196 16.7906 0 1
174.311 16.7529 0 1
174.427 16.7275 0 1
174.543 16.7173 0 1
174.659 16.7226 0 1
174.773 16.7433 0 1
174.884 16.7794 0 1
174.99 16.8306 0 1
175.092 16.8946 0 1
175.195 16.9636 0 1
175.318 17.0005 0 1
175.449 17.0031 0 1
175.58 16.9989 0 1
175.707 16.9922 0 1
175.83 16.9844 0 1
175.952 16.9938 0 1
176.075 17.002 0 1
176.196 17.0083 0 1
176.316 17.0307 0 1
176.437 17.0515 0 1
176.56 17.0682 0 1
176.681 17.0831 0 1
176.799 17.1142 0 1
176.92 17.1445 0 1
177.043 17.1719 0 1
177.165 17.1986 0 1
177.282 17.2408 0 1
177.405 17.2768 0 1
177.532 17.2757 0 1
177.65 17.2379 0 1
177.765 17.2043 0 1
177.881 17.1839 0 1
177.998 17.1791 0 1
178.113 17.19 0 1
178.226 17.2164 0 1
178.335 17.2584 0 1
178.44 17.3149 0 1
178.54 17.3833 0 1
178.643 17.4539 0 1
178.772 17.4732 0 1
178.903 17.4794 0 1
179.033 17.4829 0 1
179.163 17.4854 0 1
179.291 17.4862 0 1
179.416 17.4864 0 1
179.539 17.5036 0 1
179.664 17.5204 0 1
179.789 17.5339 0 1
179.912 17.5458 0 1
180.032 17.5741 0 1
180.154 17.6016 0 1
180.278 17.6262 0 1
180.401 17.6503 0 1
180.52 17.691 0 1
180.643 17.7314 0 1
180.77 17.7648 0 1
180.898 17.7619 0 1
181.016 17.7229 0 1
181.132 17.6885 0 1
181.248 17.6675 0 1
181.365 17.6624 0 1
181.481 17.6735 0 1
181.595 17.7008 0 1
181.704 17.7438 0 1
181.809 17.802 0 1
181.908 17.873 0 1
182.008 17.9482 0 1
182.134 17.9768 0 1
182.263 17.9935 0 1
182.391 18.0078 0 1
182.517 18.0207 0 1
182.642 18.031 0 1
182.763 18.0394 0 1
182.881 18.0649 0 1
183 18.0888 0 1
183.118 18.1104 0 1
183.232 18.1481 0 1
183.348 18.1843 0 1
183.467 18.2165 0 1
183.584 18.2474 0 1
183.697 18.2947 0 1
183.813 18.3423 0 1
183.931 18.3879 0 1
184.052 18.4295 0 1
184.176 18.4564 0 1
184.295 18.424 0 1
184.41 18.3918 0 1
184.526 18.3725 0 1
184.641 18.3695 0 1
184.755 18.3833 0 1
184.865 18.4144 0 1
184.969 18.4629 0 1
185.066 18.5278 0 1
185.155 18.6066 0 1
185.244 18.6923 0 1
185.354 18.7524 0 1
185.479 18.7807 0 1
185.603 18.8019 0 1
185.725 18.8197 0 1
185.842 18.8357 0 1
185.955 18.8697 0 1
186.069 18.9025 0 1
186.182 18.9329 0 1
186.289 18.9799 0 1
186.4 19.0255 0 1
186.512 19.0671 0 1
186.625 19.1076 0 1
186.73 19.1653 0 1
186.839 19.2243 0 1
186.952 19.2822 0 1
187.069 19.3354 0 1
187.194 19.355 0 1
187.296 19.2975 0 1
187.388 19.2331 0 1
187.481 19.1765 0 1
187.578 19.1334 0 1
187.679 19.1071 0 1
187.783 19.0983 0 1
187.886 19.1059 0 1
187.987 19.128 0 1
188.083 19.1638 0 1
188.174 19.2142 0 1
188.254 19.28 0 1
188.321 19.3605 0 1
188.373 19.4535 0 1
188.41 19.556 0 1
188.439 19.6653 0 1
188.476 19.7773 0 1
188.576 19.8513 0 1
188.693 19.8969 0 1
188.81 19.9368 0 1
188.926 19.9744 0 1
189.039 20.0082 0 1
189.149 20.0392 0 1
189.252 20.0883 0 1
189.355 20.1355 0 1
189.458 20.1795 0 1
189.553 20.2394 0 1
189.65 20.2972 0 1
189.751 20.3484 0 1
189.852 20.3951 0 1
189.944 20.4568 0 1
190.039 20.5162 0 1
190.134 20.5718 0 1
190.221 20.6417 0 1
190.311 20.7095 0 1
190.405 20.771 0 1
190.5 20.8278 0 1
190.585 20.8986 0 1
190.673 20.9673 0 1
190.763 21.0323 0 1
190.841 21.1105 0 1
190.924 21.187 0 1
191.012 21.2577 0 1
191.101 21.3238 0 1
191.179 21.4028 0 1
191.26 21.48 0 1
191.343 21.5538 0 1
191.413 21.6397 0 1
191.488 21.7246 0 1
191.568 21.8045 0 1
191.649 21.8802 0 1
191.718 21.9675 0 1
191.79 22.0538 0 1
191.863 22.1371 0 1
191.923 22.231 0 1
191.987 22.3247 0 1
192.057 22.4144 0 1
192.129 22.5004 0 1
192.186 22.5964 0 1
192.247 22.6922 0 1
192.31 22.7861 0 1
192.357 22.889 0 1
192.408 22.9931 0 1
192.469 23.0936 0 1
192.549 23.179 0 1
192.664 23.198 0 1
192.777 23.2066 0 1
192.885 23.2233 0 1
192.987 23.2564 0 1
193.079 23.3092 0 1
193.156 23.3817 0 1
193.214 23.4711 0 1
193.25 23.5727 0 1
193.268 23.6817 0 1
193.273 23.7961 0 1
193.281 23.9156 0 1
193.351 24.0172 0 1
193.444 24.0997 0 1
193.536 24.1797 0 1
193.626 24.2605 0 1
193.714 24.3418 0 1
193.8 24.4231 0 1
193.884 24.5034 0 1
193.969 24.5812 0 1
194.055 24.6546 0 1
194.139 24.7243 0 1
194.207 24.8086 0 1
194.277 24.8917 0 1
194.348 24.9718 0 1
194.403 25.0636 0 1
194.463 25.1545 0 1
194.529 25.2402 0 1
194.597 25.3214 0 1
194.65 25.4133 0 1
194.707 25.504 0 1
194.766 25.5919 0 1
194.809 25.6889 0 1
194.857 25.7856 0 1
194.913 25.878 0 1
194.972 25.9664 0 1
195.014 26.0635 0 1
195.06 26.1601 0 1
195.109 26.2544 0 1
195.14 26.3561 0 1
195.176 26.4583 0 1
195.22 26.5576 0 1
195.267 26.6537 0 1
195.296 26.7565 0 1
195.327 26.8597 0 1
195.362 26.9613 0 1
195.377 27.0679 0 1
195.395 27.1763 0 1
195.421 27.2841 0 1
195.447 27.3908 0 1
195.452 27.501 0 1
195.458 27.6144 0 1
195.467 27.7296 0 1
195.48 27.846 0 1
195.499 27.9629 0 1
195.541 28.0738 0 1
195.652 28.1021 0 1
195.762 28.101 0 2
195.867 28.0884 0 2
195.968 28.0702 0 2
196.067 28.0496 0 2
196.165 28.0303 0 2
196.263 28.0157 0 2
196.363 28.0096 0 2
196.462 28.0154 0 2
196.56 28.0359 0 2
196.652 28.0729 0 2
196.736 28.1268 0 2
196.807 28.1966 0 2
196.862 28.2796 0 2
196.899 28.3721 0 2
196.917 28.4701 0 2
196.917 28.5698 0 2
196.9 28.6681 0 2
196.868 28.7628 0 2
196.825 28.8529 0 2
196.773 28.938 0 2
196.714 29.0184 0 2
196.649 29.0947 0 2
196.581 29.168 0 2
196.511 29.2394 0 2
196.441 29.3099 0 2
196.37 29.3807 0 2
196.301 29.453 0 2
196.233 29.5281 0 2
196.168 29.6071 0 2
196.106 29.6918 0 2
196.052 29.7851 0 2
196.023 29.8921 0 2
196.085 29.9932 0 2
196.168 30.0798 0 2
196.254 30.1611 0 2
196.328 30.2525 0 2
196.404 30.3438 0 2
196.48 30.433 0 2
196.544 30.5315 0 2
196.61 30.6299 0 2
196.677 30.7259 0 2
196.73 30.83 0 2
196.786 30.934 0 2
196.844 31.0354 0 2
196.888 31.1435 0 2
196.935 31.2513 0 2
196.984 31.3557 0 2
197.019 31.4657 0 2
197.054 31.5761 0 2
197.073 31.6906 0 2
197.097 31.8069 0 2
197.122 31.9227 0 2
197.131 32.0412 0 2
197.143 32.1622 0 2
197.157 32.2833 0 2
197.172 32.4026 0 2
197.171 32.5228 0 2
197.17 32.6445 0 2
197.169 32.7654 0 2
197.151 32.8852 0 2
197.134 33.0079 0 2
197.118 33.1316 0 2
197.101 33.2544 0 2
197.066 33.3735 0 2
197.03 33.4957 0 2
196.994 33.62 0 2
196.959 33.7458 0 2
196.942 33.875 0 2
197.026 33.9505 0 2
197.125 33.9964 0 2
197.227 34.0232 0 2
197.329 34.0314 0 2
197.43 34.0191 0 2
197.524 33.986 0 2
197.61 33.935 0 2
197.687 33.8716 0 2
197.757 33.8005 0 2
197.823 33.7255 0 2
197.889 33.6499 0 2
197.957 33.5766 0 2
198.03 33.509 0 2
198.111 33.4507 0 2
198.2 33.406 0 2
198.296 33.3793 0 2
198.396 33.3744 0 2
198.494 33.3937 0 2
198.583 33.4373 0 2
198.659 33.5024 0 2
198.715 33.5844 0 2
198.75 33.6777 0 2
198.764 33.7765 0 2
198.759 33.8762 0 2
198.735 33.9734 0 2
198.698 34.066 0 2
198.649 34.1532 0 2
198.59 34.2345 0 2
198.525 34.3104 0 2
198.454 34.3813 0 2
198.38 34.4481 0 2
198.302 34.5114 0 2
198.222 34.572 0 2
198.141 34.6303 0 2
198.058 34.687 0 2
197.975 34.7423 0 2
197.891 34.7964 0 2
197.806 34.8495 0 2
197.72 34.9016 0 2
197.634 34.9524 0 2
197.547 35.0017 0 2
197.458 35.0489 0 2
197.369 35.0934 0 2
197.277 35.1346 0 2
197.183 35.1723 0 2
197.087 35.2073 0 2
196.988 35.243 0 2
196.889 35.2856 0 2
196.799 35.351 0 2
196.781 35.4689 0 2
196.789 35.5891 0 2
196.8 35.7077 0 2
196.796 35.8268 0 2
196.794 35.9477 0 2
196.795 36.0682 0 2
196.799 36.186 0 2
196.786 36.3027 0 2
196.771 36.4194 0 2
196.741 36.5333 0 2
196.712 36.6507 0 2
196.687 36.7696 0 2
196.663 36.8873 0 2
196.623 37.0004 0 2
196.583 37.1155 0 2
196.544 37.2301 0 2
196.488 37.3382 0 2
196.431 37.4494 0 2
196.374 37.5623 0 2
196.318 37.6754 0 2
196.26 37.7864 0 2
196.186 37.8873 0 2
196.108 37.9896 0 2
196.028 38.0927 0 2
195.946 38.1953 0 2
195.862 38.2963 0 2
195.776 38.3952 0 2
195.688 38.4921 0 2
195.601 38.5871 0 2
195.515 38.6788 0 2
195.416 38.7573 0 2
195.316 38.8381 0 2
195.23 38.9334 0 2
195.255 39.0433 0 2
195.31 39.1377 0 2
195.378 39.218 0 2
195.457 39.2828 0 2
195.548 39.3274 0 2
195.646 39.3482 0 2
195.745 39.3454 0 2
195.843 39.3232 0 2
195.935 39.2864 0 2
196.024 39.2399 0 2
196.109 39.1881 0 2
196.194 39.1346 0 2
196.28 39.0832 0 2
196.368 39.0376 0 2
196.462 39.0017 0 2
196.559 38.9794 0 2
196.658 38.9747 0 2
196.757 38.9906 0 2
196.849 39.0289 0 2
196.928 39.0887 0 2
196.99 39.1668 0 2
197.03 39.2582 0 2
197.046 39.3567 0 2
197.038 39.4561 0 2
197.008 39.5516 0 2
196.961 39.6395 0 2
196.899 39.718 0 2
196.826 39.7861 0 2
196.745 39.8442 0 2
196.657 39.8927 0 2
196.565 39.9328 0 2
196.471 39.9656 0 2
196.374 39.9922 0 2
196.276 40.0135 0 2
196.178 40.0307 0 2
196.079 40.0443 0 2
195.979 40.0553 0 2
195.879 40.0639 0 2
195.78 40.0708 0 2
195.68 40.0761 0 2
195.58 40.08 0 2
195.48 40.0825 0 2
195.379 40.0836 0 2
195.279 40.0832 0 2
195.179 40.0808 0 2
195.079 40.0762 0 2
194.979 40.0687 0 2
194.879 40.0583 0 2
194.777 40.0459 0 2
194.673 40.0343 0 2
194.565 40.0299 0 2
194.455 40.0501 0 2
194.388 40.1473 0 2
194.342 40.2578 0 2
194.303 40.3702 0 2
194.267 40.4807 0 2
194.215 40.5843 0 2
194.165 40.6892 0 2
194.117 40.7935 0 2
194.054 40.8895 0 2
193.992 40.9879 0 2
193.934 41.0867 0 2
193.861 41.1758 0 2
193.79 41.2676 0 2
193.72 41.3599 0 2
193.637 41.4408 0 2
193.554 41.5247 0 2
193.474 41.6117 0 2
193.395 41.6983 0 2
193.305 41.7718 0 2
193.213 41.8469 0 2
193.123 41.9221 0 2
193.021 41.9823 0 2
192.917 42.0444 0 2
192.814 42.1089 0 2
192.711 42.1745 0 2
192.608 42.2381 0 2
192.497 42.2843 0 2
192.383 42.3303 0 2
192.268 42.3772 0 2
192.154 42.4245 0 2
192.041 42.4721 0 2
191.93 42.5179 0 2
191.814 42.5457 0 2
191.696 42.5736 0 2
191.58 42.6077 0 2
191.475 42.664 0 2
191.447 42.7717 0 2
191.449 42.8794 0 2
191.467 42.9823 0 2
191.499 43.0795 0 2
191.545 43.1694 0 2
191.603 43.2507 0 2
191.671 43.3231 0 2
191.748 43.3876 0 2
191.829 43.4461 0 2
191.912 43.5006 0 2
191.997 43.5537 0 2
192.081 43.6079 0 2
192.162 43.6656 0 2
192.24 43.729 0 2
192.31 43.7997 0 2
192.371 43.8787 0 2
192.42 43.966 0 2
192.452 44.0604 0 2
192.466 44.1592 0 2
192.458 44.2586 0 2
192.429 44.3539 0 2
192.379 44.4399 0 2
192.31 44.5119 0 2
192.226 44.5661 0 2
192.132 44.6003 0 2
192.033 44.6137 0 2
191.934 44.6071 0 2
191.837 44.5824 0 2
191.746 44.5419 0 2
191.661 44.4883 0 2
191.585 44.4243 0 2
191.515 44.3523 0 2
191.453 44.2743 0 2
191.396 44.1921 0 2
191.343 44.1071 0 2
191.293 44.0205 0 2
191.245 43.9332 0 2
191.195 43.8464 0 2
191.144 43.7609 0 2
191.088 43.6778 0 2
191.027 43.5984 0 2
190.96 43.5242 0 2
190.886 43.4563 0 2
190.804 43.3952 0 2
190.714 43.342 0 2
190.615 43.3 0 2
190.505 43.2843 0 2
190.414 43.3537 0 2
190.343 43.4435 0 2
190.281 43.5361 0 2
190.206 43.6188 0 2
190.134 43.704 0 2
190.067 43.7905 0 2
189.988 43.8652 0 2
189.908 43.9397 0 2
189.818 44.0009 0 2
189.729 44.0676 0 2
189.643 44.1374 0 2
189.547 44.1934 0 2
189.451 44.2531 0 2
189.357 44.3145 0 2
189.254 44.3602 0 2
189.15 44.4089 0 2
189.047 44.462 0 2
188.946 44.5152 0 2
188.838 44.551 0 2
188.728 44.5883 0 2
188.62 44.6297 0 2
188.515 44.672 0 2
188.404 44.6966 0 2
188.293 44.7231 0 2
188.184 44.7512 0 2
188.072 44.7615 0 2
187.959 44.774 0 2
187.846 44.788 0 2
187.733 44.7835 0 2
187.617 44.7805 0 2
187.5 44.7816 0 2
187.385 44.783 0 2
187.27 44.7649 0 2
187.153 44.7466 0 2
187.035 44.7313 0 2
186.916 44.7225 0 2
186.8 44.7385 0 2
186.734 44.829 0 2
186.696 44.93 0 2
186.674 45.0323 0 2
186.665 45.1343 0 2
186.671 45.235 0 2
186.689 45.3333 0 2
186.719 45.4287 0 2
186.756 45.5214 0 2
186.799 45.6116 0 2
186.846 45.7003 0 2
186.892 45.7887 0 2
186.938 45.8779 0 2
186.979 45.9691 0 2
187.013 46.0628 0 2
187.039 46.1595 0 2
187.052 46.2585 0 2
187.051 46.3584 0 2
187.032 46.4565 0 2
186.995 46.549 0 2
186.938 46.6311 0 2
186.864 46.6977 0 2
186.776 46.744 0 2
186.679 46.7664 0 2
186.579 46.7634 0 2
186.483 46.7358 0 2
186.397 46.6861 0 2
186.324 46.6185 0 2
186.265 46.5374 0 2
186.222 46.4472 0 2
186.194 46.3514 0 2
186.178 46.2528 0 2
186.172 46.153 0 2
186.173 46.053 0 2
186.179 45.9531 0 2
186.186 45.8534 0 2
186.193 45.7536 0 2
186.195 45.6536 0 2
186.191 45.5538 0 2
186.178 45.4548 0 2
186.152 45.3581 0 2
186.112 45.2655 0 2
186.058 45.1789 0 2
185.99 45.0995 0 2
185.908 45.0301 0 2
185.807 44.9845 0 2
185.703 45.0266 0 2
185.615 45.0954 0 2
185.537 45.1703 0 2
185.448 45.2318 0 2
185.36 45.2919 0 2
185.263 45.3365 0 2
185.167 45.3871 0 2
185.075 45.4425 0 2
184.976 45.4823 0 2
184.877 45.5217 0 2
184.771 45.5441 0 2
184.665 45.572 0 2
184.559 45.603 0 2
184.449 45.6162 0 2
184.337 45.6323 0 2
184.225 45.6532 0 2
184.114 45.6746 0 2
184.001 45.6761 0 2
183.886 45.6783 0 2
183.771 45.6841 0 2
183.658 45.69 0 2
183.546 45.6756 0 2
183.431 45.6611 0 2
183.316 45.6497 0 2
183.202 45.638 0 2
183.093 45.6059 0 2
182.981 45.5727 0 2
182.868 45.5416 0 2
182.755 45.5135 0 2
182.645 45.4863 0 2
182.541 45.4399 0 2
182.436 45.3931 0 2
182.332 45.3465 0 2
182.237 45.2827 0 2
182.136 45.221 0 2
182.023 45.1816 0 2
181.933 45.2508 0 2
181.87 45.3394 0 2
181.821 45.433 0 2
181.78 45.5277 0 2
181.743 45.6218 0 2
181.702 45.713 0 2
181.65 45.798 0 2
181.582 45.8703 0 2
181.496 45.9207 0 2
181.399 45.9399 0 2
181.302 45.9224 0 2
181.218 45.8705 0 2
181.156 45.7933 0 2
181.117 45.7016 0 2
181.099 45.6038 0 2
181.093 45.5042 0 0
181.091 45.4045 0 0
181.084 45.3042 0 0
181.066 45.2036 0 0
181.034 45.1035 0 0
180.986 45.0053 0 0
180.912 44.9178 0 0
180.802 44.9074 0 0
180.698 44.9431 0 0
180.601 44.9897 0 0
180.509 45.0404 0 0
180.421 45.0957 0 0
180.339 45.1569 0 0
180.264 45.2241 0 0
180.194 45.2912 0 0
180.108 45.3359 0 0
180.023 45.3826 0 0
179.942 45.4313 0 0
179.85 45.457 0 0
179.759 45.4865 0 0
179.67 45.519 0 0
179.576 45.5287 0 0
179.481 45.5448 0 0
179.39 45.5754 0 0
179.303 45.612 0 0
179.21 45.6272 0 0
179.118 45.6472 0 0
179.028 45.672 0 0
178.935 45.6753 0 0
178.841 45.6852 0 0
178.75 45.7018 0 0
178.657 45.698 0 0
178.564 45.7013 0 0
178.472 45.7116 0 0
178.38 45.702 0 0
178.287 45.6996 0 0
178.195 45.7044 0 0
178.103 45.6888 0 0
178.011 45.6792 0 0
177.918 45.6758 0 0
177.828 45.6529 0 0
177.735 45.6388 0 0
177.641 45.6425 0 0
177.549 45.6556 0 0
177.457 45.6493 0 0
177.364 45.6494 0 0
177.272 45.6561 0 0
177.181 45.6429 0 0
177.088 45.6374 0 0
176.997 45.6399 0 0
176.906 45.6236 0 0
176.814 45.6151 0 0
176.722 45.6147 0 0
176.633 45.5955 0 0
176.541 45.5842 0 0
176.449 45.5809 0 0
176.36 45.5591 0 0
176.269 45.5452 0 0
176.177 45.5391 0 0
176.089 45.5138 0 0
175.998 45.4948 0 0
175.907 45.4824 0 0
175.82 45.4518 0 0
175.729 45.4304 0 0
175.635 45.4272 0 0
175.543 45.4341 0 0
175.451 45.4224 0 0
175.359 45.4171 0 0
175.267 45.4187 0 0
175.177 45.4008 0 0
175.086 45.3906 0 0
174.994 45.3886 0 0
174.905 45.3681 0 0
174.813 45.3554 0 0
174.722 45.351 0 0
174.633 45.3281 0 0
174.542 45.313 0 0
174.451 45.3058 0 0
174.363 45.2794 0 0
174.272 45.2594 0 0
174.182 45.2459 0 0
174.095 45.2142 0 0
174.004 45.1917 0 0
173.91 45.1875 0 0
173.818 45.1934 0 0
173.727 45.1806 0 0
173.635 45.1742 0 0
173.543 45.1746 0 0
173.453 45.1555 0 0
173.362 45.1439 0 0
173.27 45.1404 0 0
173.181 45.1184 0 0
173.09 45.104 0 0
172.999 45.0977 0 0
172.91 45.0729 0 0
172.82 45.0556 0 0
172.728 45.0461 0 0
172.641 45.0172 0 0
172.552 44.9944 0 0
172.461 44.978 0 0
172.375 44.9431 0 0
172.285 44.917 0 0
172.192 44.9088 0 0
172.099 44.9104 0 0
172.009 44.8929 0 0
171.917 44.8814 0 0
171.825 44.8764 0 0
171.737 44.8514 0 0
171.646 44.8335 0 0
171.554 44.8233 0 0
171.467 44.794 0 0
171.377 44.7717 0 0
171.287 44.7568 0 0
171.201 44.7228 0 0
171.112 44.6954 0 0
171.022 44.6753 0 0
170.939 44.6363 0 0
170.852 44.6036 0 0
170.763 44.5777 0 0
170.683 44.5323 0 0
170.599 44.4914 0 0
170.513 44.4557 0 0
170.437 44.4014 0 0
170.356 44.3534 0 0
170.267 44.3203 0 0
170.177 44.2954 0 0
170.095 44.2507 0 0
170.01 44.2101 0 0
169.924 44.1746 0 0
169.849 44.1197 0 0
169.77 44.0692 0 0
169.689 44.0242 0 0
169.62 43.9612 0 0
169.547 43.9021 0 0
169.471 43.8479 0 0
169.41 43.7769 0 0
169.344 43.709 0 0
169.276 43.6453 0 0
169.225 43.5663 0 0
169.171 43.4886 0 0
169.114 43.4135 0 0
169.077 43.326 0 0
169.035 43.2394 0 0
168.981 43.1598 0 0
168.922 43.0844 0 0
168.886 42.997 0 0
168.847 42.9097 0 0
168.806 42.8243 0 0
168.789 42.7306 0 0
168.77 42.636 0 0
168.747 42.5419 0 0
168.75 42.4437 0 0
168.747 42.3418 0 0
168.731 42.2376 0 0
168.697 42.1334 0 0
168.627 42.0435 0 0
168.526 41.9958 0 0
168.417 42.0356 0 0
168.328 42.1 0 0
168.254 42.1758 0 0
168.193 42.2587 0 0
168.139 42.3441 0 0
168.08 42.424 0 0
168.002 42.4842 0 0
167.905 42.5025 0 0
167.816 42.4631 0 0
167.766 42.3791 0 0
167.762 42.2805 0 0
167.787 42.1842 0 0
167.822 42.0898 0 0
167.853 41.9921 0 0
167.87 41.8889 0 0
167.867 41.7808 0 0
167.832 41.6742 0 0
167.735 41.619 0 0
167.615 41.6253 0 0
167.5 41.6651 0 0
167.391 41.7125 0 0
167.287 41.7633 0 0
167.186 41.818 0 0
167.092 41.8771 0 0
167.003 41.9371 0 0
166.905 41.9798 0 0
166.809 42.0263 0 0
166.718 42.0765 0 0
166.62 42.1106 0 0
166.523 42.1507 0 0
166.431 42.1961 0 0
166.332 42.2263 0 0
166.235 42.2634 0 0
166.142 42.3063 0 0
166.044 42.3342 0 0
165.946 42.3691 0 0
165.852 42.41 0 0
165.753 42.4359 0 0
165.654 42.4688 0 0
165.559 42.5077 0 0
165.46 42.5312 0 0
165.36 42.5612 0 0
165.263 42.5965 0 0
165.161 42.6155 0 0
165.058 42.6413 0 0
164.959 42.6777 0 0
164.864 42.7195 0 0
164.764 42.7452 0 0
164.665 42.7767 0 0
164.569 42.8137 0 0
164.469 42.835 0 0
164.369 42.8633 0 0
164.273 42.8978 0 0
164.172 42.9169 0 0
164.072 42.9432 0 0
163.975 42.9758 0 0
163.875 42.9929 0 0
163.774 43.0172 0 0
163.676 43.0478 0 0
163.575 43.0624 0 0
163.473 43.0837 0 0
163.373 43.1103 0 0
163.27 43.1204 0 0
163.166 43.1371 0 0
163.064 43.1649 0 0
162.966 43.1983 0 0
162.864 43.2152 0 0
162.763 43.2379 0 0
162.665 43.2665 0 0
162.563 43.279 0 0
162.462 43.2985 0 0
162.363 43.3246 0 0
162.262 43.3349 0 0
162.16 43.3524 0 0
162.061 43.3766 0 0
161.959 43.3851 0 0
161.857 43.4007 0 0
161.758 43.423 0 0
161.656 43.4296 0 0
161.554 43.4432 0 0
161.454 43.4635 0 0
161.351 43.4675 0 0
161.248 43.4781 0 0
161.146 43.4942 0 0
161.043 43.4934 0 0
160.938 43.4992 0 0
160.834 43.5162 0 0
160.733 43.5393 0 0
160.63 43.5454 0 0
160.527 43.5574 0 0
160.427 43.5755 0 0
160.325 43.5772 0 0
160.222 43.5859 0 0
160.121 43.6013 0 0
160.019 43.6007 0 0
159.916 43.6072 0 0
159.815 43.6205 0 0
159.713 43.6178 0 0
159.61 43.622 0 0
159.509 43.633 0 0
159.407 43.6275 0 0
159.303 43.6284 0 0
159.2 43.635 0 0
159.098 43.6246 0 0
158.992 43.6206 0 0
158.888 43.6279 0 0
158.785 43.6417 0 0
158.682 43.6384 0 0
158.579 43.6408 0 0
158.477 43.6496 0 0
158.375 43.6419 0 0
158.272 43.6409 0 0
158.171 43.6469 0 0
158.069 43.6368 0 0
157.967 43.6337 0 0
157.865 43.6377 0 0
157.764 43.6256 0 0
157.662 43.6205 0 0
157.56 43.6223 0 0
157.459 43.6081 0 0
157.357 43.6006 0 0
157.255 43.5998 0 0
157.154 43.5826 0 0
157.051 43.5715 0 0
156.948 43.5661 0 0
156.848 43.5439 0 0
156.744 43.5277 0 0
156.639 43.5229 0 0
156.536 43.5248 0 0
156.434 43.5096 0 0
156.331 43.5 0 0
156.229 43.4969 0 0
156.129 43.4774 0 0
156.027 43.4643 0 0
155.926 43.4583 0 0
155.827 43.4363 0 0
155.725 43.421 0 0
155.624 43.4128 0 0
155.525 43.3886 0 0
155.424 43.371 0 0
155.323 43.3601 0 0
155.224 43.333 0 0
155.123 43.3116 0 0
155.022 43.296 0 0
154.924 43.2637 0 0
154.822 43.2371 0 0
154.718 43.2217 0 0
154.616 43.213 0 0
154.516 43.1873 0 0
154.415 43.1669 0 0
154.313 43.153 0 0
154.216 43.1225 0 0
154.115 43.0981 0 0
154.015 43.0802 0 0
153.918 43.046 0 0
153.819 43.0175 0 0
153.718 42.9949 0 0
153.622 42.9551 0 0
153.523 42.9193 0 0
153.422 42.8871 0 0
153.329 42.8361 0 0
153.231 42.7862 0 0
153.128 42.7405 0 0
153.021 42.6978 0 0
152.912 42.6568 0 0
152.801 42.6175 0 0
152.686 42.5853 0 0
152.568 42.5933 0 0
152.489 42.6768 0 0
152.429 42.7682 0 0
152.37 42.8561 0 0
152.305 42.9357 0 0
152.228 43.0012 0 0
152.139 43.0466 0 0
152.042 43.0671 0 0
151.942 43.0613 0 0
151.848 43.0299 0 0
151.764 42.976 0 0
151.694 42.9042 0 0
151.639 42.8195 0 0
151.595 42.7267 0 0
151.554 42.6291 0 0
151.509 42.5296 0 0
151.441 42.4373 0 0
151.322 42.4199 0 0
151.202 42.4438 0 0
151.085 42.476 0 0
150.97 42.511 0 0
150.859 42.5492 0 0
150.752 42.5918 0 0
150.651 42.6363 0 0
150.544 42.6634 0 0
150.439 42.6946 0 0
150.338 42.7303 0 0
150.232 42.7502 0 0
150.127 42.7761 0 0
150.025 42.8076 0 0
149.919 42.8238 0 0
149.814 42.8461 0 0
149.71 42.8738 0 0
149.603 42.8856 0 0
149.496 42.9039 0 0
149.39 42.932 0 0
149.289 42.9655 0 0
149.183 42.9835 0 0
149.079 43.0074 0 0
148.977 43.037 0 0
148.872 43.0517 0 0
148.768 43.0732 0 0
148.666 43.101 0 0
148.561 43.1141 0 0
148.456 43.1342 0 0
148.354 43.1608 0 0
148.25 43.1728 0 0
148.145 43.1917 0 0
148.042 43.2172 0 0
147.938 43.228 0 0
147.832 43.2457 0 0
147.729 43.2698 0 0
147.624 43.2787 0 0
147.518 43.2942 0 0
147.413 43.3153 0 0
147.307 43.3207 0 0
147.199 43.3325 0 0
147.092 43.3547 0 0
146.989 43.3824 0 0
146.883 43.3945 0 0
146.778 43.4124 0 0
146.675 43.4363 0 0
146.569 43.445 0 0
146.464 43.4605 0 0
146.361 43.4826 0 0
146.255 43.4897 0 0
146.15 43.5038 0 0
146.046 43.5245 0 0
145.941 43.5303 0 0
145.835 43.5431 0 0
145.731 43.5623 0 0
145.626 43.5663 0 0
145.519 43.5767 0 0
145.414 43.5928 0 0
145.308 43.593 0 0
145.199 43.5995 0 0
145.092 43.6165 0 0
144.988 43.6393 0 0
144.882 43.6462 0 0
144.775 43.659 0 0
144.672 43.6779 0 0
144.566 43.6814 0 0
144.46 43.6918 0 0
144.356 43.7088 0 0
144.251 43.7109 0 0
144.145 43.72 0 0
144.041 43.7358 0 0
143.936 43.7367 0 0
143.83 43.7446 0 0
143.726 43.7594 0 0
143.621 43.7591 0 0
143.514 43.7657 0 0
143.41 43.7789 0 0
143.304 43.7768 0 0
143.197 43.781 0 0
143.092 43.791 0 0
142.986 43.7849 0 0
142.877 43.7851 0 0
142.769 43.7958 0 0
142.664 43.8125 0 0
142.558 43.813 0 0
142.451 43.8192 0 0
142.346 43.8314 0 0
142.241 43.8279 0 0
142.134 43.8308 0 0
142.029 43.8402 0 0
141.924 43.8342 0 0
141.818 43.8347 0 0
141.713 43.8417 0 0
141.608 43.8332 0 0
141.501 43.8312 0 0
141.396 43.8356 0 0
141.291 43.8242 0 0
141.184 43.8188 0 0
141.078 43.819 0 0
140.973 43.8028 0 0
140.865 43.7925 0 0
140.757 43.7927 0 0
140.651 43.7992 0 0
140.545 43.7894 0 0
140.438 43.7854 0 0
140.333 43.7878 0 0
140.229 43.7748 0 0
140.123 43.7683 0 0
140.018 43.7688 0 0
139.914 43.7543 0 0
139.808 43.7465 0 0
139.704 43.7457 0 0
139.6 43.73 0 0
139.494 43.721 0 0
139.389 43.7191 0 0
139.286 43.7021 0 0
139.18 43.6918 0 0
139.075 43.6883 0 0
138.972 43.6694 0 0
138.866 43.6566 0 0
138.76 43.6497 0 0
138.657 43.6268 0 0
138.55 43.6098 0 0
138.442 43.6032 0 0
138.336 43.6031 0 0
138.232 43.5869 0 0
138.125 43.5763 0 0
138.02 43.5723 0 0
137.917 43.5529 0 0
137.812 43.5399 0 0
137.707 43.534 0 0
137.604 43.513 0 0
137.499 43.4986 0 0
137.395 43.4912 0 0
137.292 43.4687 0 0
137.187 43.4527 0 0
137.082 43.4434 0 0
136.98 43.4186 0 0
136.875 43.3996 0 0
136.769 43.3862 0 0
136.667 43.3565 0 0
136.561 43.3321 0 0
136.453 43.3172 0 0
136.345 43.3077 0 0
136.241 43.2806 0 0
136.133 43.2572 0 0
136.025 43.2373 0 0
135.922 43.1987 0 0
135.814 43.1619 0 0
135.701 43.1294 0 0
135.585 43.1004 0 0
135.464 43.0793 0 0
135.345 43.0975 0 0
135.269 43.185 0 0
135.208 43.2772 0 0
135.145 43.3635 0 0
135.073 43.4393 0 0
134.991 43.5002 0 0
134.899 43.5422 0 0
134.8 43.5635 0 0
134.699 43.5642 0 0
134.6 43.5457 0 0
134.506 43.5088 0 0
134.421 43.4537 0 0
134.348 43.3823 0 0
134.286 43.2986 0 0
134.232 43.2064 0 0
134.179 43.1097 0 0
134.108 43.0184 0 0
133.988 42.9974 0 0
133.864 43.0152 0 0
133.742 43.0401 0 0
133.622 43.0667 0 0
133.505 43.0948 0 0
133.389 43.1254 0 0
133.277 43.1598 0 0
133.17 43.1954 0 0
133.058 43.2126 0 0
132.946 43.2331 0 0
132.837 43.2611 0 0
132.733 43.2936 0 0
132.624 43.3101 0 0
132.517 43.3318 0 0
132.413 43.3591 0 0
132.306 43.3713 0 0
132.199 43.3902 0 0
132.095 43.4152 0 0
131.988 43.4257 0 0
131.881 43.443 0 0
131.777 43.4667 0 0
131.671 43.4758 0 0
131.564 43.4917 0 0
131.459 43.5141 0 0
131.352 43.5216 0 0
131.245 43.5355 0 0
131.138 43.5552 0 0
131.03 43.5594 0 0
130.921 43.5699 0 0
130.812 43.5904 0 0
130.707 43.6165 0 0
130.6 43.6272 0 0
130.492 43.6439 0 0
130.388 43.6665 0 0
130.281 43.6743 0 0
130.174 43.6888 0 0
130.07 43.7099 0 0
129.964 43.7163 0 0
129.857 43.7297 0 0
129.752 43.7498 0 0
129.646 43.7553 0 0
129.539 43.7679 0 0
129.435 43.7871 0 0
129.328 43.7917 0 0
129.221 43.8032 0 0
129.116 43.8213 0 0
129.009 43.8244 0 0
128.901 43.8339 0 0
128.794 43.8492 0 0
128.686 43.849 0 0
128.576 43.855 0 0
128.467 43.8711 0 0
128.361 43.893 0 0
128.254 43.8993 0 0
128.146 43.9116 0 0
128.041 43.93 0 0
127.934 43.9334 0 0
127.826 43.9435 0 0
127.721 43.9603 0 0
127.615 43.9622 0 0
127.508 43.9712 0 0
127.403 43.9869 0 0
127.296 43.9878 0 0
127.189 43.9956 0 0
127.083 44.01 0 0
126.976 44.0093 0 0
126.868 44.015 0 0
126.761 44.0266 0 0
126.653 44.0225 0 0
126.543 44.0247 0 0
126.434 44.0369 0 0
126.327 44.055 0 0
126.22 44.0576 0 0
126.112 44.0661 0 0
126.006 44.0807 0 0
125.899 44.0803 0 0
125.792 44.0867 0 0
125.686 44.0997 0 0
125.58 44.0979 0 0
125.472 44.1028 0 0
125.367 44.1144 0 0
125.261 44.111 0 0
125.153 44.1142 0 0
125.047 44.1239 0 0
124.941 44.1184 0 0
124.833 44.1194 0 0
124.726 44.1268 0 0
124.619 44.1187 0 0
124.511 44.1165 0 0
124.403 44.1199 0 0
124.296 44.1072 0 0
124.186 44.1002 0 0
124.076 44.1029 0 0
123.969 44.1115 0 0
123.861 44.1041 0 0
123.753 44.1024 0 0
123.646 44.107 0 0
123.54 44.0965 0 0
123.432 44.0926 0 0
123.326 44.0955 0 0
123.221 44.0835 0 0
123.113 44.0783 0 0
123.007 44.0799 0 0
122.902 44.0666 0 0
122.794 44.06 0 0
122.688 44.0602 0 0
122.582 44.0453 0 0
122.475 44.0366 0 0
122.367 44.0339 0 0
122.261 44.0155 0 0
122.152 44.003 0 0
122.042 44.0007 0 0
121.935 44.0047 0 0
121.828 43.993 0 0
121.72 43.9871 0 0
121.614 43.9877 0 0
121.508 43.9732 0 0
121.401 43.9654 0 0
121.295 43.9644 0 0
121.19 43.9487 0 0
121.083 43.9398 0 0
120.977 43.9378 0 0
120.873 43.9211 0 0
120.766 43.911 0 0
120.66 43.908 0 0
120.556 43.8902 0 0
120.449 43.879 0 0
120.343 43.8746 0 0
120.238 43.8552 0 0
120.131 43.8419 0 0
120.023 43.8345 0 0
119.918 43.8115 0 0
119.81 43.7942 0 0
119.7 43.787 0 0
119.593 43.786 0 0
119.486 43.7691 0 0
119.378 43.7578 0 0
119.271 43.7526 0 0
119.166 43.7319 0 0
119.058 43.7171 0 0
118.951 43.7082 0 0
118.846 43.6834 0 0
118.737 43.6635 0 0
118.628 43.6477 0 0
118.522 43.6141 0 0
118.41 43.5828 0 0
118.295 43.5559 0 0
118.177 43.5321 0 0
118.057 43.5105 0 0
117.933 43.4961 0 0
117.814 43.5197 0 0
117.74 43.6099 0 0
117.68 43.7039 0 0
117.618 43.7914 0 0
117.546 43.8681 0 0
117.464 43.9295 0 0
117.371 43.9726 0 0
117.272 43.9964 0 0
117.171 44.0015 0 0
117.07 43.989 0 0
116.973 43.9588 0 0
116.883 43.9109 0 0
116.803 43.8464 0 0
116.733 43.7683 0 0
116.671 43.6803 0 0
116.611 43.5866 0 0
116.537 43.4975 0 0
116.416 43.4766 0 0
116.291 43.4936 0 0
116.169 43.5173 0 0
116.049 43.5426 0 0
115.931 43.5696 0 0
115.815 43.5993 0 0
115.704 43.6334 0 0
115.598 43.6697 0 0
115.487 43.6887 0 0
115.379 43.7119 0 0
115.273 43.7399 0 0
115.165 43.7525 0 0
115.057 43.7711 0 0
114.952 43.7957 0 0
114.845 43.8055 0 0
114.737 43.8218 0 0
114.632 43.8444 0 0
114.524 43.8519 0 0
114.416 43.8659 0 0
114.309 43.8855 0 0
114.201 43.8897 0 0
114.09 43.9001 0 0
113.981 43.9204 0 0
113.876 43.9462 0 0
113.768 43.9568 0 0
113.66 43.9733 0 0
113.555 43.9956 0 0
113.448 44.0033 0 0
113.341 44.0176 0 0
113.236 44.0384 0 0
113.129 44.0447 0 0
113.022 44.0579 0 0
112.917 44.0777 0 0
112.81 44.083 0 0
112.702 44.0951 0 0
112.596 44.1138 0 0
112.489 44.1175 0 0
112.381 44.1277 0 0
112.274 44.1437 0 0
112.165 44.1442 0 0
112.055 44.151 0 0
111.945 44.1677 0 0
111.839 44.1901 0 0
111.731 44.1972 0 0
111.623 44.2101 0 0
111.518 44.2292 0 0
111.41 44.2333 0 0
111.303 44.2443 0 0
111.197 44.2618 0 0
111.091 44.2646 0 0
110.983 44.2745 0 0
110.878 44.2911 0 0
110.771 44.2932 0 0
110.663 44.3022 0 0
110.558 44.318 0 0
110.451 44.3192 0 0
110.343 44.3272 0 0
110.237 44.3418 0 0
110.13 44.3415 0 0
110.021 44.3475 0 0
109.913 44.3594 0 0
109.805 44.3558 0 0
109.695 44.3584 0 0
109.585 44.3709 0 0
109.478 44.3893 0 0
109.37 44.3922 0 0
109.261 44.401 0 0
109.155 44.4158 0 0
109.048 44.4157 0 0
108.94 44.4222 0 0
108.833 44.4351 0 0
108.726 44.433 0 0
108.618 44.4376 0 0
108.512 44.4485 0 0
108.405 44.4443 0 0
108.297 44.4464 0 0
108.189 44.4547 0 0
108.082 44.4476 0 0
107.973 44.4464 0 0
107.865 44.4506 0 0
107.757 44.4388 0 0
107.646 44.4326 0 0
107.536 44.4358 0 0
107.427 44.4447 0 0
107.319 44.4378 0 0
107.21 44.4365 0 0
107.103 44.4413 0 0
106.997 44.431 0 0
106.888 44.4273 0 0
106.782 44.4303 0 0
106.676 44.4186 0 0
106.568 44.4137 0 0
106.461 44.4158 0 0
106.356 44.4032 0 0
106.248 44.3975 0 0
106.141 44.3987 0 0
106.035 44.3852 0 0
105.928 44.3783 0 0
105.821 44.3782 0 0
105.714 44.3632 0 0
105.606 44.3543 0 0
105.498 44.3513 0 0
105.391 44.3329 0 0
105.282 44.3203 0 0
105.171 44.3177 0 0
105.063 44.3213 0 0
104.956 44.3094 0 0
104.847 44.3033 0 0
104.74 44.3036 0 0
104.634 44.289 0 0
104.526 44.2809 0 0
104.42 44.2796 0 0
104.314 44.2637 0 0
104.207 44.2545 0 0
104.1 44.2523 0 0
103.995 44.2354 0 0
103.887 44.225 0 0
103.78 44.2214 0 0
103.675 44.2029 0 0
103.567 44.1905 0 0
103.459 44.1839 0 0
103.353 44.162 0 0
103.244 44.1458 0 0
103.134 44.1396 0 0
103.026 44.1396 0 0
102.919 44.1242 0 0
102.81 44.1145 0 0
102.703 44.1112 0 0
102.598 44.0931 0 0
102.49 44.0814 0 0
102.384 44.0766 0 0
102.279 44.0572 0 0
102.172 44.0444 0 0
102.065 44.0385 0 0
101.961 44.018 0 0
101.854 44.0039 0 0
101.747 43.9966 0 0
101.642 43.9745 0 0
101.534 43.9584 0 0
101.426 43.9485 0 0
101.32 43.9229 0 0
101.212 43.9024 0 0
101.102 43.886 0 0
100.995 43.8521 0 0
100.883 43.8205 0 0
100.768 43.7934 0 0
100.65 43.7691 0 0
100.529 43.7465 0 0
100.407 43.7255 0 0
100.283 43.7111 0 0
100.162 43.7342 0 0
100.088 43.8241 0 0
100.027 43.9179 0 0
99.9642 44.0051 0 0
99.8922 44.0817 0 0
99.8094 44.1435 0 0
99.7172 44.1878 0 0
99.6185 44.2134 0 0
99.5171 44.2211 0 0
99.4157 44.2119 0 0
99.3175 44.1849 0 0
99.2258 44.1395 0 0
99.1437 44.0767 0 0
99.0724 43.9996 0 0
99.0099 43.9118 0 0
98.9498 43.8178 0 0
98.8763 43.7275 0 0
98.7558 43.704 0 0
98.6316 43.7181 0 0
98.5102 43.7393 0 0
98.391 43.7627 0 0
98.2746 43.7889 0 0
98.1622 43.8195 0 0
98.0545 43.8521 0 0
97.9436 43.8668 0 0
97.8331 43.8851 0 0
97.7252 43.9074 0 0
97.6152 43.913 0 0
97.5041 43.9239 0 0
97.3948 43.9438 0 0
97.2891 43.9691 0 0
97.181 43.9788 0 0
97.0731 43.9942 0 0
96.9679 44.0155 0 0
96.8608 44.0219 0 0
96.7534 44.035 0 0
96.6485 44.0545 0 0
96.5419 44.0595 0 0
96.4348 44.0713 0 0
96.3299 44.0898 0 0
96.2235 44.0938 0 0
96.1164 44.1047 0 0
96.0114 44.1224 0 0
95.9049 44.1254 0 0
95.7974 44.1353 0 0
95.6917 44.1518 0 0
95.5847 44.1533 0 0
95.4763 44.1613 0 0
95.3693 44.1751 0 0
95.2612 44.1734 0 0
95.1511 44.178 0 0
95.0418 44.1925 0 0
94.9356 44.2129 0 0
94.8278 44.2179 0 0
94.7197 44.2287 0 0
94.6141 44.2457 0 0
94.5071 44.2477 0 0
94.3995 44.2565 0 0
94.294 44.2719 0 0
94.1874 44.2726 0 0
94.08 44.2803 0 0
93.9744 44.2947 0 0
93.8678 44.2944 0 0
93.7601 44.301 0 0
93.6539 44.3141 0 0
93.5469 44.3123 0 0
93.4384 44.3169 0 0
93.331 44.3273 0 0
93.223 44.3222 0 0
93.1128 44.3232 0 0
93.0031 44.3343 0 0
92.8964 44.3514 0 0
92.7885 44.3529 0 0
92.6801 44.3603 0 0
92.574 44.3739 0 0
92.467 44.3726 0 0
92.3592 44.378 0 0
92.2534 44.3901 0 0
92.1469 44.3875 0 0
92.0394 44.3918 0 0
91.9335 44.4029 0 0
91.8271 44.3994 0 0
91.7195 44.4029 0 0
91.6134 44.4131 0 0
91.5069 44.4085 0 0
91.3988 44.4105 0 0
91.2921 44.4191 0 0
91.1852 44.4124 0 0
91.0764 44.4117 0 0
90.9684 44.4165 0 0
90.8606 44.4055 0 0
90.7503 44.4 0 0
90.64 44.4042 0 0
90.5321 44.414 0 0
90.4241 44.4078 0 0
90.3153 44.4072 0 0
90.2082 44.4125 0 0
90.1016 44.4025 0 0
89.9935 44.3989 0 0
89.8869 44.4018 0 0
89.7808 44.3899 0 0
89.6732 44.3847 0 0
89.5666 44.3863 0 0
89.4608 44.3731 0 0
89.353 44.3665 0 0
89.246 44.3667 0 0
89.14 44.3519 0 0
89.0317 44.3433 0 0
88.9238 44.3406 0 0
88.8172 44.3223 0 0
88.7077 44.3099 0 0
88.5975 44.3076 0 0
88.4895 44.3115 0 0
88.3822 44.2999 0 0
88.2738 44.2941 0 0
88.1668 44.2947 0 0
88.0608 44.2803 0 0
87.9532 44.2726 0 0
87.8466 44.2717 0 0
87.7413 44.2562 0 0
87.634 44.2474 0 0
87.5276 44.2456 0 0
87.4224 44.2293 0 0
87.3153 44.2197 0 0
87.2088 44.2172 0 0
87.1037 44.1999 0 0
86.9963 44.1893 0 0
86.8894 44.1854 0 0
86.784 44.1667 0 0
86.6762 44.154 0 0
86.5685 44.1472 0 0
86.4627 44.125 0 0
86.3536 44.1086 0 0
86.2436 44.1022 0 0
86.1355 44.1021 0 0
86.0287 44.0865 0 0
85.9205 44.0767 0 0
85.8135 44.0733 0 0
85.7081 44.055 0 0
85.6007 44.0432 0 0
85.4942 44.0383 0 0
85.3894 44.0188 0 0
85.2824 44.0059 0 0
85.176 44 0 0
85.0713 43.9794 0 0
84.9642 43.9654 0 0
84.8574 43.9581 0 0
84.7526 43.9358 0 0
84.645 43.9196 0 0
84.5374 43.9092 0 0
84.4322 43.8833 0 0
84.3236 43.863 0 0
84.2133 43.8522 0 0
84.1045 43.8475 0 0
83.9977 43.8269 0 0
83.8888 43.8115 0 0
83.7803 43.8016 0 0
83.6744 43.7758 0 0
83.5653 43.7548 0 0
83.4553 43.7381 0 0
83.3489 43.7039 0 0
83.2376 43.6721 0 0
83.1225 43.645 0 0
83.0051 43.6213 0 0
82.8862 43.6 0 0
82.7664 43.5808 0 0
82.6458 43.5651 0 0
82.5242 43.5613 0 0
82.4176 43.6057 0 0
82.3482 43.6953 0 0
82.2894 43.7872 0 0
82.2274 43.873 0 0
82.1563 43.9483 0 0
82.0744 44.0094 0 0
81.9829 44.0532 0 0
81.8851 44.0788 0 0
81.7843 44.0868 0 0
81.6836 44.077 0 0
81.5866 44.0479 0 0
81.4973 43.9995 0 0
81.419 43.9332 0 0
81.3526 43.8528 0 0
81.2954 43.7623 0 0
81.2401 43.6661 0 0
81.17 43.5739 0 0
81.0501 43.549 0 0
80.9256 43.5622 0 0
80.8033 43.582 0 0
80.6824 43.6033 0 0
80.563 43.6257 0 0
80.4453 43.6498 0 0
80.3302 43.677 0 0
80.219 43.7086 0 0
80.1128 43.7425 0 0
80.003 43.7589 0 0
79.8943 43.7795 0 0
79.789 43.8051 0 0
79.6812 43.815 0 0
79.5736 43.831 0 0
79.4687 43.8531 0 0
79.3618 43.8602 0 0
79.2543 43.874 0 0
79.1491 43.894 0 0
79.0421 43.8988 0 0
78.934 43.9101 0 0
78.8275 43.9271 0 0
78.7195 43.9286 0 0
78.6096 43.9363 0 0
78.5009 43.954 0 0
78.3955 43.9775 0 0
78.288 43.9855 0 0
78.1805 43.9995 0 0
78.0755 44.0195 0 0
77.9688 44.0246 0 0
77.8617 44.0365 0 0
77.7569 44.055 0 0
77.6506 44.0588 0 0
77.5436 44.0697 0 0
77.4388 44.0872 0 0
77.3326 44.0903 0 0
77.2256 44.1003 0 0
77.1205 44.1171 0 0
77.0142 44.1193 0 0
76.9067 44.1283 0 0
76.8011 44.1439 0 0
76.6942 44.1446 0 0
76.5859 44.1517 0 0
76.4789 44.1647 0 0
76.371 44.1621 0 0
76.2609 44.1657 0 0
76.1517 44.1795 0 0
76.0455 44.1991 0 0
75.9377 44.2032 0 0
75.8296 44.2132 0 0
75.724 44.2294 0 0
75.6171 44.2306 0 0
75.5095 44.2386 0 0
75.404 44.2532 0 0
75.2975 44.2531 0 0
75.1901 44.26 0 0
75.0844 44.2736 0 0
74.9779 44.2725 0 0
74.8701 44.2782 0 0
74.7639 44.2906 0 0
74.6569 44.2879 0 0
74.5484 44.2916 0 0
74.4408 44.301 0 0
74.3328 44.2947 0 0
74.2225 44.2944 0 0
74.1125 44.3038 0 0
74.0053 44.3188 0 0
73.8973 44.318 0 0
73.7885 44.3226 0 0
73.6818 44.3331 0 0
73.5748 44.3281 0 0
73.4666 44.3295 0 0
73.3601 44.3373 0 0
73.2537 44.3299 0 0
73.1458 44.329 0 0
73.0393 44.3347 0 0
72.9331 44.3254 0 0
72.8253 44.3226 0 0
72.7187 44.3265 0 0
72.6127 44.3154 0 0
72.5047 44.3108 0 0
72.3977 44.3128 0 0
72.2914 44.2998 0 0
72.1829 44.2929 0 0
72.075 44.292 0 0
71.9681 44.2755 0 0
71.8583 44.265 0 0
71.7481 44.2644 0 0
71.6401 44.2701 0 0
71.5326 44.2603 0 0
71.424 44.2562 0 0
71.3169 44.2586 0 0
71.2107 44.246 0 0
71.1028 44.24 0 0
70.9962 44.2409 0 0
70.8905 44.227 0 0
70.7829 44.2199 0 0
70.6763 44.2198 0 0
70.5707 44.205 0 0
70.463 44.1968 0 0
70.3559 44.1954 0 0
70.2501 44.1791 0 0
70.1419 44.1689 0 0
70.0339 44.1646 0 0
69.9276 44.1449 0 0
69.8181 44.131 0 0
69.7079 44.1271 0 0
69.5997 44.1295 0 0
69.4925 44.1164 0 0
69.384 44.1091 0 0
69.2769 44.1082 0 0
69.171 44.0924 0 0
69.0633 44.0832 0 0
68.9567 44.0809 0 0
68.8514 44.064 0 0
68.7442 44.0538 0 0
68.6376 44.0506 0 0
68.5325 44.033 0 0
68.4253 44.022 0 0
68.3187 44.0181 0 0
68.2137 43.9995 0 0
68.1062 43.9875 0 0
67.9992 43.9823 0 0
67.894 43.9623 0 0
67.7861 43.9483 0 0
67.6783 43.9402 0 0
67.5725 43.9167 0 0
67.4635 43.899 0 0
67.3533 43.8912 0 0
67.245 43.8898 0 0
67.1382 43.8728 0 0
67.0298 43.8616 0 0
66.9226 43.8568 0 0
66.8171 43.8372 0 0
66.7096 43.824 0 0
66.6028 43.8176 0 0
66.4978 43.7965 0 0
66.3904 43.7818 0 0
66.2832 43.7739 0 0
66.1782 43.7511 0 0
66.0703 43.7344 0 0
65.9621 43.7238 0 0
65.8565 43.6977 0 0
65.7474 43.6765 0 0
65.6371 43.6595 0 0
65.5304 43.6252 0 0
65.4186 43.5931 0 0
65.3025 43.5655 0 0
65.1835 43.5408 0 0
65.0622 43.5184 0 0
64.938 43.5032 0 0
64.8173 43.5258 0 0
64.7438 43.6158 0 0
64.6843 43.7099 0 0
64.6225 43.798 0 0
64.5522 43.8758 0 0
64.4713 43.9398 0 0
64.3809 43.9873 0 0
64.2836 44.0174 0 0
64.1828 44.0301 0 0
64.0812 44.0256 0 0
63.9821 44.0026 0 0
63.8891 43.9602 0 0
63.8058 43.8993 0 0
63.7336 43.8231 0 0
63.6706 43.7359 0 0
63.6101 43.6421 0 0
63.5364 43.5519 0 0
63.4162 43.5282 0 0
63.2921 43.5421 0 0
63.1705 43.5626 0 0
63.0507 43.5846 0 0
62.9328 43.6083 0 0
62.8175 43.6349 0 0
62.7062 43.6659 0 0
62.5997 43.6991 0 0
62.4898 43.7145 0 0
62.3807 43.7338 0 0
62.2747 43.7579 0 0
62.1663 43.7659 0 0
62.0576 43.7793 0 0
61.9508 43.7978 0 0
61.8423 43.8003 0 0
61.7322 43.8087 0 0
61.6236 43.8269 0 0
61.5183 43.8507 0 0
61.4109 43.8588 0 0
61.3034 43.8728 0 0
61.1986 43.8928 0 0
61.0919 43.8978 0 0
60.9849 43.9096 0 0
60.8802 43.9279 0 0
60.7739 43.9314 0 0
60.6669 43.9417 0 0
60.562 43.9587 0 0
60.4557 43.9609 0 0
60.3484 43.9699 0 0
60.2429 43.9855 0 0
60.1361 43.9862 0 0
60.028 43.9932 0 0
59.9212 44.0061 0 0
59.8134 44.0033 0 0
59.7035 44.0068 0 0
59.5945 44.0204 0 0
59.4884 44.0398 0 0
59.3808 44.0437 0 0
59.2729 44.0535 0 0
59.1674 44.0694 0 0
59.0607 44.0703 0 0
58.9532 44.0781 0 0
58.8479 44.0924 0 0
58.7416 44.092 0 0
58.6343 44.0986 0 0
58.529 44.1119 0 0
58.4229 44.1105 0 0
58.3156 44.116 0 0
58.2099 44.1282 0 0
58.1035 44.1257 0 0
57.9958 44.13 0 0
57.8895 44.141 0 0
57.7827 44.1368 0 0
57.6742 44.1389 0 0
57.5666 44.1467 0 0
57.4588 44.1387 0 0
57.3486 44.1365 0 0
57.2386 44.1439 0 0
57.1312 44.1569 0 0
57.0233 44.154 0 0
56.9146 44.1564 0 0
56.8078 44.1647 0 0
56.7009 44.1576 0 0
56.5929 44.1568 0 0
56.4863 44.1623 0 0
56.3801 44.1527 0 0
56.2724 44.1496 0 0
56.1658 44.153 0 0
56.0598 44.1414 0 0
55.9519 44.1362 0 0
55.845 44.1375 0 0
55.7389 44.1237 0 0
55.6305 44.116 0 0
55.5227 44.1141 0 0
55.416 44.0967 0 0
55.3065 44.0851 0 0
55.1963 44.0836 0 0
55.0884 44.0883 0 0
54.981 44.0774 0 0
54.8726 44.0722 0 0
54.7657 44.0735 0 0
54.6596 44.0598 0 0
54.552 44.0526 0 0
54.4455 44.0523 0 0
54.34 44.0373 0 0
54.2328 44.0291 0 0
54.1263 44.0279 0 0
54.0211 44.012 0 0
53.9139 44.0029 0 0
53.8074 44.0008 0 0
53.7021 43.984 0 0
53.5947 43.9737 0 0
53.4877 43.9702 0 0
53.3823 43.9518 0 0
53.2744 43.9395 0 0
53.1666 43.9331 0 0
53.0607 43.9112 0 0
52.9515 43.8951 0 0
52.8414 43.8889 0 0
52.7332 43.889 0 0
52.6263 43.8736 0 0
52.518 43.864 0 0
52.4109 43.8607 0 0
52.3054 43.8426 0 0
52.1979 43.831 0 0
52.0913 43.8262 0 0
51.9864 43.8067 0 0
51.8793 43.794 0 0
51.7728 43.7881 0 0
51.668 43.7677 0 0
51.5608 43.7537 0 0
51.4539 43.7465 0 0
51.349 43.7244 0 0
51.2414 43.7083 0 0
51.1337 43.698 0 0
51.0285 43.6725 0 0
50.9199 43.6525 0 0
50.8099 43.6425 0 0
50.7016 43.6388 0 0
50.5952 43.6196 0 0
50.4872 43.6062 0 0
50.3802 43.5992 0 0
50.2752 43.5774 0 0
50.1681 43.562 0 0
50.0616 43.5535 0 0
49.9573 43.5305 0 0
49.8507 43.5141 0 0
49.7443 43.5046 0 0
49.6402 43.4807 0 0
49.5337 43.4634 0 0
49.4272 43.453 0 0
49.3233 43.4281 0 0
49.2164 43.4095 0 0
49.1096 43.3975 0 0
49.0054 43.3708 0 0
48.8981 43.3497 0 0
48.7904 43.3344 0 0
48.6859 43.3036 0 0
48.5775 43.2779 0 0
48.4668 43.2611 0 0
48.3569 43.2496 0 0
48.2501 43.2217 0 0
48.1404 43.1976 0 0
48.03 43.177 0 0
47.9238 43.1389 0 0
47.8128 43.1027 0 0
47.6975 43.0707 0 0
47.5794 43.0415 0 0
47.4589 43.0146 0 0
47.3354 42.995 0 0
47.2146 43.0143 0 0
47.1424 43.1043 0 0
47.0864 43.1998 0 0
47.0303 43.2907 0 0
46.9663 43.3728 0 0
46.8911 43.4423 0 0
46.8049 43.4955 0 0
46.7103 43.5309 0 0
46.6108 43.5484 0 0
46.5098 43.5473 0 0
46.4109 43.5259 0 0
46.3184 43.4841 0 0
46.236 43.4231 0 0
46.1648 43.3469 0 0
46.1026 43.26 0 0
46.0423 43.1668 0 0
45.9681 43.0776 0 0
45.8489 43.0563 0 0
45.7269 43.0733 0 0
45.6079 43.0971 0 0
45.4908 43.1226 0 0
45.3757 43.1498 0 0
45.2633 43.18 0 0
45.1552 43.2148 0 0
45.052 43.2517 0 0
44.9446 43.2703 0 0
44.8383 43.293 0 0
44.7355 43.3206 0 0
44.6298 43.3319 0 0
44.5243 43.3494 0 0
44.4217 43.373 0 0
44.3168 43.3813 0 0
44.2115 43.3964 0 0
44.1088 43.418 0 0
44.0041 43.4246 0 0
43.8988 43.4382 0 0
43.7959 43.4584 0 0
43.6911 43.4635 0 0
43.5855 43.4757 0 0
43.482 43.4944 0 0
43.3769 43.4977 0 0
43.2706 43.5074 0 0
43.1658 43.5229 0 0
43.0597 43.5223 0 0
42.9516 43.5282 0 0
42.8447 43.5446 0 0
42.7409 43.5669 0 0
42.6351 43.5732 0 0
42.529 43.5855 0 0
42.4254 43.6038 0 0
42.3202 43.6067 0 0
42.2143 43.6165 0 0
42.1107 43.633 0 0
42.0057 43.6344 0 0
41.8998 43.6428 0 0
41.7959 43.6579 0 0
41.6908 43.658 0 0
41.5847 43.6651 0 0
41.4803 43.6787 0 0
41.375 43.677 0 0
41.2682 43.6816 0 0
41.1626 43.692 0 0
41.0565 43.6864 0 0
40.9481 43.687 0 0
40.8403 43.6982 0 0
40.7353 43.7154 0 0
40.6291 43.7164 0 0
40.5223 43.7232 0 0
40.4175 43.736 0 0
40.3121 43.7331 0 0
40.2055 43.7368 0 0
40.1007 43.7469 0 0
39.9956 43.7416 0 0
39.8891 43.7429 0 0
39.7841 43.7507 0 0
39.6791 43.7433 0 0
39.5726 43.7424 0 0
39.4674 43.748 0 0
39.3625 43.7383 0 0
39.2558 43.735 0 0
39.1503 43.7382 0 0
39.0454 43.7257 0 0
38.9384 43.7192 0 0
38.8321 43.7185 0 0
38.7269 43.7017 0 0
38.6189 43.6909 0 0
38.5103 43.6905 0 0
38.404 43.6965 0 0
38.2982 43.6864 0 0
38.1911 43.682 0 0
38.0855 43.6841 0 0
37.9808 43.6708 0 0
37.8744 43.6641 0 0
37.769 43.6644 0 0
37.6648 43.6496 0 0
37.5585 43.6416 0 0
37.4532 43.6406 0 0
37.349 43.6246 0 0
37.2427 43.6152 0 0
37.1371 43.6127 0 0
37.033 43.5948 0 0
36.9264 43.5831 0 0
36.8202 43.5773 0 0
36.7158 43.5555 0 0
36.6083 43.5397 0 0
36.4997 43.5343 0 0
36.393 43.5352 0 0
36.2876 43.5203 0 0
36.1809 43.5112 0 0
36.0753 43.5085 0 0
35.9712 43.4906 0 0
35.8651 43.4792 0 0
35.7599 43.4748 0 0
35.6563 43.4555 0 0
35.5505 43.4429 0 0
35.4453 43.4373 0 0
35.342 43.417 0 0
35.2363 43.4032 0 0
35.1311 43.3965 0 0
35.028 43.375 0 0
34.9222 43.36 0 0
34.8169 43.3518 0 0
34.7138 43.3285 0 0
34.6078 43.3112 0 0
34.5018 43.2998 0 0
34.3985 43.2728 0 0
34.2917 43.2514 0 0
34.1834 43.2403 0 0
34.0766 43.2357 0 0
33.9719 43.2153 0 0
33.8655 43.2006 0 0
33.76 43.1925 0 0
33.6568 43.1692 0 0
33.5512 43.1523 0 0
33.4461 43.1424 0 0
33.3435 43.1177 0 0
33.2382 43.0995 0 0
33.1332 43.0882 0 0
33.0308 43.0622 0 0
32.9256 43.0426 0 0
32.8205 43.0297 0 0
32.7184 43.0019 0 0
32.6131 42.9799 0 0
32.5075 42.9639 0 0
32.4052 42.9323 0 0
32.2992 42.9062 0 0
32.1912 42.8903 0 0
32.0845 42.8808 0 0
31.9806 42.8556 0 0
31.8746 42.8358 0 0
31.7691 42.8225 0 0
31.6666 42.794 0 0
31.5613 42.7717 0 0
31.456 42.756 0 0
31.3541 42.7252 0 0
31.2489 42.7004 0 0
31.1432 42.6815 0 0
31.0413 42.647 0 0
30.9357 42.6171 0 0
30.8286 42.5914 0 0
30.7267 42.5482 0 0
30.6197 42.5069 0 0
30.5082 42.47 0 0
30.3938 42.4362 0 0
30.2772 42.4045 0 0
30.1585 42.3752 0 0
30.0366 42.3537 0 0
29.9177 42.3732 0 0
29.8518 42.4665 0 0
29.8079 42.567 0 0
29.7692 42.6654 0 0
29.7268 42.7592 0 0
29.6738 42.8453 0 0
29.6062 42.919 0 0
29.5239 42.9751 0 0
29.4302 43.0088 0 0
29.3309 43.0168 0 0
29.2331 42.998 0 0
29.1433 42.9542 0 0
29.0655 42.8899 0 0
28.999 42.8116 0 0
28.9388 42.7248 0 0
28.876 42.6349 0 0
28.7949 42.5536 0 0
28.6773 42.5491 0 0
28.5636 42.5851 0 0
28.4547 42.6287 0 0
28.3489 42.6746 0 0
28.2467 42.7234 0 0
28.1496 42.7763 0 0
28.0575 42.83 0 0
27.9576 42.865 0 0
27.8593 42.9034 0 0
27.765 42.9457 0 0
27.665 42.9709 0 0
27.566 43.002 0 0
27.4706 43.0387 0 0
27.3705 43.0592 0 0
27.2709 43.0862 0 0
27.1743 43.1191 0 0
27.0735 43.1357 0 0
26.9725 43.1586 0 0
26.8737 43.1868 0 0
26.7713 43.198 0 0
26.6679 43.216 0 0
26.5671 43.2451 0 0
26.4702 43.2799 0 0
26.3691 43.298 0 0
26.2685 43.3218 0 0
26.171 43.3514 0 0
26.07 43.3646 0 0
25.9692 43.3847 0 0
25.8713 43.4113 0 0
25.7703 43.4219 0 0
25.6692 43.4396 0 0
25.5706 43.4639 0 0
25.4695 43.4722 0 0
25.3678 43.4876 0 0
25.2683 43.5095 0 0
25.1665 43.5149 0 0
25.0637 43.5268 0 0
24.9625 43.5443 0 0
24.8595 43.5447 0 0
24.7547 43.5518 0 0
24.6514 43.5703 0 0
24.5513 43.5948 0 0
24.4488 43.6023 0 0
24.3461 43.6157 0 0
24.246 43.635 0 0
24.144 43.6379 0 0
24.0416 43.6474 0 0
23.9413 43.6636 0 0
23.8397 43.6636 0 0
23.7372 43.6707 0 0
23.6366 43.6847 0 0
23.5351 43.6826 0 0
23.4325 43.6876 0 0
23.3316 43.6996 0 0
23.2301 43.6954 0 0
23.1271 43.6983 0 0
23.0255 43.7078 0 0
22.9237 43.7008 0 0
22.8201 43.7001 0 0
22.7173 43.7052 0 0
22.6148 43.6933 0 0
22.5098 43.6877 0 0
22.4048 43.6936 0 0
22.3024 43.7058 0 0
22.1995 43.701 0 0
22.0958 43.7019 0 0
21.9939 43.7092 0 0
21.8922 43.6999 0 0
21.7891 43.6974 0 0
21.6874 43.7017 0 0
21.5863 43.69 0 0
21.4834 43.6852 0 0
21.3816 43.6874 0 0
21.2807 43.6736 0 0
21.1778 43.6665 0 0
21.0756 43.6663 0 0
20.9748 43.6498 0 0
20.8717 43.6393 0 0
20.7688 43.6347 0 0
20.6678 43.6131 0 0
20.5638 43.5976 0 0
20.4586 43.5933 0 0
20.3554 43.5957 0 0
20.2534 43.581 0 0
20.1501 43.572 0 0
20.0479 43.5694 0 0
19.9475 43.5506 0 0
19.845 43.5383 0 0
19.7432 43.5332 0 0
19.6435 43.5122 0 0
19.5414 43.4979 0 0
19.4398 43.4908 0 0
19.3405 43.468 0 0
19.2387 43.4518 0 0
19.1372 43.4427 0 0
19.0383 43.4179 0 0
18.9366 43.3997 0 0
18.8349 43.3884 0 0
18.7363 43.3611 0 0
18.6347 43.3396 0 0
18.5328 43.3239 0 0
18.4345 43.2916 0 0
18.3325 43.2651 0 0
18.2283 43.2495 0 0
18.1252 43.2407 0 0
18.0252 43.2152 0 0
17.9232 43.1951 0 0
17.8217 43.1816 0 0
17.7237 43.1521 0 0
17.6228 43.1289 0 0
17.522 43.1128 0 0
17.4248 43.0812 0 0
17.3245 43.0561 0 0
17.224 43.0379 0 0
17.1275 43.0044 0 0
17.0276 42.9771 0 0
16.9272 42.9568 0 0
16.8312 42.9207 0 0
16.7318 42.8902 0 0
16.6314 42.8654 0 0
16.5362 42.8245 0 0
16.4368 42.7889 0 0
16.3342 42.7641 0 0
16.2322 42.746 0 0
16.1347 42.7116 0 0
16.0347 42.6825 0 0
15.9346 42.6599 0 0
15.8394 42.6217 0 0
15.7408 42.5896 0 0
15.6416 42.5646 0 0
15.5474 42.5244 0 0
15.4496 42.4903 0 0
15.3508 42.4632 0 0
15.2574 42.421 0 0
15.1601 42.3848 0 0
15.0616 42.3552 0 0
14.969 42.3105 0 0
14.8722 42.2713 0 0
14.7738 42.2379 0 0
14.6822 42.1885 0 0
14.5862 42.143 0 0
14.4883 42.1012 0 0
14.3991 42.0421 0 0
14.3048 41.9842 0 0
14.2051 41.9307 0 0
14.1016 41.8813 0 0
13.9952 41.8352 0 0
13.8862 41.7925 0 0
13.7743 41.7542 0 0
13.658 41.7277 0 0
13.5444 41.7504 0 0
13.5 41.8549 0 0
13.4918 41.9639 0 0
13.5037 42.0686 0 0
13.5297 42.1681 0 0
13.562 42.264 0 0
13.5868 42.3606 0 0
13.5853 42.4594 0 0
13.5406 42.5465 0 0
13.4551 42.593 0 0
13.358 42.5821 0 0
13.2766 42.5263 0 0
13.2151 42.4482 0 0
13.1614 42.3629 0 0
13.1024 42.2789 0 0
13.0305 42.202 0 0
12.9428 42.1363 0 0
12.835 42.0955 0 0
12.7354 42.1431 0 0
12.667 42.2305 0 0
12.6181 42.3287 0 0
12.6052 42.4332 0 0
12.605 42.5335 0 0
12.5835 42.6293 0 0
12.564 42.7249 0 0
12.5457 42.819 0 0
12.5019 42.9043 0 0
12.4616 42.9924 0 0
12.4337 43.0849 0 0
12.4113 43.1773 0 0
12.366 43.2604 0 0
12.3234 43.3456 0 0
12.2847 43.4313 0 0
12.2254 43.5043 0 0
12.1696 43.5808 0 0
12.1186 43.6593 0 0
12.0498 43.723 0 0
11.9844 43.7909 0 0
11.9236 43.8619 0 0
11.8475 43.9161 0 0
11.7743 43.9752 0 0
11.7057 44.0382 0 0
11.6241 44.0832 0 0
11.545 44.1338 0 0
11.4701 44.1889 0 0
11.3841 44.2245 0 0
11.2996 44.2654 0 0
11.2181 44.3103 0 0
11.128 44.3355 0 0
11.0391 44.3688 0 0
10.9575 44.4172 0 0
10.8818 44.4717 0 0
10.7962 44.5076 0 0
10.7123 44.5488 0 0
10.632 44.5945 0 0
10.5435 44.6207 0 0
10.4565 44.6536 0 0
10.3731 44.6929 0 0
10.2833 44.7133 0 0
10.1945 44.7409 0 0
10.1091 44.7752 0 0
10.0184 44.7904 0 0
9.92838 44.8131 0 0
9.84125 44.8426 0 0
9.74971 44.8521 0 0
9.65817 44.868 0 0
9.56866 44.8897 0 0
9.47601 44.8922 0 0
9.38273 44.9043 0 0
9.29354 44.9341 0 0
9.20923 44.9723 0 0
9.11937 44.9921 0 0
9.03037 45.0181 0 0
8.94436 45.0502 0 0
8.8535 45.0629 0 0
8.76328 45.0833 0 0
8.67601 45.1112 0 0
8.58485 45.1206 0 0
8.49405 45.138 0 0
8.40592 45.1629 0 0
8.31454 45.1692 0 0
8.22324 45.1835 0 0
8.13434 45.2055 0 0
8.04282 45.2089 0 0
7.9511 45.2204 0 0
7.86148 45.2396 0 0
7.76978 45.2392 0 0
7.67737 45.2456 0 0
7.5864 45.2584 0 0
7.49415 45.2525 0 0
7.40038 45.2567 0 0
7.30924 45.2791 0 0
7.22237 45.3107 0 0
7.13147 45.3241 0 0
7.04101 45.344 0 0
6.95316 45.3703 0 0
6.86178 45.3773 0 0
6.77054 45.3923 0 0
6.68182 45.415 0 0
6.59033 45.4193 0 0
6.49874 45.4318 0 0
6.40943 45.4521 0 0
6.31785 45.454 0 0
6.22592 45.464 0 0
6.13597 45.4817 0 0
6.04426 45.4799 0 0
5.95172 45.485 0 0
5.86053 45.4966 0 0
5.76832 45.4896 0 0
5.67444 45.4925 0 0
5.58295 45.5138 0 0
5.49562 45.5443 0 0
5.4045 45.5565 0 0
5.31374 45.5754 0 0
5.22553 45.6006 0 0
5.13401 45.6067 0 0
5.04257 45.6207 0 0
4.95356 45.6425 0 0
4.86197 45.646 0 0
4.7702 45.6576 0 0
4.68062 45.6771 0 0
4.58896 45.678 0 0
4.49687 45.687 0 0
4.40672 45.7039 0 0
4.31502 45.7023 0 0
4.22264 45.7088 0 0
4.13189 45.7229 0 0
4.04015 45.7176 0 0
3.94729 45.719 0 0
3.85546 45.7268 0 0
3.76343 45.7157 0 0
3.66926 45.7142 0 0
3.5765 45.7307 0 0
3.48729 45.7563 0 0
3.39527 45.763 0 0
3.30312 45.7761 0 0
3.21301 45.7955 0 0
3.12089 45.795 0 0
3.02819 45.8022 0 0
2.93719 45.8168 0 0
2.84513 45.8123 0 0
2.7521 45.8153 0 0
2.66037 45.8259 0 0
2.56849 45.8169 0 0
2.47521 45.8153 0 0
2.38276 45.8208 0 0
2.29136 45.8058 0 0
2.19809 45.7967 0 0
2.10504 45.7932 0 0
2.01457 45.7692 0 0
1.92075 45.7529 0 0
1.82536 45.7529 0 0
1.73155 45.7606 0 0
1.63899 45.7468 0 0
1.54488 45.7376 0 0
1.45113 45.7335 0 0
1.36112 45.7072 0 0
1.26863 45.6862 0 0
1.17564 45.6708 0 0
1.08917 45.6335 0 0
0.999647 45.6001 0 0
0.909 45.5711 0 0
0.828778 45.5194 0 0
0.745365 45.4695 0 0
0.660479 45.4214 0 0
0.590486 45.3517 0 0
0.515974 45.2816 0 0
0.432128 45.2174 0 0
0.336319 45.1659 0 0
0.226702 45.1619 0 0
0.142509 45.2398 0 0
0.0826356 45.3314 0 0
0.0391557 45.4272 0 0
0.0124624 45.526 0 0
0.00552008 45.6265 0 0
0.0171758 45.7257 0 0
0.0424531 45.8225 0 2
0.0765281 45.9165 0 2
0.114891 46.009 0 2
0.153301 46.1014 0 2
0.18755 46.1954 0 2
0.213249 46.2921 0 2
0.225752 46.3912 0 2
0.220409 46.4909 0 2
0.19329 46.5868 0 2
0.142395 46.6724 0 2
0.0690091 46.7396 0 2
-0.0215271 46.7808 0 2
-0.120441 46.791 0 2
-0.217632 46.7697 0 2
-0.304302 46.7207 0 2
-0.374796 46.6501 0 2
-0.427039 46.5651 0 2
-0.461862 46.4714 0 2
-0.481941 46.3735 0 2
-0.490861 46.2738 0 2
-0.49252 46.1737 0 2
-0.490844 46.0736 0 2
-0.489716 45.9736 0 2
-0.492992 45.8735 0 2
-0.504519 45.774 0 2
-0.527775 45.6757 0 2
-0.564255 45.58 0 2
-0.614933 45.4886 0 2
-0.68202 45.4046 0 2
-0.773356 45.3419 0 2
-0.87887 45.3681 0 2
-0.971067 45.4231 0 2
-1.06688 45.47 0 2
-1.16262 45.5169 0 2
-1.26504 45.5467 0 2
-1.36794 45.5817 0 2
-1.46879 45.6205 0 2
-1.5746 45.6428 0 2
-1.68136 45.6689 0 2
-1.78661 45.698 0 2
-1.89528 45.7091 0 2
-2.00552 45.723 0 2
-2.11499 45.7388 0 2
-2.22577 45.7356 0 2
-2.33906 45.7342 0 2
-2.45289 45.7375 0 2
-2.56517 45.7415 0 2
-2.67638 45.7253 0 2
-2.78962 45.7094 0 2
-2.90339 45.6974 0 2
-3.01542 45.686 0 2
-3.12359 45.6547 0 2
-3.23357 45.6236 0 2
-3.34446 45.5964 0 2
-3.45358 45.5711 0 2
-3.55639 45.5269 0 2
-3.66069 45.4831 0 2
-3.76446 45.4402 0 2
-3.85919 45.3797 0 2
-3.95659 45.3188 0 2
-4.05639 45.2607 0 2
-4.15521 45.2027 0 2
-4.2422 45.1274 0 2
-4.33163 45.0496 0 2
-4.42595 44.9744 0 2
-4.53273 44.9167 0 2
-4.63581 44.9653 0 2
-4.71906 45.0365 0 2
-4.78901 45.1156 0 2
-4.84716 45.2005 0 2
-4.89251 45.2909 0 2
-4.92471 45.3857 0 2
-4.94524 45.4835 0 2
-4.95646 45.5828 0 2
-4.96087 45.6827 0 2
-4.96104 45.7826 0 2
-4.95954 45.8826 0 2
-4.95894 45.9826 0 2
-4.96174 46.0826 0 2
-4.97045 46.1822 0 2
-4.98748 46.2807 0 2
-5.01508 46.3768 0 2
-5.05516 46.4683 0 2
-5.10897 46.5524 0 2
-5.17685 46.6256 0 2
-5.25782 46.6839 0 2
-5.34941 46.7234 0 2
-5.44756 46.7409 0 2
-5.54704 46.7345 0 2
-5.642 46.7042 0 2
-5.72681 46.6518 0 2
-5.79692 46.5809 0 2
-5.84932 46.496 0 2
-5.88277 46.402 0 2
-5.89762 46.3033 0 2
-5.89541 46.2034 0 2
-5.87841 46.105 0 2
-5.84925 46.0094 0 2
-5.8106 45.9172 0 2
-5.76502 45.8282 0 2
-5.71489 45.7416 0 2
-5.66244 45.6565 0 2
-5.60979 45.5715 0 2
-5.55908 45.4853 0 2
-5.5125 45.3969 0 2
-5.47242 45.3054 0 2
-5.44133 45.2105 0 2
-5.42178 45.1124 0 2
-5.41585 45.0117 0 2
-5.42401 44.9098 0 2
-5.44636 44.8078 0 2
-5.48531 44.7075 0 2
-5.55189 44.6184 0 2
-5.66467 44.6044 0 2
-5.77773 44.6192 0 2
-5.88699 44.6417 0 2
-5.99784 44.6485 0 2
-6.10882 44.6588 0 2
-6.21714 44.6736 0 2
-6.32607 44.6708 0 2
-6.43513 44.6676 0 2
-6.54259 44.6468 0 2
-6.65321 44.6303 0 2
-6.76412 44.6171 0 2
-6.8718 44.5864 0 2
-6.98278 44.5575 0 2
-7.09554 44.533 0 2
-7.20707 44.5097 0 2
-7.31313 44.4679 0 2
-7.42138 44.4262 0 2
-7.53118 44.388 0 2
-7.63946 44.351 0 2
-7.73996 44.2964 0 2
-7.84235 44.2415 0 2
-7.94634 44.1905 0 2
-8.04902 44.1419 0 2
-8.14207 44.0769 0 2
-8.23681 44.0122 0 2
-8.33129 43.949 0 2
-8.41402 43.8708 0 2
-8.49945 43.792 0 2
-8.58788 43.7156 0 2
-8.67542 43.6398 0 2
-8.74872 43.5498 0 2
-8.82353 43.4574 0 2
-8.90074 43.3651 0 2
-8.97939 43.2737 0 2
-9.06164 43.1864 0 2
-9.15779 43.1189 0 2
-9.26807 43.1393 0 2
-9.36622 43.1848 0 2
-9.45492 43.2406 0 2
-9.5354 43.304 0 2
-9.60789 43.3742 0 2
-9.67268 43.4504 0 2
-9.73102 43.5314 0 2
-9.78417 43.616 0 2
-9.83359 43.7029 0 2
-9.88088 43.7909 0 2
-9.92775 43.8792 0 2
-9.9759 43.9668 0 2
-10.027 44.0527 0 2
-10.0827 44.1357 0 2
-10.1443 44.2144 0 2
-10.213 44.2871 0 2
-10.2894 44.3515 0 2
-10.3736 44.4052 0 2
-10.4649 44.4456 0 2
-10.5618 44.4698 0 2
-10.6614 44.4755 0 2
-10.7601 44.461 0 2
-10.8533 44.4254 0 2
-10.936 44.3698 0 2
-11.0036 44.2965 0 2
-11.0523 44.2095 0 2
-11.0796 44.1137 0 2
-11.085 44.0141 0 2
-11.0696 43.9156 0 2
-11.0354 43.8218 0 2
-10.9857 43.7353 0 2
-10.9237 43.657 0 2
-10.8526 43.5869 0 2
-10.775 43.5239 0 2
-10.6934 43.4664 0 2
-10.6095 43.412 0 2
-10.5253 43.3583 0 2
-10.4422 43.3027 0 2
-10.3623 43.2429 0 2
-10.2876 43.1767 0 2
-10.2209 43.1025 0 2
-10.1653 43.0194 0 2
-10.123 42.9279 0 2
-10.095 42.8295 0 2
-10.081 42.7259 0 2
-10.0834 42.6184 0 2
-10.1161 42.5123 0 2
-10.2198 42.4619 0 2
-10.3332 42.4378 0 2
-10.4457 42.4219 0 2
-10.5545 42.3914 0 2
-10.6648 42.3641 0 2
-10.7739 42.3416 0 2
-10.878 42.3033 0 2
-10.9822 42.2647 0 2
-11.0799 42.2107 0 2
-11.1818 42.1596 0 2
-11.2849 42.1114 0 2
-11.38 42.0483 0 2
-11.4787 41.9859 0 2
-11.5802 41.9273 0 2
-11.6811 41.871 0 2
-11.772 41.8 0 2
-11.8649 41.7292 0 2
-11.9578 41.6597 0 2
-12.0389 41.5767 0 2
-12.1228 41.4928 0 2
-12.2094 41.4109 0 2
-12.2951 41.3303 0 2
-12.3669 41.2369 0 2
-12.4401 41.1416 0 2
-12.5156 41.0474 0 2
-12.5927 40.9557 0 2
-12.6685 40.8667 0 2
-12.7293 40.7671 0 2
-12.7912 40.6675 0 2
-12.8533 40.5696 0 2
-12.8996 40.4632 0 2
-12.9479 40.3556 0 2
-12.9998 40.2497 0 2
-13.0518 40.1461 0 2
-13.0882 40.0359 0 2
-13.1302 39.9261 0 2
-13.195 39.8293 0 2
-13.3046 39.8092 0 2
-13.4123 39.8156 0 2
-13.5157 39.8318 0 2
-13.6161 39.8524 0 2
-13.7146 39.875 0 2
-13.812 39.8988 0 2
-13.9089 39.9234 0 2
-14.0056 39.9486 0 2
-14.1023 39.974 0 2
-14.1991 39.9991 0 2
-14.2961 40.0234 0 2
-14.3935 40.0463 0 2
-14.4913 40.0669 0 2
-14.5898 40.0846 0 2
-14.6889 40.0982 0 2
-14.7885 40.1069 0 2
-14.8885 40.1092 0 2
-14.9884 40.104 0 2
-15.0874 40.0899 0 2
-15.1844 40.0655 0 2
-15.2776 40.0294 0 2
-15.3648 39.9805 0 2
-15.4431 39.9185 0 2
-15.509 39.8436 0 2
-15.5589 39.7572 0 2
-15.5892 39.6622 0 2
-15.5971 39.5628 0 2
-15.5813 39.4644 0 2
-15.5423 39.3728 0 2
-15.4825 39.2931 0 2
-15.4062 39.2291 0 2
-15.318 39.1826 0 2
-15.2225 39.1537 0 2
-15.1236 39.1405 0 2
-15.0238 39.1401 0 2
-14.9243 39.1492 0 2
-14.8255 39.1639 0 2
-14.727 39.1805 0 2
-14.6282 39.1948 0 2
-14.5287 39.2029 0 2
-14.429 39.2004 0 2
-14.3307 39.1835 0 2
-14.237 39.1487 0 2
-14.1512 39.0953 0 2
-14.0756 39.0261 0 2
-14.0106 38.9435 0 2
-13.9591 38.8481 0 2
-13.9369 38.7383 0 2
-14.0224 38.6495 0 2
-14.1203 38.5793 0 2
-14.2102 38.5006 0 2
-14.301 38.4226 0 2
-14.3912 38.3478 0 2
-14.4704 38.2618 0 2
-14.5522 38.1774 0 2
-14.6353 38.0974 0 2
-14.7064 38.0071 0 2
-14.7775 37.9166 0 2
-14.8356 37.8167 0 2
-14.8982 37.7168 0 2
-14.9626 37.6184 0 2
-15.0131 37.5117 0 2
-15.0665 37.4036 0 2
-15.1233 37.2969 0 2
-15.1803 37.1923 0 2
-15.222 37.0809 0 2
-15.265 36.9687 0 2
-15.3086 36.8577 0 2
-15.336 36.7416 0 2
-15.3653 36.6238 0 2
-15.3978 36.5067 0 2
-15.431 36.3919 0 2
-15.4475 36.2737 0 2
-15.4651 36.1544 0 2
-15.4834 36.0361 0 2
-15.4846 35.9163 0 2
-15.4869 35.794 0 2
-15.4918 35.6714 0 2
-15.4966 35.5501 0 2
-15.4836 35.4293 0 2
-15.4699 35.306 0 2
-15.4578 35.1818 0 2
-15.4506 35.0578 0 2
-15.4658 34.9373 0 2
-15.5543 34.8688 0 2
-15.6521 34.822 0 2
-15.7491 34.7813 0 2
-15.8434 34.7403 0 2
-15.9345 34.6958 0 2
-16.0223 34.6469 0 2
-16.1074 34.594 0 2
-16.1904 34.538 0 2
-16.2718 34.4795 0 2
-16.3518 34.4193 0 2
-16.4309 34.3577 0 2
-16.509 34.2951 0 2
-16.5865 34.2315 0 2
-16.6632 34.1671 0 2
-16.7392 34.1018 0 2
-16.814 34.0352 0 2
-16.8876 33.9672 0 2
-16.9592 33.8971 0 2
-17.0283 33.8246 0 2
-17.094 33.749 0 2
-17.1551 33.6696 0 2
-17.2101 33.586 0 2
-17.2573 33.4977 0 2
-17.2943 33.4048 0 2
-17.3188 33.3078 0 2
-17.3278 33.2083 0 2
-17.3188 33.1088 0 2
-17.2897 33.0134 0 2
-17.2398 32.9271 0 2
-17.1704 32.8556 0 2
-17.0851 32.8043 0 2
-16.9894 32.7769 0 2
-16.8898 32.7749 0 2
-16.7926 32.7968 0 2
-16.7025 32.8394 0 2
-16.6218 32.8981 0 2
-16.5509 32.9685 0 2
-16.4884 33.0464 0 2
-16.4314 33.1285 0 2
-16.3767 33.2122 0 2
-16.3205 33.2948 0 2
-16.259 33.3737 0 2
-16.1892 33.445 0 2
-16.1089 33.5042 0 2
-16.0177 33.5455 0 2
-15.9186 33.5653 0 2
-15.8159 33.5633 0 2
-15.713 33.5417 0 2
-15.6127 33.5001 0 2
-15.527 33.4276 0 2
-15.5397 33.2993 0 2
-15.5722 33.1757 0 2
-15.607 33.0564 0 2
-15.6259 32.9343 0 2
-15.6447 32.8116 0 2
-15.6635 32.6907 0 2
-15.6659 32.5685 0 2
-15.669 32.4447 0 2
-15.6752 32.3214 0 2
-15.6833 32.2011 0 2
-15.6749 32.0812 0 2
-15.6646 31.9613 0 2
-15.6378 31.8435 0 2
-15.6122 31.7222 0 2
-15.5891 31.5995 0 2
-15.5658 31.478 0 2
-15.5258 31.3607 0 2
-15.4846 31.241 0 2
-15.4437 31.1204 0 2
-15.4013 31.0011 0 2
-15.3418 30.889 0 2
-15.2791 30.7747 0 2
-15.214 30.659 0 2
-15.1456 30.5435 0 2
-15.0735 30.4292 0 2
-14.9976 30.3167 0 2
-14.918 30.2066 0 2
-14.8349 30.0991 0 2
-14.7488 29.994 0 2
-14.6614 29.8903 0 2
-14.5852 29.7793 0 2
-14.6112 29.6656 0 2
-14.6532 29.5614 0 2
-14.6933 29.4604 0 2
-14.7257 29.3593 0 2
-14.7483 29.2573 0 2
-14.7615 29.1547 0 2
-14.7667 29.052 0 2
-14.7666 28.9492 0 2
-14.7624 28.8464 0 2
-14.7545 28.7439 0 2
-14.7422 28.6418 0 2
-14.7239 28.5407 0 2
-14.6966 28.4417 0 2
-14.6555 28.3473 0 2
-14.5983 28.2614 0 2
-14.5248 28.1873 0 2
-14.4377 28.127 0 2
-14.3402 28.0791 0 2
