-10.0368 25.6334 0 1
-9.92592 25.6011 0 1
-9.86246 25.5007 0 1
-9.83383 25.383 0 1
-9.81114 25.2653 0 1
-9.78816 25.1489 0 1
-9.76438 25.0338 0 1
-9.74057 24.9201 0 1
-9.71827 24.8077 0 1
-9.69941 24.697 0 1
-9.68186 24.5898 0 1
-9.64307 24.4889 0 1
-9.60542 24.3875 0 1
-9.57018 24.2868 0 1
-9.51619 24.1949 0 1
-9.46428 24.1003 0 1
-9.41972 24.0023 0 1
-9.37942 23.9045 0 1
-9.32174 23.8162 0 1
-9.26616 23.7255 0 1
-9.21381 23.6342 0 1
-9.14533 23.554 0 1
-9.07885 23.4699 0 1
-9.01915 23.3807 0 1
-8.9632 23.2909 0 1
-8.89144 23.2133 0 1
-8.82131 23.1322 0 1
-8.75804 23.0459 0 1
-8.69932 22.9587 0 1
-8.62568 22.884 0 1
-8.55385 22.8063 0 1
-8.48515 22.7269 0 1
-8.4028 22.6617 0 1
-8.32169 22.5919 0 1
-8.24634 22.5156 0 1
-8.17453 22.4378 0 1
-8.0889 22.3756 0 1
-8.00305 22.3108 0 1
-7.91785 22.2449 0 1
-7.81999 22.198 0 1
-7.71868 22.149 0 1
-7.6158 22.0963 0 1
-7.51075 22.0418 0 1
-7.404 21.9844 0 1
-7.3066 21.911 0 1
-7.222 21.8266 0 1
-7.19236 21.7117 0 1
-7.16637 21.6013 0 1
-7.12749 21.4989 0 1
-7.06947 21.4088 0 1
-6.99141 21.337 0 1
-6.89716 21.2885 0 1
-6.79292 21.2644 0 1
-6.68401 21.2601 0 1
-6.57201 21.2657 0 1
-6.45613 21.2609 0 1
-6.36882 21.1863 0 1
-6.30028 21.0936 0 1
-6.24149 20.9961 0 1
-6.18768 20.8993 0 1
-6.11867 20.8134 0 1
-6.0516 20.7255 0 1
-5.98812 20.6368 0 1
-5.91078 20.5598 0 1
-5.83513 20.4788 0 1
-5.76563 20.3927 0 1
-5.70086 20.3056 0 1
-5.62278 20.2304 0 1
-5.54654 20.1519 0 1
-5.47385 20.0718 0 1
-5.38887 20.0046 0 1
-5.30516 19.9328 0 1
-5.22707 19.855 0 1
-5.15356 19.7757 0 1
-5.0681 19.7096 0 1
-4.9841 19.64 0 1
-4.90342 19.5683 0 1
-4.81186 19.5109 0 1
-4.72108 19.4487 0 1
-4.63525 19.38 0 1
-4.55376 19.3091 0 1
-4.46179 19.2529 0 1
-4.37083 19.193 0 1
-4.28291 19.1307 0 1
-4.18569 19.084 0 1
-4.08867 19.0324 0 1
-3.9958 18.9738 0 1
-3.90691 18.9126 0 1
-3.80916 18.8674 0 1
-3.71188 18.8184 0 1
-3.61697 18.7669 0 1
-3.51457 18.7323 0 1
-3.41155 18.693 0 1
-3.31134 18.6465 0 1
-3.21396 18.5976 0 1
-3.10948 18.5667 0 1
-3.00408 18.5326 0 1
-2.89934 18.4969 0 1
-2.78923 18.4813 0 1
-2.67538 18.4637 0 1
-2.55927 18.4425 0 1
-2.44122 18.419 0 1
-2.32218 18.3893 0 1
-2.21737 18.3279 0 1
-2.17184 18.2201 0 1
-2.1374 18.1138 0 1
-2.09709 18.0139 0 1
-2.04423 17.9231 0 1
-1.97638 17.8452 0 1
-1.89476 17.7836 0 1
-1.80276 17.7399 0 1
-1.70443 17.714 0 1
-1.60316 17.7052 0 1
-1.50181 17.7144 0 1
-1.40354 17.7422 0 1
-1.31129 17.7882 0 1
-1.22649 17.8497 0 1
-1.1477 17.9226 0 1
-1.06922 18.0013 0 1
-0.978046 18.0726 0 1
-0.855187 18.0671 0 1
-0.737142 18.0253 0 1
-0.623754 17.9779 0 1
-0.514057 17.929 0 1
-0.408049 17.8813 0 1
-0.295895 17.8528 0 1
-0.183225 17.8234 0 1
-0.0725435 17.7895 0 1
0.0351368 17.754 0 1
0.147026 17.7369 0 1
0.259843 17.7177 0 1
0.371922 17.6973 0 1
0.486297 17.6966 0 1
0.604194 17.6946 0 1
0.724222 17.6892 0 1
0.84508 17.6792 0 1
0.96353 17.6535 0 1
1.05525 17.575 0 1
1.14316 17.4985 0 1
1.23701 17.4347 0 1
1.33847 17.3884 0 1
1.4459 17.3624 0 1
1.5561 17.3577 0 1
1.66575 17.374 0 1
1.77245 17.4092 0 1
1.87636 17.4586 0 1
1.98313 17.5108 0 1
2.10404 17.5216 0 1
2.22554 17.4918 0 1
2.34341 17.4542 0 1
2.45816 17.4145 0 1
2.56954 17.3756 0 1
2.68538 17.3558 0 1
2.80197 17.3354 0 1
2.91712 17.3109 0 1
3.02948 17.2849 0 1
3.14437 17.277 0 1
3.26054 17.2673 0 1
3.37607 17.2564 0 1
3.49226 17.2647 0 1
3.6121 17.2721 0 1
3.73418 17.277 0 1
3.85735 17.2804 0 1
3.98098 17.2804 0 1
4.10293 17.2648 0 1
4.19992 17.1929 0 1
4.2922 17.1216 0 1
4.38918 17.0626 0 1
4.49259 17.0209 0 1
4.60091 16.999 0 1
4.71119 16.9981 0 1
4.82033 17.0176 0 1
4.92637 17.0547 0 1
5.02969 17.1053 0 1
5.13625 17.1577 0 1
5.25735 17.168 0 1
5.37848 17.137 0 1
5.49485 17.097 0 1
5.60753 17.0568 0 1
5.72481 17.0348 0 1
5.84298 17.0125 0 1
5.95978 16.9868 0 1
6.07405 16.9604 0 1
6.19096 16.9519 0 1
6.30939 16.9419 0 1
6.42714 16.9275 0 1
6.54255 16.9115 0 1
6.65893 16.9134 0 1
6.77699 16.9137 0 1
6.89476 16.9133 0 1
7.01165 16.9316 0 1
7.13263 16.9483 0 1
7.25699 16.9555 0 1
7.37455 16.9231 0 1
7.47149 16.8535 0 1
7.56605 16.787 0 1
7.66535 16.7333 0 1
7.77031 16.6963 0 1
7.87952 16.6786 0 1
7.99029 16.681 0 1
8.09992 16.7029 0 1
8.20666 16.7418 0 1
8.31133 16.7931 0 1
8.42084 16.8433 0 1
8.54463 16.8312 0 1
8.66693 16.8031 0 1
8.7884 16.7717 0 1
8.90881 16.7395 0 1
9.02697 16.7063 0 1
9.14205 16.6738 0 1
9.26046 16.6601 0 1
9.37988 16.646 0 1
9.49815 16.6283 0 1
9.61387 16.6094 0 1
9.73098 16.6086 0 1
9.8496 16.6066 0 1
9.96781 16.604 0 1
10.0854 16.6204 0 1
10.2068 16.6367 0 1
10.3309 16.6506 0 1
10.4572 16.6568 0 1
10.5754 16.6245 0 1
10.6722 16.5546 0 1
10.7664 16.4878 0 1
10.8654 16.4337 0 1
10.9702 16.3962 0 1
11.0793 16.3779 0 1
11.19 16.3799 0 1
11.2996 16.4012 0 1
11.4063 16.4396 0 1
11.5112 16.4902 0 1
11.6211 16.5392 0 1
11.7445 16.5252 0 1
11.8662 16.4949 0 1
11.9868 16.4613 0 1
12.1061 16.4268 0 1
12.2229 16.391 0 1
12.336 16.3554 0 1
12.4528 16.338 0 1
12.57 16.3199 0 1
12.6856 16.3009 0 1
12.8028 16.2998 0 1
12.9223 16.2971 0 1
13.0422 16.2908 0 1
13.161 16.2842 0 1
13.2796 16.2969 0 1
13.4013 16.3097 0 1
13.5249 16.3206 0 1
13.6493 16.3276 0 1
13.7728 16.3186 0 1
13.8735 16.2517 0 1
13.9693 16.1847 0 1
14.0691 16.1295 0 1
14.1742 16.0904 0 1
14.2835 16.07 0 1
14.3945 16.0693 0 1
14.5044 16.0879 0 1
14.6117 16.1236 0 1
14.7167 16.172 0 1
14.8248 16.2225 0 1
14.9476 16.2315 0 1
15.0717 16.201 0 1
15.1924 16.1635 0 1
15.3101 16.1244 0 1
15.4239 16.086 0 1
15.5417 16.0655 0 1
15.6595 16.0445 0 1
15.7753 16.0227 0 1
15.8932 16.0185 0 1
16.013 16.0125 0 1
16.1324 16.0024 0 1
16.2497 15.991 0 1
16.3673 15.9972 0 1
16.4867 16.0025 0 1
16.606 16.0073 0 1
16.7235 16.0303 0 1
16.8451 16.0523 0 1
16.9701 16.0652 0 1
17.0896 16.0385 0 1
17.1892 15.9729 0 1
17.286 15.9098 0 1
17.3867 15.8588 0 1
17.4925 15.8241 0 1
17.602 15.8084 0 1
17.7128 15.8127 0 1
17.8223 15.836 0 1
17.9286 15.8762 0 1
18.0327 15.9289 0 1
18.1416 15.9808 0 1
18.2661 15.9714 0 1
18.3899 15.9468 0 1
18.5134 15.92 0 1
18.6366 15.8938 0 1
18.7586 15.8679 0 1
18.8782 15.8413 0 1
18.9943 15.8153 0 1
19.1125 15.8082 0 1
19.2312 15.8009 0 1
19.3483 15.7931 0 1
19.4653 15.8037 0 1
19.5848 15.8134 0 1
19.7051 15.8202 0 1
19.8244 15.8274 0 1
19.9413 15.8538 0 1
20.0615 15.88 0 1
20.1852 15.8976 0 1
20.304 15.8742 0 1
20.403 15.8098 0 1
20.4985 15.747 0 1
20.5979 15.6964 0 1
20.7027 15.663 0 1
20.8111 15.6495 0 1
20.9202 15.6575 0 1
21.0269 15.6859 0 1
21.1294 15.7315 0 1
21.2295 15.7889 0 1
21.3351 15.8443 0 1
21.4577 15.8366 0 1
21.5794 15.8123 0 1
21.7004 15.785 0 1
21.8203 15.7572 0 1
21.9379 15.7283 0 1
22.0521 15.7 0 1
22.1689 15.691 0 1
22.2861 15.6817 0 1
22.4018 15.6718 0 1
22.5177 15.6807 0 1
22.6358 15.6887 0 1
22.7547 15.6934 0 1
22.8724 15.6983 0 1
22.988 15.7229 0 1
23.1063 15.7484 0 1
23.2264 15.7724 0 1
23.3477 15.7923 0 1
23.4696 15.7944 0 1
23.571 15.7328 0 1
23.666 15.6686 0 1
23.7641 15.6154 0 1
23.8675 15.5792 0 1
23.975 15.5637 0 1
24.0832 15.5708 0 1
24.1887 15.5992 0 1
24.2895 15.6458 0 1
24.3867 15.7049 0 1
24.4877 15.7651 0 1
24.6071 15.7823 0 1
24.7303 15.7584 0 1
24.8506 15.7271 0 1
24.9685 15.6945 0 1
25.0833 15.6636 0 1
25.2013 15.6526 0 1
25.3203 15.6424 0 1
25.4382 15.6293 0 1
25.5537 15.6157 0 1
25.6697 15.6212 0 1
25.7871 15.6263 0 1
25.9039 15.6314 0 1
26.0186 15.6561 0 1
26.1365 15.6816 0 1
26.2565 15.706 0 1
26.3774 15.7299 0 1
26.4987 15.7504 0 1
26.6202 15.7528 0 1
26.719 15.689 0 1
26.8103 15.6215 0 1
26.9049 15.5645 0 1
27.0058 15.5249 0 1
27.1117 15.507 0 1
27.2188 15.5125 0 1
27.3232 15.5405 0 1
27.4226 15.5873 0 1
27.5184 15.6467 0 1
27.6181 15.707 0 1
27.7356 15.7222 0 1
27.8546 15.6939 0 1
27.9691 15.6567 0 1
28.0805 15.62 0 1
28.1961 15.6036 0 1
28.3128 15.5881 0 1
28.4287 15.5702 0 1
28.5424 15.5525 0 1
28.6574 15.5549 0 1
28.7738 15.5572 0 1
28.89 15.5561 0 1
29.0041 15.5541 0 1
29.1167 15.5717 0 1
29.2308 15.5892 0 1
29.3444 15.6069 0 1
29.4538 15.6443 0 1
29.567 15.6812 0 1
29.6849 15.7074 0 1
29.8003 15.688 0 1
29.894 15.621 0 1
29.9821 15.553 0 1
30.0746 15.4964 0 1
30.1742 15.4586 0 1
30.2789 15.4449 0 1
30.3838 15.4572 0 1
30.484 15.4938 0 1
30.5776 15.5491 0 1
30.6684 15.6149 0 1
30.7678 15.6753 0 1
30.8864 15.6659 0 1
31.0035 15.6373 0 1
31.1198 15.605 0 1
31.2353 15.5726 0 1
31.3492 15.5397 0 1
31.4604 15.509 0 1
31.5751 15.4995 0 1
31.6909 15.4908 0 1
31.8059 15.479 0 1
31.9186 15.4667 0 1
32.0315 15.4748 0 1
32.1456 15.4829 0 1
32.2589 15.4911 0 1
32.3694 15.52 0 1
32.4827 15.5498 0 1
32.598 15.5777 0 1
32.7148 15.6006 0 1
32.8327 15.6032 0 1
32.9279 15.5368 0 1
33.0147 15.4659 0 1
33.105 15.4052 0 1
33.2027 15.3626 0 1
33.3065 15.3436 0 1
33.4117 15.3509 0 1
33.5131 15.3828 0 1
33.6083 15.4344 0 1
33.6996 15.4981 0 1
33.7963 15.5606 0 1
33.9128 15.5747 0 1
34.0313 15.5439 0 1
34.1464 15.5048 0 1
34.2592 15.4646 0 1
34.3696 15.4268 0 1
34.4847 15.41 0 1
34.601 15.3943 0 1
34.7167 15.3766 0 1
34.8305 15.3597 0 1
34.9455 15.3636 0 1
35.0621 15.3682 0 1
35.179 15.3705 0 1
35.2945 15.3739 0 1
35.4077 15.3986 0 1
35.5232 15.4252 0 1
35.6402 15.4507 0 1
35.7583 15.4719 0 1
35.8768 15.4732 0 1
35.9717 15.4061 0 1
36.058 15.3345 0 1
36.1479 15.2731 0 1
36.2454 15.2297 0 1
36.3492 15.2098 0 1
36.4546 15.2159 0 1
36.5565 15.2467 0 1
36.6523 15.2973 0 1
36.7444 15.3599 0 1
36.8418 15.4217 0 1
36.9582 15.4356 0 1
37.0762 15.4049 0 1
37.1905 15.3657 0 1
37.3019 15.3247 0 1
37.4099 15.2855 0 1
37.5228 15.2668 0 1
37.636 15.2485 0 1
37.7476 15.2304 0 1
37.8607 15.2324 0 1
37.9757 15.2338 0 1
38.0907 15.2315 0 1
38.2037 15.2286 0 1
38.3154 15.2459 0 1
38.4286 15.2633 0 1
38.5414 15.2813 0 1
38.6496 15.3194 0 1
38.7615 15.3576 0 1
38.8784 15.3853 0 1
38.9933 15.3669 0 1
39.0868 15.3002 0 1
39.1745 15.2322 0 1
39.2669 15.176 0 1
39.3665 15.1394 0 1
39.4711 15.1275 0 1
39.5754 15.1426 0 1
39.6742 15.182 0 1
39.7658 15.2402 0 1
39.8543 15.3085 0 1
39.952 15.3711 0 1
40.0709 15.3637 0 1
40.1889 15.3373 0 1
40.3068 15.3082 0 1
40.4247 15.2801 0 1
40.5418 15.253 0 1
40.6569 15.2259 0 1
40.769 15.2007 0 1
40.8833 15.1969 0 1
40.9981 15.1939 0 1
41.1116 15.1915 0 1
41.2238 15.2097 0 1
41.3381 15.2282 0 1
41.4533 15.2442 0 1
41.5672 15.2615 0 1
41.6764 15.2997 0 1
41.7885 15.3386 0 1
41.9051 15.3674 0 1
42.0195 15.3493 0 1
42.1117 15.2813 0 1
42.1973 15.2114 0 1
42.2875 15.1529 0 1
42.3857 15.1143 0 1
42.4895 15.1016 0 1
42.5929 15.1175 0 1
42.6902 15.1588 0 1
42.7797 15.2191 0 1
42.8661 15.2893 0 1
42.9622 15.3532 0 1
43.0796 15.3452 0 1
43.1955 15.317 0 1
43.3107 15.2853 0 1
43.4251 15.2534 0 1
43.5376 15.2211 0 1
43.6473 15.1906 0 1
43.7603 15.1817 0 1
43.8739 15.1735 0 1
43.9863 15.166 0 1
44.0982 15.1795 0 1
44.2121 15.1933 0 1
44.3267 15.2045 0 1
44.4399 15.2167 0 1
44.549 15.2506 0 1
44.6601 15.2868 0 1
44.7728 15.3219 0 1
44.887 15.3523 0 1
45.0034 15.3611 0 1
45.0983 15.2961 0 1
45.1825 15.2239 0 1
45.2694 15.1607 0 1
45.3647 15.116 0 1
45.4671 15.0974 0 1
45.5704 15.1086 0 1
45.6679 15.1472 0 1
45.757 15.2064 0 1
45.8414 15.2771 0 1
45.9329 15.3453 0 1
46.0471 15.3627 0 1
46.1638 15.3331 0 1
46.2769 15.2946 0 1
46.3878 15.2549 0 1
46.4963 15.2181 0 1
46.6095 15.2035 0 1
46.7239 15.1904 0 1
46.8375 15.175 0 1
46.949 15.1601 0 1
47.0611 15.1668 0 1
47.1744 15.1742 0 1
47.2869 15.1826 0 1
47.3961 15.213 0 1
47.508 15.2453 0 1
47.6216 15.2773 0 1
47.7358 15.3092 0 1
47.8508 15.337 0 1
47.9671 15.3433 0 1
48.0592 15.2749 0 1
48.1396 15.1992 0 1
48.2231 15.1323 0 1
48.3159 15.084 0 1
48.4173 15.063 0 1
48.5201 15.0733 0 1
48.6171 15.112 0 1
48.7056 15.171 0 1
48.79 15.2409 0 1
48.8821 15.3071 0 1
48.9956 15.3201 0 1
49.1084 15.284 0 1
49.2158 15.2375 0 1
49.3203 15.1922 0 1
49.4311 15.1682 0 1
49.5432 15.1455 0 1
49.6542 15.1203 0 1
49.7629 15.0955 0 1
49.8742 15.092 0 1
49.9864 15.0888 0 1
50.0977 15.086 0 1
50.2076 15.1047 0 1
50.3198 15.1236 0 1
50.4329 15.14 0 1
50.5448 15.1579 0 1
50.6514 15.1976 0 1
50.7609 15.2385 0 1
50.8754 15.2689 0 1
50.9883 15.2507 0 1
51.0777 15.1807 0 1
51.1593 15.1074 0 1
51.2455 15.0448 0 1
51.3408 15.0021 0 1
51.4432 14.9873 0 1
51.5453 15.0039 0 1
51.6401 15.0481 0 1
51.7261 15.1117 0 1
51.8093 15.1843 0 1
51.9037 15.2492 0 1
52.0198 15.2386 0 1
52.1338 15.2066 0 1
52.247 15.1709 0 1
52.3598 15.1354 0 1
52.4712 15.1002 0 1
52.5805 15.068 0 1
52.6937 15.0584 0 1
52.808 15.0504 0 1
52.9218 15.04 0 1
53.0334 15.0302 0 1
53.1448 15.042 0 1
53.2571 15.0546 0 1
53.3686 15.0682 0 1
53.4758 15.1034 0 1
53.5854 15.1404 0 1
53.6969 15.176 0 1
53.8101 15.2065 0 1
53.9256 15.2147 0 1
54.0183 15.1475 0 1
54.0996 15.0728 0 1
54.184 15.007 0 1
54.2776 14.9602 0 1
54.3793 14.9406 0 1
54.482 14.9525 0 1
54.5783 14.9928 0 1
54.6659 15.0534 0 1
54.7488 15.125 0 1
54.8397 15.1935 0 1
54.9533 15.2099 0 1
55.0689 15.1785 0 1
55.181 15.1382 0 1
55.2908 15.0971 0 1
55.3987 15.0594 0 1
55.5116 15.0446 0 1
55.6259 15.0318 0 1
55.7397 15.0172 0 1
55.8519 15.0044 0 1
55.9643 15.0141 0 1
56.0783 15.0254 0 1
56.1926 15.0349 0 1
56.3053 15.0461 0 1
56.4138 15.08 0 1
56.5237 15.1168 0 1
56.6352 15.153 0 1
56.7481 15.1844 0 1
56.8633 15.1936 0 1
56.9566 15.1272 0 1
57.0382 15.053 0 1
57.123 14.9878 0 1
57.217 14.9419 0 1
57.3187 14.9236 0 1
57.4212 14.937 0 1
57.5167 14.979 0 1
57.603 15.0411 0 1
57.6847 15.1141 0 1
57.7745 15.1837 0 1
57.8878 15.2012 0 1
58.0033 15.1707 0 1
58.1149 15.1308 0 1
58.2239 15.0895 0 1
58.3301 15.0507 0 1
58.4412 15.0339 0 1
58.5529 15.0182 0 1
58.6634 15.0036 0 1
58.7747 15.0106 0 1
58.8876 15.018 0 1
59.0007 15.022 0 1
59.112 15.0261 0 1
59.2203 15.0516 0 1
59.3296 15.0783 0 1
59.4382 15.106 0 1
59.54 15.1545 0 1
59.6451 15.2033 0 1
59.7564 15.2407 0 1
59.8689 15.2272 0 1
59.9579 15.158 0 1
60.0377 15.0838 0 1
60.1218 15.0198 0 1
60.2161 14.9767 0 1
60.3178 14.9641 0 1
60.4182 14.9856 0 1
60.509 15.036 0 1
60.5896 15.1053 0 1
60.667 15.1831 0 1
60.7574 15.2525 0 1
60.872 15.245 0 1
60.9847 15.2149 0 1
61.0967 15.181 0 1
61.2083 15.1475 0 1
61.3188 15.1145 0 1
61.4275 15.0853 0 1
61.5397 15.0802 0 1
61.6531 15.0774 0 1
61.7663 15.073 0 1
61.8778 15.0705 0 1
61.9873 15.0918 0 1
62.098 15.1152 0 1
62.2092 15.1369 0 1
62.3188 15.1607 0 1
62.4214 15.2069 0 1
62.5263 15.2549 0 1
62.637 15.2917 0 1
62.7481 15.2764 0 1
62.8348 15.205 0 1
62.9114 15.1286 0 1
62.9927 15.062 0 1
63.0849 15.0164 0 1
63.1856 15.0023 0 1
63.285 15.0243 0 1
63.3744 15.0759 0 1
63.4535 15.1459 0 1
63.5301 15.2235 0 1
63.6208 15.2913 0 1
63.7345 15.2792 0 1
63.8453 15.2437 0 1
63.955 15.2039 0 1
64.0641 15.1642 0 1
64.1717 15.1246 0 1
64.277 15.0878 0 1
64.3872 15.074 0 1
64.4982 15.0619 0 1
64.6082 15.0513 0 1
64.7182 15.0636 0 1
64.8299 15.0771 0 1
64.9422 15.0882 0 1
65.0531 15.1013 0 1
65.159 15.1378 0 1
65.2662 15.1776 0 1
65.3748 15.2167 0 1
65.4852 15.2505 0 1
65.5985 15.2601 0 1
65.6875 15.1901 0 1
65.7619 15.1104 0 1
65.8388 15.038 0 1
65.9264 14.9835 0 1
66.025 14.9584 0 1
66.126 14.9696 0 1
66.2192 15.013 0 1
66.3017 15.0779 0 1
66.3799 15.1527 0 1
66.4683 15.222 0 1
66.5802 15.2345 0 1
66.6914 15.1958 0 1
66.7979 15.147 0 1
66.902 15.0972 0 1
67.0046 15.051 0 1
67.1143 15.0278 0 1
67.2253 15.0064 0 1
67.3353 14.9826 0 1
67.4434 14.9598 0 1
67.5534 14.9596 0 1
67.6644 14.9603 0 1
67.7744 14.9619 0 1
67.882 14.986 0 1
67.9915 15.0113 0 1
68.102 15.0343 0 1
68.2109 15.059 0 1
68.3143 15.1032 0 1
68.4235 15.1386 0 1
68.5343 15.122 0 1
68.6215 15.0508 0 1
68.6994 14.975 0 1
68.782 14.9093 0 1
68.8754 14.8647 0 1
68.9768 14.8505 0 1
69.0774 14.8704 0 1
69.1693 14.9185 0 1
69.2521 14.985 0 1
69.3322 15.0598 0 1
69.4251 15.1255 0 1
69.5406 15.1128 0 1
69.6538 15.0781 0 1
69.7667 15.0404 0 1
69.88 15.0039 0 1
69.9929 14.9689 0 1
70.1042 14.9347 0 1
70.213 14.9033 0 1
70.3253 14.8947 0 1
70.4384 14.8878 0 1
70.5502 14.8823 0 1
70.6611 14.8991 0 1
70.7738 14.9172 0 1
70.8871 14.9334 0 1
70.999 14.9517 0 1
71.1055 14.9922 0 1
71.2146 15.0341 0 1
71.3285 15.0655 0 1
71.4409 15.0475 0 1
71.5287 14.9761 0 1
71.6077 14.9008 0 1
71.6914 14.8356 0 1
71.7851 14.7905 0 1
71.8867 14.7745 0 1
71.9883 14.7913 0 1
72.0821 14.8367 0 1
72.1668 14.9013 0 1
72.2486 14.9746 0 1
72.3425 15.0396 0 1
72.4575 15.0275 0 1
72.5701 14.9935 0 1
72.682 14.9561 0 1
72.7935 14.9192 0 1
72.9038 14.883 0 1
73.0123 14.8504 0 1
73.1248 14.8413 0 1
73.2386 14.8342 0 1
73.3518 14.825 0 1
73.463 14.8169 0 1
73.5734 14.8311 0 1
73.6846 14.8466 0 1
73.7949 14.8634 0 1
73.9 14.9024 0 1
74.0072 14.9437 0 1
74.1162 14.9838 0 1
74.2271 15.0188 0 1
74.3411 15.0304 0 1
74.4329 14.9634 0 1
74.5117 14.8872 0 1
74.5929 14.819 0 1
74.684 14.7692 0 1
74.7842 14.7478 0 1
74.8857 14.7607 0 1
74.9794 14.8044 0 1
75.0628 14.8691 0 1
75.1416 14.9441 0 1
75.2297 15.0148 0 1
75.342 15.0311 0 1
75.4558 14.9978 0 1
75.5655 14.9548 0 1
75.6731 14.9112 0 1
75.779 14.8712 0 1
75.8904 14.8546 0 1
76.0033 14.84 0 1
76.1154 14.8235 0 1
76.2256 14.8082 0 1
76.3364 14.8158 0 1
76.4482 14.825 0 1
76.5591 14.8358 0 1
76.6659 14.8697 0 1
76.775 14.9063 0 1
76.8857 14.9431 0 1
76.9968 14.9801 0 1
77.1089 15.0133 0 1
77.2234 15.024 0 1
77.3154 14.9569 0 1
77.3946 14.8809 0 1
77.4765 14.8133 0 1
77.5681 14.7644 0 1
77.6688 14.7444 0 1
77.7703 14.7585 0 1
77.8638 14.8029 0 1
77.9472 14.8679 0 1
78.0261 14.943 0 1
78.1144 15.0135 0 1
78.2272 15.0292 0 1
78.3413 14.9956 0 1
78.4513 14.9524 0 1
78.5588 14.9077 0 1
78.6636 14.8658 0 1
78.7741 14.8459 0 1
78.8853 14.8275 0 1
78.9954 14.8104 0 1
79.1067 14.8152 0 1
79.2198 14.8205 0 1
79.3329 14.8228 0 1
79.4442 14.8255 0 1
79.5527 14.85 0 1
79.6622 14.8757 0 1
79.7709 14.9028 0 1
79.8728 14.9509 0 1
79.9779 14.9996 0 1
80.0891 15.0369 0 1
80.2012 15.0232 0 1
80.2893 14.9533 0 1
80.3678 14.8782 0 1
80.4508 14.8132 0 1
80.5441 14.7689 0 1
80.6454 14.7552 0 1
80.7455 14.7761 0 1
80.8364 14.8259 0 1
80.9171 14.8945 0 1
80.9951 14.9714 0 1
81.0863 15.0393 0 1
81.2006 15.0289 0 1
81.3125 14.9958 0 1
81.4237 14.9589 0 1
81.5346 14.9225 0 1
81.6443 14.8869 0 1
81.7526 14.8551 0 1
81.8648 14.8474 0 1
81.9784 14.8422 0 1
82.0917 14.8355 0 1
82.2034 14.8309 0 1
82.3136 14.8501 0 1
82.425 14.8716 0 1
82.5368 14.8917 0 1
82.647 14.9139 0 1
82.7506 14.9588 0 1
82.8564 15.0055 0 1
82.9677 15.0415 0 1
83.0793 15.0262 0 1
83.1668 14.9554 0 1
83.2445 14.8797 0 1
83.3267 14.814 0 1
83.4199 14.7697 0 1
83.521 14.7565 0 1
83.6208 14.7781 0 1
83.7112 14.8286 0 1
83.7918 14.8972 0 1
83.87 14.9736 0 1
83.9616 15.0405 0 1
84.0759 15.0282 0 1
84.1875 14.993 0 1
84.2982 14.9539 0 1
84.4084 14.9149 0 1
84.5171 14.8762 0 1
84.6235 14.8404 0 1
84.7346 14.8274 0 1
84.8465 14.816 0 1
84.9573 14.806 0 1
85.068 14.8187 0 1
85.1806 14.8324 0 1
85.2937 14.8441 0 1
85.4053 14.8577 0 1
85.5121 14.8943 0 1
85.6202 14.9341 0 1
85.7297 14.9733 0 1
85.8408 15.0076 0 1
85.9549 15.0183 0 1
86.0456 14.9502 0 1
86.1227 14.8727 0 1
86.2022 14.8029 0 1
86.2917 14.7509 0 1
86.3912 14.7275 0 1
86.4926 14.7389 0 1
86.5865 14.7815 0 1
86.6699 14.8457 0 1
86.7488 14.9203 0 1
86.8374 14.9898 0 1
86.9496 15.0038 0 1
87.0618 14.9675 0 1
87.1695 14.9213 0 1
87.2745 14.8739 0 1
87.3772 14.8293 0 1
87.4863 14.8073 0 1
87.5962 14.7869 0 1
87.7051 14.768 0 1
87.8156 14.7717 0 1
87.928 14.7763 0 1
88.0406 14.7782 0 1
88.1517 14.7815 0 1
88.2598 14.8079 0 1
88.3692 14.8363 0 1
88.4793 14.8632 0 1
88.5877 14.8919 0 1
88.6897 14.9398 0 1
88.7978 14.979 0 1
88.9088 14.9657 0 1
88.9968 14.8959 0 1
89.0751 14.8209 0 1
89.1579 14.7558 0 1
89.2514 14.7122 0 1
89.3528 14.7 0 1
89.4525 14.7229 0 1
89.5424 14.7744 0 1
89.6222 14.844 0 1
89.6994 14.9215 0 1
89.79 14.9902 0 1
89.905 14.9805 0 1
90.0183 14.9485 0 1
90.1312 14.9134 0 1
90.2446 14.8797 0 1
90.3576 14.8477 0 1
90.469 14.8165 0 1
90.578 14.7883 0 1
90.6899 14.7835 0 1
90.8024 14.7806 0 1
90.9138 14.7793 0 1
91.0233 14.8008 0 1
91.1345 14.8239 0 1
91.2465 14.8451 0 1
91.3569 14.8684 0 1
91.4607 14.914 0 1
91.5668 14.9614 0 1
91.6784 14.9983 0 1
91.7907 14.9847 0 1
91.8801 14.916 0 1
91.9606 14.8426 0 1
92.0456 14.7798 0 1
92.1405 14.7383 0 1
92.2424 14.7274 0 1
92.3426 14.7501 0 1
92.4334 14.8008 0 1
92.5142 14.8698 0 1
92.592 14.9471 0 1
92.6828 15.016 0 1
92.798 15.0076 0 1
92.9115 14.977 0 1
93.0243 14.9428 0 1
93.1369 14.9093 0 1
93.2482 14.8765 0 1
93.3577 14.8473 0 1
93.4706 14.8418 0 1
93.5846 14.8385 0 1
93.6981 14.8333 0 1
93.8095 14.8291 0 1
93.9194 14.8473 0 1
94.0301 14.8669 0 1
94.1397 14.8878 0 1
94.2433 14.9308 0 1
94.3488 14.9761 0 1
94.4562 15.0204 0 1
94.5656 15.0595 0 1
94.679 15.0748 0 1
94.7717 15.0098 0 1
94.8508 14.9345 0 1
94.932 14.8667 0 1
95.0227 14.817 0 1
95.1226 14.7965 0 1
95.2234 14.8113 0 1
95.3155 14.8575 0 1
95.3962 14.9249 0 1
95.4719 15.0026 0 1
95.5574 15.0759 0 1
95.6685 15.0949 0 1
95.7819 15.0636 0 1
95.8913 15.0226 0 1
95.9985 14.9808 0 1
96.1041 14.9429 0 1
96.2149 14.9289 0 1
96.327 14.9172 0 1
96.4384 14.9032 0 1
96.5477 14.8904 0 1
96.657 14.9006 0 1
96.767 14.9121 0 1
96.8758 14.9244 0 1
96.9801 14.9593 0 1
97.086 14.9955 0 1
97.1929 15.0297 0 1
97.2981 15.0652 0 1
97.3958 15.1194 0 1
97.5006 15.1645 0 1
97.6109 15.1553 0 1
97.6987 15.0864 0 1
97.7756 15.0109 0 1
97.8566 14.9447 0 1
97.9488 14.9001 0 1
98.0495 14.8887 0 1
98.1478 14.9145 0 1
98.2347 14.9703 0 1
98.3109 15.0441 0 1
98.3848 15.1253 0 1
98.4734 15.1975 0 1
98.5906 15.1876 0 1
98.6985 15.139 0 1
98.8008 15.0877 0 1
98.9104 15.0582 0 1
99.0215 15.032 0 1
99.1318 15.0054 0 1
99.2404 14.9816 0 1
99.3514 14.982 0 1
99.4637 14.9843 0 1
99.5758 14.9842 0 1
99.6859 14.9851 0 1
99.7933 15.0092 0 1
99.9016 15.035 0 1
100.009 15.0624 0 1
100.109 15.1117 0 1
100.211 15.162 0 1
100.321 15.2004 0 1
100.431 15.1859 0 1
100.517 15.1137 0 1
100.591 15.0358 0 1
100.671 14.9675 0 1
100.762 14.9205 0 1
100.862 14.9063 0 1
100.961 14.9292 0 1
101.049 14.9825 0 1
101.126 15.0541 0 1
101.201 15.133 0 1
101.29 15.2016 0 1
101.404 15.1889 0 1
101.514 15.1525 0 1
101.623 15.1119 0 1
101.732 15.0717 0 1
101.839 15.0322 0 1
101.946 14.9967 0 1
102.057 14.9852 0 1
102.17 14.9761 0 1
102.282 14.965 0 1
102.392 14.9553 0 1
102.502 14.969 0 1
102.612 14.9845 0 1
102.722 15.0018 0 1
102.826 15.0424 0 1
102.932 15.0861 0 1
103.041 15.1286 0 1
103.154 15.1611 0 1
103.265 15.1429 0 1
103.35 15.0698 0 1
103.426 14.992 0 1
103.506 14.9242 0 1
103.598 14.8773 0 1
103.698 14.8619 0 1
103.798 14.8824 0 1
103.888 14.9325 0 1
103.969 15.001 0 1
104.047 15.0772 0 1
104.139 15.1434 0 1
104.253 15.1295 0 1
104.363 15.0924 0 1
104.473 15.0513 0 1
104.581 15.0103 0 1
104.689 14.9695 0 1
104.794 14.9316 0 1
104.904 14.9167 0 1
105.016 14.9034 0 1
105.126 14.8917 0 1
105.236 14.9028 0 1
105.348 14.915 0 1
105.461 14.9251 0 1
105.573 14.9371 0 1
105.679 14.9725 0 1
105.787 15.0113 0 1
105.897 15.0493 0 1
106.008 15.0825 0 1
106.122 15.0922 0 1
106.212 15.0237 0 1
106.29 14.9462 0 1
106.37 14.8767 0 1
106.46 14.8257 0 1
106.56 14.8035 0 1
106.661 14.8159 0 1
106.755 14.8591 0 1
106.839 14.9233 0 1
106.918 14.9977 0 1
107.007 15.0674 0 1
107.119 15.082 0 1
107.232 15.0468 0 1
107.341 15.0018 0 1
107.447 14.9555 0 1
107.551 14.9119 0 1
107.661 14.8907 0 1
107.771 14.8709 0 1
107.881 14.8526 0 1
107.992 14.8566 0 1
108.105 14.8613 0 1
108.218 14.8634 0 1
108.329 14.8668 0 1
108.438 14.8929 0 1
108.548 14.921 0 1
108.659 14.9475 0 1
108.768 14.9757 0 1
108.871 15.023 0 1
108.98 15.0618 0 1
109.092 15.0491 0 1
109.181 14.9804 0 1
109.261 14.9067 0 1
109.345 14.8431 0 1
109.44 14.8007 0 1
109.541 14.7887 0 1
109.642 14.8106 0 1
109.733 14.8608 0 1
109.814 14.9296 0 1
109.891 15.0069 0 1
109.982 15.076 0 1
110.097 15.0683 0 1
110.211 15.0386 0 1
110.325 15.0058 0 1
110.439 14.9744 0 1
110.552 14.9445 0 1
110.664 14.9153 0 1
110.774 14.889 0 1
110.885 14.8861 0 1
110.998 14.8849 0 1
111.109 14.8853 0 1
111.218 14.9083 0 1
111.329 14.9326 0 1
111.441 14.955 0 1
111.551 14.9793 0 1
111.654 15.0257 0 1
111.76 15.0737 0 1
111.871 15.111 0 1
111.983 15.0975 0 1
112.073 15.0286 0 1
112.153 14.9549 0 1
112.237 14.8916 0 1
112.332 14.8495 0 1
112.434 14.8383 0 1
112.534 14.8611 0 1
112.624 14.9124 0 1
112.704 14.9821 0 1
112.781 15.06 0 1
112.872 15.1294 0 1
112.986 15.1216 0 1
113.099 15.0912 0 1
113.211 15.0569 0 1
113.323 15.0227 0 1
113.433 14.9886 0 1
113.541 14.9572 0 1
113.652 14.9488 0 1
113.764 14.9419 0 1
113.875 14.9364 0 1
113.984 14.9534 0 1
114.096 14.9716 0 1
114.208 14.9875 0 1
114.319 15.005 0 1
114.424 15.0454 0 1
114.53 15.0889 0 1
114.638 15.1317 0 1
114.748 15.1694 0 1
114.862 15.1834 0 1
114.954 15.1177 0 1
115.033 15.0422 0 1
115.115 14.9747 0 1
115.206 14.9258 0 1
115.306 14.906 0 1
115.407 14.9209 0 1
115.5 14.9665 0 1
115.582 15.0332 0 1
115.658 15.11 0 1
115.745 15.1824 0 1
115.857 15.2 0 1
115.971 15.1676 0 1
116.08 15.1252 0 1
116.188 15.082 0 1
116.294 15.0423 0 1
116.405 15.026 0 1
116.518 15.0115 0 1
116.63 14.995 0 1
116.74 14.9796 0 1
116.851 14.9871 0 1
116.962 14.996 0 1
117.073 15.0063 0 1
117.18 15.0397 0 1
117.29 15.0757 0 1
117.4 15.1117 0 1
117.512 15.1478 0 1
117.624 15.1799 0 1
117.739 15.1896 0 1
117.831 15.1221 0 1
117.91 15.0461 0 1
117.992 14.9786 0 1
118.084 14.9301 0 1
118.185 14.9104 0 1
118.287 14.9243 0 1
118.381 14.968 0 1
118.465 15.0321 0 1
118.545 15.1062 0 1
118.634 15.1758 0 1
118.747 15.1903 0 1
118.859 15.1547 0 1
118.967 15.1085 0 1
119.072 15.0637 0 1
119.183 15.0405 0 1
119.296 15.0192 0 1
119.408 14.9962 0 1
119.518 14.9746 0 1
119.631 14.9752 0 1
119.745 14.9769 0 1
119.859 14.9759 0 1
119.971 14.9753 0 1
120.08 14.9964 0 1
120.191 15.0186 0 1
120.301 15.0421 0 1
120.405 15.0865 0 1
120.513 15.1313 0 1
120.626 15.165 0 1
120.739 15.1489 0 1
120.828 15.0792 0 1
120.908 15.0054 0 1
120.993 14.942 0 1
121.088 14.8986 0 1
121.19 14.8842 0 1
121.291 14.9023 0 1
121.385 14.9485 0 1
121.469 15.0136 0 1
121.551 15.0876 0 1
121.644 15.1536 0 1
121.76 15.1435 0 1
121.873 15.1116 0 1
121.985 15.076 0 1
122.098 15.0407 0 1
122.208 15.0058 0 1
122.317 14.974 0 1
122.43 14.9654 0 1
122.544 14.9585 0 1
122.657 14.9493 0 1
122.768 14.9407 0 1
122.879 14.9542 0 1
122.99 14.9687 0 1
123.101 14.9841 0 1
123.207 15.0215 0 1
123.315 15.0609 0 1
123.425 15.0989 0 1
123.537 15.1317 0 1
123.652 15.142 0 1
123.746 15.0765 0 1
123.828 15.003 0 1
123.914 14.9385 0 1
124.008 14.8932 0 1
124.11 14.8756 0 1
124.212 14.8897 0 1
124.308 14.932 0 1
124.394 14.9944 0 1
124.475 15.0677 0 1
124.565 15.1377 0 1
124.678 15.156 0 1
124.795 15.1267 0 1
124.908 15.0884 0 1
125.019 15.0493 0 1
125.128 15.0136 0 1
125.241 15.0007 0 1
125.356 14.9898 0 1
125.471 14.9774 0 1
125.584 14.9666 0 1
125.696 14.9782 0 1
125.811 14.9915 0 1
125.925 15.003 0 1
126.038 15.0161 0 1
126.147 15.0517 0 1
126.257 15.0901 0 1
126.369 15.1279 0 1
126.482 15.1611 0 1
126.597 15.1725 0 1
126.692 15.1083 0 1
126.776 15.0362 0 1
126.862 14.973 0 1
126.957 14.929 0 1
127.059 14.9124 0 1
127.162 14.927 0 1
127.257 14.9696 0 1
127.343 15.0321 0 1
127.425 15.1053 0 1
127.515 15.1756 0 1
127.628 15.1945 0 1
127.744 15.1658 0 1
127.857 15.1276 0 1
127.967 15.088 0 1
128.074 15.0505 0 1
128.185 15.0347 0 1
128.297 15.0199 0 1
128.408 15.0057 0 1
128.52 15.0128 0 1
128.633 15.0201 0 1
128.746 15.0238 0 1
128.858 15.0274 0 1
128.967 15.0521 0 1
129.077 15.0776 0 1
129.187 15.1041 0 1
129.29 15.1512 0 1
129.397 15.1989 0 1
129.509 15.2364 0 1
129.624 15.226 0 1
129.72 15.1638 0 1
129.809 15.0988 0 1
129.902 15.0453 0 1
130.002 15.0128 0 1
130.106 15.0072 0 1
130.208 15.0304 0 1
130.302 15.0789 0 1
130.388 15.1456 0 1
130.47 15.2215 0 1
130.563 15.2913 0 1
130.684 15.2878 0 1
130.8 15.2491 0 1
130.91 15.2079 0 1
131.025 15.1875 0 1
131.141 15.1698 0 1
131.256 15.1506 0 1
131.368 15.1323 0 1
131.481 15.1352 0 1
131.595 15.1387 0 1
131.708 15.1425 0 1
131.818 15.167 0 1
131.931 15.192 0 1
132.044 15.2147 0 1
132.157 15.2387 0 1
132.263 15.2833 0 1
132.372 15.3288 0 1
132.487 15.3642 0 1
132.601 15.3513 0 1
132.694 15.2855 0 1
132.779 15.2163 0 1
132.868 15.1582 0 1
132.966 15.12 0 1
133.069 15.1093 0 1
133.171 15.1289 0 1
133.265 15.1751 0 1
133.351 15.2401 0 1
133.433 15.3142 0 1
133.526 15.3818 0 1
133.642 15.3766 0 1
133.757 15.3504 0 1
133.871 15.3205 0 1
133.985 15.2904 0 1
134.097 15.2599 0 1
134.206 15.2314 0 1
134.317 15.2253 0 1
134.43 15.2202 0 1
134.541 15.2157 0 1
134.652 15.233 0 1
134.764 15.2508 0 1
134.877 15.2658 0 1
134.988 15.2819 0 1
135.095 15.3201 0 1
135.203 15.3607 0 1
135.313 15.4001 0 1
135.425 15.4345 0 1
135.54 15.4462 0 1
135.635 15.3818 0 1
135.718 15.3093 0 1
135.804 15.2459 0 1
135.899 15.2019 0 1
136.001 15.1855 0 1
136.104 15.2005 0 1
136.199 15.2435 0 1
136.285 15.3065 0 1
136.366 15.3802 0 1
136.455 15.4508 0 1
136.568 15.4701 0 1
136.685 15.4416 0 1
136.798 15.4038 0 1
136.909 15.3648 0 1
137.017 15.3287 0 1
137.13 15.3149 0 1
137.245 15.3027 0 1
137.358 15.2881 0 1
137.47 15.274 0 1
137.582 15.2815 0 1
137.695 15.2897 0 1
137.807 15.2989 0 1
137.916 15.33 0 1
138.028 15.3631 0 1
138.142 15.3959 0 1
138.256 15.4284 0 1
138.371 15.4573 0 1
138.488 15.4651 0 1
138.582 15.3995 0 1
138.666 15.3272 0 1
138.753 15.2641 0 1
138.848 15.2201 0 1
138.951 15.2026 0 1
139.054 15.2149 0 1
139.152 15.2543 0 1
139.24 15.3139 0 1
139.325 15.3847 0 1
139.416 15.4526 0 1
139.53 15.4691 0 1
139.645 15.4375 0 1
139.755 15.3955 0 1
139.862 15.3543 0 1
139.974 15.3344 0 1
140.087 15.3155 0 1
140.199 15.2937 0 1
140.309 15.272 0 1
140.421 15.2711 0 1
140.534 15.2701 0 1
140.646 15.2692 0 1
140.756 15.289 0 1
140.869 15.3088 0 1
140.983 15.3258 0 1
141.096 15.344 0 1
141.204 15.3835 0 1
141.315 15.424 0 1
141.43 15.4548 0 1
141.545 15.4395 0 1
141.641 15.3755 0 1
141.731 15.3104 0 1
141.825 15.2577 0 1
141.926 15.2251 0 1
142.03 15.218 0 1
142.134 15.238 0 1
142.23 15.2821 0 1
142.319 15.3443 0 1
142.405 15.4162 0 1
142.5 15.4823 0 1
142.619 15.4783 0 1
142.738 15.4547 0 1
142.856 15.4278 0 1
142.974 15.401 0 1
143.09 15.3742 0 1
143.204 15.3495 0 1
143.32 15.3462 0 1
143.437 15.344 0 1
143.554 15.3393 0 1
143.668 15.3344 0 1
143.781 15.3498 0 1
143.896 15.3657 0 1
144.01 15.3823 0 1
144.12 15.4193 0 1
144.233 15.4579 0 1
144.348 15.4948 0 1
144.467 15.5231 0 1
144.584 15.5066 0 1
144.678 15.4417 0 1
144.767 15.375 0 1
144.86 15.3197 0 1
144.96 15.2835 0 1
145.065 15.2717 0 1
145.169 15.2864 0 1
145.268 15.3254 0 1
145.359 15.3836 0 1
145.446 15.4534 0 1
145.538 15.523 0 1
145.653 15.5462 0 1
145.772 15.525 0 1
145.89 15.4954 0 1
146.005 15.4647 0 1
146.117 15.4364 0 1
146.232 15.43 0 1
146.349 15.4249 0 1
146.465 15.4176 0 1
146.579 15.411 0 1
146.692 15.4256 0 1
146.807 15.441 0 1
146.923 15.4539 0 1
147.037 15.4677 0 1
147.147 15.5025 0 1
147.259 15.5394 0 1
147.373 15.575 0 1
147.488 15.606 0 1
147.606 15.6165 0 1
147.704 15.5558 0 1
147.794 15.4893 0 1
147.887 15.433 0 1
147.986 15.3953 0 1
148.091 15.3821 0 1
148.195 15.3957 0 1
148.294 15.4341 0 1
148.385 15.4919 0 1
148.472 15.5616 0 1
148.564 15.6305 0 1
148.679 15.6521 0 1
148.798 15.6286 0 1
148.915 15.596 0 1
149.028 15.5613 0 1
149.138 15.528 0 1
149.251 15.5154 0 1
149.365 15.5031 0 1
149.478 15.4907 0 1
149.591 15.4983 0 1
149.705 15.5051 0 1
149.82 15.508 0 1
149.934 15.5099 0 1
150.045 15.5316 0 1
150.157 15.5534 0 1
150.269 15.5754 0 1
150.376 15.6172 0 1
150.487 15.6587 0 1
150.604 15.6901 0 1
150.72 15.6758 0 1
150.817 15.6134 0 1
150.908 15.5502 0 1
151.004 15.4988 0 1
151.106 15.4669 0 1
151.211 15.459 0 1
151.315 15.4769 0 1
151.414 15.5185 0 1
151.505 15.5781 0 1
151.593 15.6479 0 1
151.69 15.7127 0 1
151.81 15.7089 0 1
151.929 15.6858 0 1
152.048 15.6593 0 1
152.166 15.6325 0 1
152.282 15.6054 0 1
152.396 15.5803 0 1
152.513 15.5761 0 1
152.63 15.5729 0 1
152.748 15.5672 0 1
152.863 15.5619 0 1
152.978 15.577 0 1
153.094 15.5925 0 1
153.212 15.6058 0 1
153.328 15.6201 0 1
153.44 15.6548 0 1
153.555 15.6901 0 1
153.674 15.7162 0 1
153.791 15.6986 0 1
153.889 15.6358 0 1
153.983 15.5737 0 1
154.081 15.5241 0 1
154.184 15.4933 0 1
154.291 15.4853 0 1
154.397 15.501 0 1
154.498 15.5389 0 1
154.594 15.5944 0 1
154.686 15.6606 0 1
154.785 15.7231 0 1
154.906 15.719 0 1
155.026 15.6966 0 1
155.146 15.6708 0 1
155.265 15.6445 0 1
155.382 15.6171 0 1
155.495 15.5905 0 1
155.611 15.5837 0 1
155.728 15.5767 0 1
155.843 15.5694 0 1
155.958 15.5813 0 1
156.075 15.5925 0 1
156.193 15.6007 0 1
156.31 15.6092 0 1
156.424 15.6376 0 1
156.54 15.6674 0 1
156.659 15.6956 0 1
156.779 15.7199 0 1
156.9 15.7265 0 1
157.004 15.6686 0 1
157.101 15.6079 0 1
157.2 15.5585 0 1
157.305 15.5267 0 1
157.413 15.516 0 1
157.521 15.5278 0 1
157.625 15.5609 0 1
157.723 15.6117 0 1
157.818 15.6748 0 1
157.917 15.7391 0 1
158.036 15.761 0 1
158.16 15.742 0 1
158.281 15.7153 0 1
158.401 15.6872 0 1
158.517 15.6606 0 1
158.636 15.6537 0 1
158.755 15.6474 0 1
158.874 15.6382 0 1
158.99 15.6283 0 1
159.107 15.637 0 1
159.225 15.6453 0 1
159.342 15.6534 0 1
159.457 15.6807 0 1
159.575 15.7086 0 1
159.696 15.7354 0 1
159.818 15.7618 0 1
159.94 15.7853 0 1
160.063 15.7923 0 1
160.169 15.7365 0 1
160.269 15.679 0 1
160.371 15.6331 0 1
160.478 15.6043 0 1
160.587 15.5957 0 1
160.696 15.6082 0 1
160.801 15.6405 0 1
160.902 15.6898 0 1
160.998 15.7514 0 1
161.098 15.8147 0 1
161.217 15.8373 0 1
161.341 15.8191 0 1
161.461 15.7922 0 1
161.578 15.7652 0 1
161.697 15.7573 0 1
161.817 15.7497 0 1
161.936 15.739 0 1
162.052 15.7273 0 1
162.169 15.7336 0 1
162.287 15.7388 0 1
162.404 15.7429 0 1
162.519 15.7649 0 1
162.636 15.786 0 1
162.756 15.8041 0 1
162.874 15.8225 0 1
162.988 15.8595 0 1
163.106 15.8967 0 1
163.228 15.9258 0 1
163.35 15.9147 0 1
163.456 15.8622 0 1
163.56 15.8117 0 1
163.666 15.7739 0 1
163.775 15.7534 0 1
163.885 15.7527 0 1
163.994 15.7721 0 1
164.099 15.8102 0 1
164.199 15.8646 0 1
164.295 15.9308 0 1
164.396 15.9964 0 1
164.52 16.0027 0 1
164.646 15.9932 0 1
164.771 15.9809 0 1
164.896 15.9681 0 1
165.018 15.9544 0 1
165.138 15.9413 0 1
165.257 15.9472 0 1
165.378 15.9534 0 1
165.498 15.9562 0 1
165.616 15.9575 0 1
165.732 15.9768 0 1
165.85 15.9954 0 1
165.967 16.0132 0 1
166.081 16.0489 0 1
166.198 16.0848 0 1
166.317 16.1188 0 1
166.438 16.1488 0 1
166.562 16.1623 0 1
166.672 16.1133 0 1
166.777 16.0626 0 1
166.883 16.0236 0 1
166.993 16.0012 0 1
167.104 15.9981 0 1
167.214 16.0149 0 1
167.319 16.0507 0 1
167.419 16.103 0 1
167.515 16.1681 0 1
167.614 16.2363 0 1
167.733 16.267 0 1
167.86 16.2596 0 1
167.985 16.2451 0 1
168.108 16.2289 0 1
168.227 16.2134 0 1
168.347 16.2172 0 1
168.468 16.2212 0 1
168.588 16.2219 0 1
168.706 16.2212 0 1
168.822 16.2384 0 1
168.94 16.2548 0 1
169.058 16.2705 0 1
169.172 16.3045 0 1
169.29 16.3387 0 1
169.41 16.3718 0 1
169.532 16.404 0 1
169.654 16.4331 0 1
169.778 16.4462 0 1
169.888 16.3967 0 1
169.993 16.3458 0 1
170.1 16.3072 0 1
170.21 16.2854 0 1
170.321 16.2827 0 1
170.43 16.2998 0 1
170.536 16.3359 0 1
170.636 16.3885 0 1
170.731 16.4538 0 1
170.829 16.5222 0 1
170.948 16.5529 0 1
171.075 16.5451 0 1
171.199 16.5297 0 1
171.32 16.5119 0 1
171.438 16.4938 0 1
171.556 16.4944 0 1
171.675 16.4942 0 1
171.791 16.4925 0 1
171.907 16.5084 0 1
172.025 16.5227 0 1
172.144 16.5322 0 1
172.26 16.5397 0 1
172.375 16.5645 0 1
172.491 16.5884 0 1
172.607 16.6113 0 1
172.719 16.6519 0 1
172.836 16.6917 0 1
172.957 16.723 0 1
173.08 16.7147 0 1
173.189 16.666 0 1
173.296 16.6199 0 1
173.404 16.5874 0 1
173.515 16.5721 0 1
173.627 16.5758 0 1
173.736 16.5987 0 1
173.841 16.6397 0 1
173.941 16.6965 0 1
174.036 16.7653 0 1
174.136 16.8345 0 1
174.26 16.8469 0 1
174.387 16.8441 0 1
174.513 16.8381 0 1
174.638 16.8313 0 1
174.762 16.8231 0 1
174.882 16.815 0 1
175.002 16.8257 0 1
175.124 16.8363 0 1
175.245 16.8436 0 1
175.364 16.8499 0 1
175.481 16.874 0 1
175.6 16.8976 0 1
175.72 16.9181 0 1
175.839 16.9385 0 1
175.954 16.9768 0 1
176.073 17.0148 0 1
176.196 17.0445 0 1
176.319 17.034 0 1
176.427 16.9826 0 1
176.532 16.9337 0 1
176.64 16.8982 0 1
176.75 16.8803 0 1
176.862 16.8817 0 1
176.972 16.9026 0 1
177.077 16.9421 0 1
177.177 16.9981 0 1
177.273 17.0668 0 1
177.373 17.1366 0 1
177.496 17.1518 0 1
177.621 17.1523 0 1
177.745 17.1498 0 1
177.868 17.1459 0 1
177.989 17.1396 0 1
178.106 17.1325 0 1
178.223 17.1441 0 1
178.34 17.1546 0 1
178.455 17.1631 0 1
178.569 17.1894 0 1
178.684 17.2141 0 1
178.802 17.2345 0 1
178.918 17.2538 0 1
179.03 17.2916 0 1
179.146 17.3297 0 1
179.264 17.3655 0 1
179.383 17.3967 0 1
179.506 17.4111 0 1
179.617 17.3634 0 1
179.723 17.3146 0 1
179.831 17.2785 0 1
179.941 17.26 0 1
180.053 17.2613 0 1
180.161 17.283 0 1
180.265 17.3246 0 1
180.361 17.3845 0 1
180.451 17.4585 0 1
180.54 17.5385 0 1
180.652 17.5878 0 1
180.776 17.6016 0 1
180.898 17.6078 0 1
181.018 17.611 0 1
181.134 17.6132 0 1
181.247 17.6352 0 1
181.36 17.6562 0 1
181.473 17.6754 0 1
181.581 17.7128 0 1
181.692 17.7488 0 1
181.805 17.7805 0 1
181.917 17.8114 0 1
182.023 17.8611 0 1
182.132 17.9121 0 1
182.246 17.9617 0 1
182.364 18.006 0 1
182.487 18.0143 0 1
182.58 17.9451 0 1
182.66 17.8681 0 1
182.741 17.7969 0 1
182.827 17.7371 0 1
182.92 17.6927 0 1
183.019 17.6662 0 1
183.121 17.6578 0 1
183.222 17.667 0 1
183.32 17.6931 0 1
183.413 17.7368 0 1
183.494 17.7985 0 1
183.562 17.8767 0 1
183.614 17.968 0 1
183.653 18.0686 0 1
183.685 18.1759 0 1
183.727 18.2855 0 1
183.828 18.3525 0 1
183.945 18.3892 0 1
184.061 18.4201 0 1
184.175 18.4486 0 1
184.287 18.4733 0 1
184.396 18.4959 0 1
184.498 18.5383 0 1
184.6 18.579 0 1
184.701 18.6167 0 1
184.795 18.672 0 1
184.891 18.7249 0 1
184.99 18.7705 0 1
185.09 18.8114 0 1
185.18 18.8687 0 1
185.274 18.9235 0 1
185.368 18.9745 0 1
185.452 19.0409 0 1
185.54 19.1049 0 1
185.634 19.1617 0 1
185.727 19.2137 0 1
185.811 19.2808 0 1
185.898 19.3455 0 1
185.986 19.4066 0 1
186.062 19.4817 0 1
186.143 19.5548 0 1
186.23 19.6214 0 1
186.318 19.6832 0 1
186.394 19.7587 0 1
186.473 19.8322 0 1
186.554 19.9022 0 1
186.623 19.9849 0 1
186.696 20.0661 0 1
186.776 20.1414 0 1
186.857 20.212 0 1
186.925 20.2951 0 1
186.997 20.3766 0 1
187.071 20.4547 0 1
187.131 20.5442 0 1
187.196 20.6328 0 1
187.267 20.7163 0 1
187.341 20.7958 0 1
187.4 20.8864 0 1
187.463 20.9763 0 1
187.528 21.064 0 1
187.578 21.1619 0 1
187.632 21.2605 0 1
187.698 21.354 0 1
187.783 21.4282 0 1
187.898 21.4279 0 1
188.008 21.4138 0 1
188.115 21.4067 0 1
188.22 21.4178 0 1
188.317 21.4536 0 1
188.401 21.5152 0 1
188.463 21.5984 0 1
188.504 21.696 0 1
188.527 21.8021 0 1
188.54 21.914 0 1
188.561 22.0301 0 1
188.646 22.1157 0 1
188.752 22.1759 0 1
188.858 22.2326 0 1
188.962 22.2905 0 1
189.064 22.3495 0 1
189.165 22.409 0 1
189.264 22.4677 0 1
189.362 22.5241 0 1
189.461 22.5762 0 1
189.557 22.6255 0 1
189.64 22.693 0 1
189.725 22.7593 0 1
189.81 22.8228 0 1
189.88 22.9015 0 1
189.955 22.9788 0 1
190.035 23.0496 0 1
190.117 23.116 0 1
190.185 23.1962 0 1
190.256 23.2748 0 1
190.329 23.3504 0 1
190.387 23.4382 0 1
190.449 23.5251 0 1
190.519 23.6065 0 1
190.59 23.6838 0 1
190.646 23.7729 0 1
190.705 23.8611 0 1
190.766 23.9469 0 1
190.81 24.0427 0 1
190.859 24.1386 0 1
190.915 24.2306 0 1
190.973 24.3193 0 1
191.014 24.4172 0 1
191.057 24.5152 0 1
191.102 24.6117 0 1
191.128 24.7153 0 1
191.157 24.8205 0 1
191.193 24.9245 0 1
191.229 25.0273 0 1
191.244 25.1358 0 1
191.259 25.2473 0 1
191.278 25.3604 0 1
191.301 25.4743 0 1
191.329 25.5883 0 1
191.38 25.6941 0 1
191.494 25.7101 0 1
191.602 25.6946 0 2
191.704 25.6641 0 2
191.798 25.6236 0 2
191.887 25.5762 0 2
191.973 25.5257 0 2
192.06 25.477 0 2
192.151 25.4353 0 2
192.246 25.4063 0 2
192.345 25.3953 0 2
192.443 25.4067 0 2
192.536 25.4425 0 2
192.616 25.5017 0 2
192.677 25.5801 0 2
192.716 25.6715 0 2
192.732 25.7697 0 2
192.728 25.8693 0 2
192.706 25.9666 0 2
192.671 26.0598 0 2
192.624 26.1483 0 2
192.571 26.2326 0 2
192.513 26.3137 0 2
192.452 26.3929 0 2
192.39 26.4714 0 2
192.329 26.5505 0 2
192.27 26.631 0 2
192.214 26.7137 0 2
192.162 26.7994 0 2
192.114 26.8884 0 2
192.072 26.9814 0 2
192.035 27.0793 0 2
192.008 27.1835 0 2
192.008 27.2944 0 2
192.092 27.3767 0 2
192.192 27.4397 0 2
192.294 27.4967 0 2
192.386 27.5667 0 2
192.481 27.6362 0 2
192.575 27.7034 0 2
192.659 27.7833 0 2
192.745 27.8623 0 2
192.831 27.9388 0 2
192.906 28.0265 0 2
192.984 28.1136 0 2
193.062 28.1977 0 2
193.129 28.2917 0 2
193.198 28.3845 0 2
193.269 28.4735 0 2
193.327 28.5714 0 2
193.385 28.6697 0 2
193.428 28.7757 0 2
193.476 28.8825 0 2
193.525 28.9882 0 2
193.56 29.1002 0 2
193.597 29.2143 0 2
193.637 29.3277 0 2
193.678 29.4392 0 2
193.702 29.5554 0 2
193.727 29.6729 0 2
193.752 29.7895 0 2
193.76 29.9088 0 2
193.769 30.0308 0 2
193.78 30.1534 0 2
193.79 30.2754 0 2
193.782 30.3977 0 2
193.772 30.5233 0 2
193.764 30.6509 0 2
193.758 30.7799 0 2
193.771 30.9082 0 2
193.871 30.9623 0 2
193.978 30.9837 0 2
194.083 30.9841 0 2
194.184 30.963 0 2
194.275 30.9178 0 2
194.348 30.8489 0 2
194.398 30.7623 0 2
194.425 30.6662 0 2
194.434 30.5665 0 2
194.432 30.4664 0 2
194.423 30.3666 0 2
194.413 30.2669 0 2
194.406 30.167 0 2
194.409 30.067 0 2
194.428 29.9689 0 2
194.468 29.8774 0 2
194.531 29.8004 0 2
194.615 29.7474 0 2
194.712 29.7266 0 2
194.81 29.7413 0 2
194.898 29.7884 0 2
194.967 29.8605 0 2
195.014 29.9487 0 2
195.039 30.0455 0 2
195.046 30.1454 0 2
195.038 30.2454 0 2
195.019 30.3438 0 2
194.992 30.4404 0 2
194.959 30.5353 0 2
194.922 30.6287 0 2
194.883 30.7213 0 2
194.843 30.8134 0 2
194.803 30.9054 0 2
194.763 30.9976 0 2
194.723 31.0901 0 2
194.685 31.183 0 2
194.647 31.2762 0 2
194.61 31.3695 0 2
194.572 31.4628 0 2
194.534 31.5557 0 2
194.494 31.6478 0 2
194.45 31.7384 0 2
194.401 31.8264 0 2
194.346 31.9107 0 2
194.282 31.9904 0 2
194.212 32.0656 0 2
194.136 32.1386 0 2
194.059 32.2151 0 2
193.995 32.3072 0 2
194.013 32.4252 0 2
194.053 32.5386 0 2
194.098 32.649 0 2
194.127 32.7643 0 2
194.158 32.881 0 2
194.192 32.9963 0 2
194.228 33.1081 0 2
194.248 33.2235 0 2
194.266 33.3392 0 2
194.267 33.4568 0 2
194.272 33.5774 0 2
194.28 33.6983 0 2
194.289 33.8176 0 2
194.282 33.937 0 2
194.274 34.0583 0 2
194.267 34.1791 0 2
194.243 34.2979 0 2
194.218 34.4199 0 2
194.193 34.5436 0 2
194.169 34.6675 0 2
194.143 34.7896 0 2
194.099 34.9065 0 2
194.052 35.0256 0 2
194.003 35.146 0 2
193.951 35.2664 0 2
193.897 35.386 0 2
193.84 35.5041 0 2
193.782 35.6205 0 2
193.723 35.7351 0 2
193.665 35.8463 0 2
193.591 35.9482 0 2
193.517 36.0527 0 2
193.46 36.1677 0 2
193.516 36.266 0 2
193.596 36.3405 0 2
193.685 36.3964 0 2
193.782 36.4321 0 2
193.882 36.4424 0 2
193.981 36.424 0 2
194.07 36.3788 0 2
194.145 36.3133 0 2
194.207 36.2345 0 2
194.257 36.1479 0 2
194.299 36.057 0 2
194.337 35.9644 0 2
194.375 35.8718 0 2
194.417 35.7809 0 2
194.467 35.6941 0 2
194.528 35.615 0 2
194.603 35.5487 0 2
194.69 35.5016 0 2
194.788 35.4799 0 2
194.887 35.4883 0 2
194.978 35.5273 0 2
195.053 35.5931 0 2
195.104 35.6784 0 2
195.13 35.7747 0 2
195.132 35.8746 0 2
195.112 35.9726 0 2
195.075 36.0656 0 2
195.025 36.1523 0 2
194.965 36.2326 0 2
194.897 36.307 0 2
194.825 36.3764 0 2
194.749 36.442 0 2
194.671 36.5047 0 2
194.591 36.5653 0 2
194.51 36.6247 0 2
194.428 36.6833 0 2
194.347 36.7416 0 2
194.265 36.7998 0 2
194.183 36.858 0 2
194.101 36.9162 0 2
194.019 36.9741 0 2
193.937 37.0314 0 2
193.854 37.0875 0 2
193.769 37.1418 0 2
193.683 37.1934 0 2
193.595 37.2409 0 2
193.503 37.283 0 2
193.408 37.3186 0 2
193.309 37.3483 0 2
193.208 37.3751 0 2
193.104 37.4059 0 2
193.004 37.4577 0 2
192.965 37.5701 0 2
192.949 37.6894 0 2
192.939 37.8088 0 2
192.932 37.9256 0 2
192.907 38.0398 0 2
192.884 38.1549 0 2
192.864 38.2687 0 2
192.827 38.3782 0 2
192.792 38.4896 0 2
192.759 38.6006 0 2
192.711 38.7058 0 2
192.664 38.8134 0 2
192.619 38.9209 0 2
192.559 39.0208 0 2
192.499 39.1237 0 2
192.442 39.2287 0 2
192.387 39.3327 0 2
192.317 39.4272 0 2
192.246 39.5235 0 2
192.177 39.6195 0 2
192.093 39.7039 0 2
192.007 39.7906 0 2
191.922 39.8796 0 2
191.837 39.9693 0 2
191.753 40.0568 0 2
191.656 40.1298 0 2
191.556 40.2032 0 2
191.456 40.2776 0 2
191.356 40.3521 0 2
191.257 40.4263 0 2
191.16 40.4983 0 2
191.053 40.5545 0 2
190.946 40.6113 0 2
190.841 40.6736 0 2
190.754 40.7548 0 2
190.757 40.8659 0 2
190.792 40.968 0 2
190.843 41.059 0 2
190.909 41.1374 0 2
190.988 41.2004 0 2
191.077 41.2458 0 2
191.173 41.274 0 2
191.272 41.2884 0 2
191.372 41.2929 0 2
191.472 41.2917 0 2
191.572 41.2888 0 2
191.672 41.2881 0 2
191.772 41.2935 0 2
191.87 41.3086 0 2
191.966 41.3369 0 2
192.056 41.3807 0 2
192.135 41.4414 0 2
192.199 41.5181 0 2
192.242 41.6079 0 2
192.261 41.7057 0 2
192.254 41.8051 0 2
192.222 41.8996 0 2
192.169 41.9838 0 2
192.098 42.0539 0 2
192.014 42.1081 0 2
191.922 42.1463 0 2
191.824 42.1693 0 2
191.725 42.1788 0 2
191.625 42.1766 0 2
191.525 42.1647 0 2
191.427 42.1449 0 2
191.33 42.1187 0 2
191.235 42.0877 0 2
191.141 42.053 0 2
191.048 42.0156 0 2
190.956 41.9764 0 2
190.864 41.9361 0 2
190.773 41.8954 0 2
190.681 41.8547 0 2
190.589 41.8146 0 2
190.497 41.7754 0 2
190.404 41.7374 0 2
190.31 41.7008 0 2
190.213 41.6662 0 2
190.113 41.6357 0 2
190.007 41.614 0 2
189.896 41.6184 0 2
189.819 41.7031 0 2
189.764 41.8044 0 2
189.718 41.907 0 2
189.658 42.0018 0 2
189.601 42.0987 0 2
189.55 42.1959 0 2
189.484 42.2835 0 2
189.418 42.3711 0 2
189.339 42.4479 0 2
189.262 42.5298 0 2
189.189 42.6141 0 2
189.104 42.6869 0 2
189.02 42.7634 0 2
188.937 42.8412 0 2
188.843 42.9053 0 2
188.748 42.9727 0 2
188.656 43.0439 0 2
188.565 43.1149 0 2
188.464 43.1703 0 2
188.362 43.2275 0 2
188.262 43.2883 0 2
188.165 43.3493 0 2
188.06 43.3941 0 2
187.954 43.4408 0 2
187.851 43.4886 0 2
187.742 43.5197 0 2
187.632 43.5532 0 2
187.522 43.5881 0 2
187.409 43.6052 0 2
187.293 43.6244 0 2
187.177 43.6475 0 2
187.063 43.6707 0 2
186.946 43.6751 0 2
186.827 43.6799 0 2
186.707 43.6879 0 2
186.587 43.7023 0 2
186.476 43.741 0 2
186.432 43.8439 0 2
186.42 43.9512 0 2
186.427 44.0557 0 2
186.451 44.1551 0 2
186.493 44.2472 0 2
186.549 44.3299 0 2
186.617 44.4029 0 2
186.694 44.4675 0 2
186.775 44.526 0 2
186.859 44.5809 0 2
186.943 44.6352 0 2
187.025 44.6918 0 2
187.104 44.7533 0 2
187.177 44.822 0 2
187.24 44.8994 0 2
187.29 44.9858 0 2
187.323 45.08 0 2
187.335 45.179 0 2
187.323 45.278 0 2
187.286 45.3707 0 2
187.227 45.4509 0 2
187.149 45.5131 0 2
187.058 45.5538 0 2
186.96 45.5716 0 2
186.86 45.5676 0 2
186.763 45.5439 0 2
186.672 45.5035 0 2
186.587 45.4497 0 2
186.511 45.3856 0 2
186.441 45.3135 0 2
186.378 45.2358 0 2
186.32 45.154 0 2
186.267 45.0694 0 2
186.216 44.9832 0 2
186.166 44.8961 0 2
186.117 44.809 0 2
186.066 44.7226 0 2
186.013 44.6375 0 2
185.957 44.5547 0 2
185.896 44.4751 0 2
185.829 44.3991 0 2
185.756 44.3274 0 2
185.675 44.2614 0 2
185.583 44.2044 0 2
185.477 44.1718 0 2
185.379 44.2259 0 2
185.299 44.3046 0 2
185.229 44.3882 0 2
185.148 44.4597 0 2
185.067 44.5299 0 2
184.975 44.5859 0 2
184.886 44.6477 0 2
184.801 44.714 0 2
184.707 44.7657 0 2
184.613 44.8174 0 2
184.511 44.8532 0 2
184.408 44.8947 0 2
184.307 44.9393 0 2
184.2 44.9671 0 2
184.09 44.998 0 2
183.982 45.0339 0 2
183.875 45.0702 0 2
183.763 45.0874 0 2
183.649 45.1057 0 2
183.535 45.1278 0 2
183.424 45.15 0 2
183.31 45.1523 0 2
183.194 45.1551 0 2
183.077 45.1611 0 2
182.963 45.167 0 2
182.849 45.1525 0 2
182.733 45.1374 0 2
182.616 45.1248 0 2
182.5 45.1151 0 2
182.386 45.106 0 2
182.275 45.0772 0 2
182.164 45.0482 0 2
182.053 45.0194 0 2
181.948 44.9724 0 2
181.837 44.9284 0 2
181.719 44.9078 0 2
181.64 44.9895 0 2
181.589 45.0859 0 2
181.551 45.1844 0 2
181.519 45.2823 0 2
181.487 45.3783 0 2
181.449 45.4709 0 2
181.399 45.557 0 2
181.333 45.6313 0 2
181.25 45.6863 0 2
181.155 45.7146 0 2
181.056 45.7114 0 2
180.963 45.6771 0 2
180.884 45.6171 0 2
180.823 45.539 0 2
180.778 45.4501 0 2
180.746 45.3558 0 0
180.72 45.2594 0 0
180.695 45.162 0 0
180.664 45.0646 0 0
180.624 44.9678 0 0
180.571 44.8727 0 0
180.494 44.7876 0 0
180.383 44.7759 0 0
180.275 44.8055 0 0
180.171 44.8425 0 0
180.07 44.8809 0 0
179.972 44.9217 0 0
179.879 44.9672 0 0
179.79 45.0182 0 0
179.705 45.0693 0 0
179.611 45.0959 0 0
179.517 45.1248 0 0
179.426 45.1565 0 0
179.33 45.165 0 0
179.234 45.1778 0 0
179.14 45.1945 0 0
179.044 45.1891 0 0
178.947 45.1905 0 0
178.851 45.2067 0 0
178.758 45.2298 0 0
178.664 45.2326 0 0
178.569 45.241 0 0
178.476 45.2554 0 0
178.382 45.25 0 0
178.288 45.2517 0 0
178.195 45.2608 0 0
178.102 45.2512 0 0
178.007 45.2489 0 0
177.914 45.2543 0 0
177.822 45.2409 0 0
177.727 45.2349 0 0
177.634 45.2365 0 0
177.542 45.2188 0 0
177.448 45.2075 0 0
177.355 45.2026 0 0
177.263 45.179 0 0
177.169 45.1641 0 0
177.073 45.1659 0 0
176.98 45.1768 0 0
176.886 45.1692 0 0
176.792 45.168 0 0
176.699 45.1737 0 0
176.606 45.1607 0 0
176.513 45.1553 0 0
176.42 45.1578 0 0
176.328 45.1424 0 0
176.235 45.1348 0 0
176.142 45.1352 0 0
176.05 45.1173 0 0
175.957 45.1071 0 0
175.864 45.1049 0 0
175.774 45.0849 0 0
175.68 45.0725 0 0
175.587 45.068 0 0
175.497 45.045 0 0
175.404 45.0284 0 0
175.311 45.0185 0 0
175.221 44.9904 0 0
175.127 44.9709 0 0
175.032 44.9682 0 0
174.938 44.9746 0 0
174.845 44.9627 0 0
174.751 44.9572 0 0
174.657 44.9586 0 0
174.566 44.9413 0 0
174.472 44.9315 0 0
174.379 44.9297 0 0
174.288 44.9097 0 0
174.195 44.8972 0 0
174.102 44.8927 0 0
174.012 44.87 0 0
173.919 44.8549 0 0
173.826 44.8475 0 0
173.737 44.8216 0 0
173.644 44.8022 0 0
173.552 44.7893 0 0
173.463 44.7583 0 0
173.37 44.7357 0 0
173.274 44.7298 0 0
173.18 44.7331 0 0
173.087 44.718 0 0
172.993 44.7093 0 0
172.9 44.7074 0 0
172.809 44.687 0 0
172.716 44.674 0 0
172.623 44.6689 0 0
172.533 44.6457 0 0
172.44 44.6299 0 0
172.348 44.6221 0 0
172.258 44.5962 0 0
172.166 44.5777 0 0
172.073 44.567 0 0
171.985 44.5378 0 0
171.893 44.515 0 0
171.801 44.4987 0 0
171.713 44.4645 0 0
171.621 44.4385 0 0
171.526 44.4291 0 0
171.432 44.4289 0 0
171.34 44.4105 0 0
171.246 44.3983 0 0
171.153 44.3931 0 0
171.063 44.3693 0 0
170.97 44.353 0 0
170.878 44.3446 0 0
170.789 44.3185 0 0
170.697 44.2998 0 0
170.604 44.289 0 0
170.516 44.2603 0 0
170.425 44.2389 0 0
170.333 44.2255 0 0
170.245 44.1945 0 0
170.154 44.1707 0 0
170.062 44.1547 0 0
169.975 44.1205 0 0
169.885 44.0924 0 0
169.794 44.0706 0 0
169.708 44.0311 0 0
169.618 43.9995 0 0
169.524 43.9841 0 0
169.429 43.9779 0 0
169.339 43.9533 0 0
169.246 43.9347 0 0
169.154 43.9229 0 0
169.065 43.8922 0 0
168.974 43.8684 0 0
168.882 43.8522 0 0
168.795 43.818 0 0
168.705 43.7906 0 0
168.614 43.7708 0 0
168.528 43.733 0 0
168.439 43.7019 0 0
168.348 43.678 0 0
168.265 43.6357 0 0
168.177 43.5987 0 0
168.088 43.5673 0 0
168.007 43.5178 0 0
167.921 43.4744 0 0
167.829 43.4453 0 0
167.736 43.4238 0 0
167.65 43.3826 0 0
167.561 43.3457 0 0
167.472 43.3139 0 0
167.392 43.2624 0 0
167.308 43.2149 0 0
167.222 43.172 0 0
167.148 43.1097 0 0
167.071 43.0492 0 0
166.992 42.9906 0 0
166.929 42.9133 0 0
166.861 42.8349 0 0
166.784 42.7606 0 0
166.695 42.6964 0 0
166.586 42.6758 0 0
166.493 42.7411 0 0
166.422 42.8235 0 0
166.364 42.9103 0 0
166.308 42.9957 0 0
166.244 43.0723 0 0
166.162 43.1275 0 0
166.066 43.1447 0 0
165.973 43.1135 0 0
165.906 43.0421 0 0
165.871 42.9499 0 0
165.86 42.8506 0 0
165.857 42.7488 0 0
165.851 42.6448 0 0
165.831 42.5388 0 0
165.784 42.4371 0 0
165.683 42.3891 0 0
165.562 42.4015 0 0
165.449 42.4458 0 0
165.342 42.4966 0 0
165.238 42.55 0 0
165.138 42.6064 0 0
165.044 42.6667 0 0
164.956 42.7276 0 0
164.858 42.7711 0 0
164.763 42.8181 0 0
164.672 42.8688 0 0
164.574 42.9035 0 0
164.477 42.944 0 0
164.385 42.9899 0 0
164.287 43.0206 0 0
164.19 43.0579 0 0
164.097 43.101 0 0
163.999 43.1292 0 0
163.901 43.1643 0 0
163.808 43.2055 0 0
163.709 43.2316 0 0
163.611 43.2648 0 0
163.516 43.3041 0 0
163.416 43.3278 0 0
163.317 43.3581 0 0
163.22 43.3937 0 0
163.118 43.413 0 0
163.016 43.4391 0 0
162.917 43.4759 0 0
162.823 43.5181 0 0
162.723 43.5442 0 0
162.624 43.5761 0 0
162.528 43.6134 0 0
162.428 43.6352 0 0
162.329 43.6639 0 0
162.233 43.6988 0 0
162.133 43.7184 0 0
162.033 43.7451 0 0
161.937 43.7782 0 0
161.836 43.7958 0 0
161.736 43.8206 0 0
161.638 43.8517 0 0
161.537 43.8669 0 0
161.436 43.8886 0 0
161.336 43.9159 0 0
161.233 43.9265 0 0
161.13 43.9439 0 0
161.028 43.9723 0 0
160.931 44.0064 0 0
160.829 44.0241 0 0
160.728 44.0475 0 0
160.63 44.0768 0 0
160.529 44.0901 0 0
160.428 44.1104 0 0
160.33 44.1372 0 0
160.228 44.1484 0 0
160.127 44.1668 0 0
160.028 44.1918 0 0
159.927 44.2012 0 0
159.825 44.2178 0 0
159.726 44.2411 0 0
159.625 44.2486 0 0
159.523 44.2633 0 0
159.423 44.2845 0 0
159.321 44.2895 0 0
159.218 44.301 0 0
159.116 44.3182 0 0
159.013 44.3185 0 0
158.908 44.3255 0 0
158.805 44.3438 0 0
158.705 44.3682 0 0
158.602 44.3758 0 0
158.499 44.3893 0 0
158.399 44.4088 0 0
158.297 44.412 0 0
158.194 44.4221 0 0
158.094 44.4389 0 0
157.992 44.4397 0 0
157.89 44.4475 0 0
157.789 44.4622 0 0
157.688 44.4608 0 0
157.585 44.4664 0 0
157.483 44.4786 0 0
157.381 44.4743 0 0
157.278 44.4764 0 0
157.175 44.4843 0 0
157.073 44.4751 0 0
156.968 44.4725 0 0
156.863 44.4814 0 0
156.761 44.4967 0 0
156.658 44.495 0 0
156.555 44.499 0 0
156.454 44.5095 0 0
156.352 44.5034 0 0
156.249 44.5042 0 0
156.148 44.5119 0 0
156.047 44.5036 0 0
155.944 44.5023 0 0
155.843 44.5081 0 0
155.742 44.4979 0 0
155.64 44.4948 0 0
155.538 44.4988 0 0
155.438 44.4867 0 0
155.335 44.4815 0 0
155.233 44.4832 0 0
155.133 44.4684 0 0
155.03 44.4598 0 0
154.927 44.457 0 0
154.826 44.4373 0 0
154.722 44.4238 0 0
154.617 44.4219 0 0
154.515 44.4266 0 0
154.413 44.4143 0 0
154.31 44.4077 0 0
154.208 44.4075 0 0
154.108 44.3909 0 0
154.005 44.3809 0 0
153.904 44.378 0 0
153.805 44.3589 0 0
153.703 44.3468 0 0
153.602 44.3417 0 0
153.502 44.3206 0 0
153.401 44.3062 0 0
153.299 44.2986 0 0
153.201 44.2747 0 0
153.099 44.2567 0 0
152.997 44.2445 0 0
152.899 44.2154 0 0
152.796 44.1923 0 0
152.692 44.1805 0 0
152.59 44.1755 0 0
152.489 44.1534 0 0
152.387 44.1367 0 0
152.286 44.1264 0 0
152.188 44.0996 0 0
152.087 44.0789 0 0
151.986 44.0647 0 0
151.888 44.0341 0 0
151.788 44.0094 0 0
151.686 43.9907 0 0
151.59 43.9546 0 0
151.489 43.9226 0 0
151.387 43.8943 0 0
151.292 43.8469 0 0
151.193 43.8008 0 0
151.088 43.7593 0 0
150.98 43.721 0 0
150.87 43.6847 0 0
150.757 43.6502 0 0
150.641 43.6232 0 0
150.524 43.6365 0 0
150.449 43.7235 0 0
150.392 43.8177 0 0
150.338 43.9086 0 0
150.278 43.9918 0 0
150.206 44.0624 0 0
150.12 44.114 0 0
150.024 44.1418 0 0
149.925 44.1431 0 0
149.828 44.1179 0 0
149.742 44.0689 0 0
149.669 44.0004 0 0
149.611 43.9178 0 0
149.564 43.8263 0 0
149.521 43.7293 0 0
149.474 43.6303 0 0
149.406 43.5384 0 0
149.289 43.5208 0 0
149.17 43.5453 0 0
149.056 43.5786 0 0
148.944 43.6148 0 0
148.836 43.6545 0 0
148.732 43.6989 0 0
148.634 43.745 0 0
148.529 43.773 0 0
148.426 43.805 0 0
148.327 43.8415 0 0
148.224 43.8615 0 0
148.121 43.8875 0 0
148.021 43.9192 0 0
147.917 43.9351 0 0
147.814 43.9573 0 0
147.712 43.9848 0 0
147.608 43.9961 0 0
147.502 44.0139 0 0
147.399 44.0421 0 0
147.299 44.0759 0 0
147.196 44.0937 0 0
147.093 44.1173 0 0
146.994 44.1468 0 0
146.891 44.1608 0 0
146.788 44.1818 0 0
146.688 44.2093 0 0
146.585 44.2217 0 0
146.483 44.2412 0 0
146.382 44.2674 0 0
146.28 44.2784 0 0
146.177 44.2967 0 0
146.076 44.3217 0 0
145.973 44.3314 0 0
145.87 44.3484 0 0
145.769 44.3719 0 0
145.665 44.3797 0 0
145.561 44.3942 0 0
145.459 44.4144 0 0
145.354 44.4182 0 0
145.248 44.4287 0 0
145.144 44.45 0 0
145.042 44.4772 0 0
144.939 44.4881 0 0
144.835 44.505 0 0
144.734 44.5279 0 0
144.63 44.5352 0 0
144.527 44.5495 0 0
144.425 44.5705 0 0
144.322 44.576 0 0
144.218 44.5888 0 0
144.117 44.6083 0 0
144.014 44.6124 0 0
143.91 44.6236 0 0
143.808 44.6416 0 0
143.704 44.6437 0 0
143.599 44.6524 0 0
143.496 44.6668 0 0
143.392 44.6648 0 0
143.285 44.6694 0 0
143.18 44.6849 0 0
143.078 44.7065 0 0
142.973 44.7116 0 0
142.869 44.7228 0 0
142.767 44.7401 0 0
142.664 44.7416 0 0
142.559 44.7502 0 0
142.457 44.7655 0 0
142.354 44.7654 0 0
142.25 44.7725 0 0
142.148 44.7865 0 0
142.045 44.785 0 0
141.941 44.7907 0 0
141.839 44.8033 0 0
141.736 44.8004 0 0
141.631 44.8044 0 0
141.528 44.8152 0 0
141.425 44.8099 0 0
141.32 44.8108 0 0
141.216 44.8174 0 0
141.112 44.8072 0 0
141.005 44.8031 0 0
140.899 44.8099 0 0
140.795 44.8228 0 0
140.691 44.819 0 0
140.586 44.8208 0 0
140.483 44.829 0 0
140.38 44.8211 0 0
140.276 44.8201 0 0
140.173 44.8262 0 0
140.07 44.8165 0 0
139.966 44.8139 0 0
139.863 44.8184 0 0
139.761 44.8072 0 0
139.656 44.803 0 0
139.553 44.8058 0 0
139.451 44.7926 0 0
139.346 44.7857 0 0
139.242 44.7847 0 0
139.139 44.7672 0 0
139.034 44.7559 0 0
138.927 44.7557 0 0
138.823 44.7621 0 0
138.72 44.7518 0 0
138.615 44.7474 0 0
138.512 44.7495 0 0
138.41 44.7356 0 0
138.306 44.7286 0 0
138.203 44.7288 0 0
138.102 44.7134 0 0
137.998 44.7049 0 0
137.895 44.7036 0 0
137.794 44.6869 0 0
137.69 44.677 0 0
137.588 44.6744 0 0
137.487 44.6563 0 0
137.383 44.645 0 0
137.28 44.6407 0 0
137.179 44.6205 0 0
137.075 44.6065 0 0
136.972 44.5985 0 0
136.871 44.5739 0 0
136.766 44.5555 0 0
136.66 44.5481 0 0
136.556 44.5473 0 0
136.454 44.53 0 0
136.35 44.5184 0 0
136.247 44.5135 0 0
136.146 44.4926 0 0
136.043 44.4784 0 0
135.94 44.4713 0 0
135.84 44.4487 0 0
135.737 44.4329 0 0
135.635 44.4242 0 0
135.535 44.3999 0 0
135.432 44.3822 0 0
135.33 44.3713 0 0
135.23 44.3444 0 0
135.127 44.3233 0 0
135.024 44.3078 0 0
134.924 44.2756 0 0
134.821 44.2488 0 0
134.715 44.2321 0 0
134.61 44.2208 0 0
134.508 44.1915 0 0
134.403 44.1655 0 0
134.298 44.1429 0 0
134.198 44.101 0 0
134.093 44.0606 0 0
133.983 44.0247 0 0
133.87 43.9927 0 0
133.752 43.9695 0 0
133.635 43.9872 0 0
133.562 44.0762 0 0
133.506 44.1712 0 0
133.451 44.262 0 0
133.389 44.3443 0 0
133.315 44.4136 0 0
133.228 44.4645 0 0
133.132 44.4936 0 0
133.032 44.4995 0 0
132.934 44.4824 0 0
132.842 44.4431 0 0
132.761 44.3835 0 0
132.693 44.3077 0 0
132.638 44.2206 0 0
132.59 44.1261 0 0
132.54 44.0282 0 0
132.471 43.9361 0 0
132.353 43.9152 0 0
132.233 43.9346 0 0
132.116 43.9617 0 0
132 43.9909 0 0
131.887 44.0218 0 0
131.776 44.0558 0 0
131.669 44.0937 0 0
131.567 44.1325 0 0
131.459 44.1519 0 0
131.351 44.1746 0 0
131.246 44.2054 0 0
131.146 44.2408 0 0
131.041 44.2592 0 0
130.937 44.2828 0 0
130.837 44.312 0 0
130.733 44.3254 0 0
130.63 44.3454 0 0
130.529 44.3718 0 0
130.426 44.3829 0 0
130.322 44.4012 0 0
130.222 44.426 0 0
130.118 44.4356 0 0
130.015 44.4523 0 0
129.914 44.4756 0 0
129.81 44.4833 0 0
129.705 44.4977 0 0
129.603 44.5177 0 0
129.498 44.5215 0 0
129.392 44.532 0 0
129.287 44.5532 0 0
129.186 44.5804 0 0
129.082 44.5914 0 0
128.978 44.6085 0 0
128.877 44.6316 0 0
128.773 44.6392 0 0
128.669 44.6538 0 0
128.568 44.6751 0 0
128.465 44.6812 0 0
128.361 44.6946 0 0
128.26 44.7147 0 0
128.157 44.7197 0 0
128.053 44.7319 0 0
127.951 44.751 0 0
127.848 44.7548 0 0
127.744 44.7658 0 0
127.641 44.7835 0 0
127.538 44.7855 0 0
127.433 44.7942 0 0
127.329 44.8086 0 0
127.225 44.8067 0 0
127.118 44.8114 0 0
127.013 44.827 0 0
126.911 44.8487 0 0
126.806 44.8541 0 0
126.702 44.8656 0 0
126.6 44.8832 0 0
126.496 44.8852 0 0
126.392 44.8941 0 0
126.289 44.9099 0 0
126.186 44.9103 0 0
126.082 44.9179 0 0
125.979 44.9323 0 0
125.876 44.9314 0 0
125.772 44.9376 0 0
125.669 44.9506 0 0
125.565 44.9478 0 0
125.46 44.9515 0 0
125.356 44.9611 0 0
125.252 44.9542 0 0
125.145 44.9538 0 0
125.039 44.9644 0 0
124.936 44.9812 0 0
124.832 44.9814 0 0
124.727 44.9875 0 0
124.624 44.9998 0 0
124.52 44.996 0 0
124.416 44.9989 0 0
124.313 45.0086 0 0
124.21 45.0025 0 0
124.105 45.0033 0 0
124.002 45.011 0 0
123.899 45.003 0 0
123.795 45.0018 0 0
123.692 45.0075 0 0
123.589 44.9975 0 0
123.484 44.9944 0 0
123.381 44.9982 0 0
123.278 44.9861 0 0
123.173 44.9803 0 0
123.069 44.9805 0 0
122.966 44.9643 0 0
122.86 44.9543 0 0
122.753 44.9554 0 0
122.649 44.963 0 0
122.545 44.954 0 0
122.44 44.951 0 0
122.337 44.9545 0 0
122.234 44.9422 0 0
122.13 44.9367 0 0
122.027 44.9383 0 0
121.924 44.9245 0 0
121.82 44.9176 0 0
121.717 44.9178 0 0
121.615 44.9026 0 0
121.511 44.8944 0 0
121.408 44.8931 0 0
121.306 44.876 0 0
121.201 44.8652 0 0
121.097 44.8604 0 0
120.995 44.8392 0 0
120.89 44.8242 0 0
120.783 44.8202 0 0
120.679 44.8228 0 0
120.576 44.809 0 0
120.471 44.801 0 0
120.368 44.7996 0 0
120.266 44.7825 0 0
120.162 44.7721 0 0
120.059 44.7689 0 0
119.958 44.7504 0 0
119.854 44.7387 0 0
119.751 44.7344 0 0
119.65 44.7147 0 0
119.547 44.7019 0 0
119.444 44.6963 0 0
119.343 44.6753 0 0
119.24 44.6612 0 0
119.137 44.6541 0 0
119.036 44.6312 0 0
118.933 44.6145 0 0
118.829 44.6036 0 0
118.728 44.5764 0 0
118.624 44.5551 0 0
118.518 44.5446 0 0
118.414 44.5407 0 0
118.311 44.5202 0 0
118.207 44.5052 0 0
118.103 44.4966 0 0
118.002 44.4717 0 0
117.898 44.4529 0 0
117.794 44.4401 0 0
117.694 44.4104 0 0
117.589 44.3854 0 0
117.484 44.3644 0 0
117.384 44.3247 0 0
117.278 44.2869 0 0
117.169 44.2538 0 0
117.056 44.2242 0 0
116.94 44.1974 0 0
116.821 44.1788 0 0
116.704 44.2006 0 0
116.634 44.292 0 0
116.581 44.3889 0 0
116.529 44.4814 0 0
116.469 44.5655 0 0
116.396 44.6366 0 0
116.311 44.6895 0 0
116.216 44.7208 0 0
116.116 44.7298 0 0
116.016 44.7164 0 0
115.923 44.6814 0 0
115.839 44.626 0 0
115.767 44.5538 0 0
115.707 44.4694 0 0
115.655 44.377 0 0
115.602 44.2808 0 0
115.531 44.1903 0 0
115.413 44.1706 0 0
115.293 44.1909 0 0
115.176 44.2188 0 0
115.062 44.2488 0 0
114.949 44.2808 0 0
114.84 44.3161 0 0
114.735 44.3563 0 0
114.635 44.3982 0 0
114.53 44.4218 0 0
114.426 44.4495 0 0
114.326 44.4818 0 0
114.222 44.4975 0 0
114.119 44.5193 0 0
114.019 44.5472 0 0
113.915 44.5595 0 0
113.812 44.5786 0 0
113.711 44.6041 0 0
113.607 44.6139 0 0
113.503 44.6302 0 0
113.401 44.6521 0 0
113.296 44.6577 0 0
113.19 44.67 0 0
113.086 44.693 0 0
112.985 44.7219 0 0
112.882 44.7346 0 0
112.778 44.7532 0 0
112.677 44.778 0 0
112.574 44.7871 0 0
112.471 44.8033 0 0
112.37 44.8261 0 0
112.267 44.8337 0 0
112.163 44.8484 0 0
112.062 44.87 0 0
111.959 44.8763 0 0
111.855 44.8897 0 0
111.754 44.9098 0 0
111.65 44.9142 0 0
111.545 44.9253 0 0
111.443 44.9421 0 0
111.338 44.9426 0 0
111.232 44.9497 0 0
111.127 44.9678 0 0
111.025 44.9919 0 0
110.921 44.9997 0 0
110.817 45.0136 0 0
110.715 45.0336 0 0
110.612 45.038 0 0
110.508 45.0494 0 0
110.406 45.0676 0 0
110.303 45.0706 0 0
110.199 45.0807 0 0
110.097 45.0977 0 0
109.994 45.0995 0 0
109.89 45.1085 0 0
109.788 45.1244 0 0
109.685 45.125 0 0
109.581 45.1327 0 0
109.478 45.1472 0 0
109.375 45.146 0 0
109.27 45.1513 0 0
109.166 45.1625 0 0
109.062 45.1572 0 0
108.955 45.1585 0 0
108.849 45.1707 0 0
108.747 45.1891 0 0
108.642 45.1911 0 0
108.537 45.1991 0 0
108.435 45.2134 0 0
108.331 45.2117 0 0
108.227 45.2167 0 0
108.124 45.2285 0 0
108.021 45.2245 0 0
107.916 45.2273 0 0
107.813 45.2367 0 0
107.71 45.2304 0 0
107.605 45.2309 0 0
107.502 45.2379 0 0
107.398 45.2288 0 0
107.293 45.2259 0 0
107.189 45.2287 0 0
107.085 45.2149 0 0
106.979 45.2072 0 0
106.872 45.2105 0 0
106.768 45.2202 0 0
106.664 45.2133 0 0
106.559 45.2123 0 0
106.456 45.2177 0 0
106.353 45.2073 0 0
106.249 45.2038 0 0
106.145 45.2074 0 0
106.043 45.1956 0 0
105.939 45.1908 0 0
105.836 45.1932 0 0
105.734 45.1803 0 0
105.63 45.1743 0 0
105.526 45.1756 0 0
105.424 45.1614 0 0
105.32 45.1542 0 0
105.217 45.154 0 0
105.115 45.138 0 0
105.01 45.1283 0 0
104.906 45.1246 0 0
104.803 45.1045 0 0
104.698 45.0906 0 0
104.591 45.0877 0 0
104.487 45.0914 0 0
104.384 45.0787 0 0
104.279 45.0718 0 0
104.175 45.0715 0 0
104.073 45.0555 0 0
103.969 45.0462 0 0
103.866 45.0441 0 0
103.765 45.0265 0 0
103.661 45.0159 0 0
103.558 45.0124 0 0
103.456 44.9935 0 0
103.352 44.9814 0 0
103.249 44.9764 0 0
103.148 44.9557 0 0
103.044 44.9411 0 0
102.94 44.9325 0 0
102.839 44.9076 0 0
102.734 44.8887 0 0
102.628 44.8808 0 0
102.523 44.8796 0 0
102.42 44.862 0 0
102.316 44.8502 0 0
102.213 44.845 0 0
102.112 44.8241 0 0
102.008 44.8099 0 0
101.905 44.8029 0 0
101.805 44.7804 0 0
101.701 44.7648 0 0
101.598 44.7563 0 0
101.498 44.7324 0 0
101.395 44.7152 0 0
101.292 44.7049 0 0
101.192 44.679 0 0
101.088 44.6593 0 0
100.984 44.6458 0 0
100.884 44.6156 0 0
100.78 44.5901 0 0
100.675 44.5687 0 0
100.575 44.5286 0 0
100.47 44.4905 0 0
100.36 44.4573 0 0
100.248 44.4276 0 0
100.133 44.3999 0 0
100.016 44.3743 0 0
99.8963 44.3564 0 0
99.7791 44.3784 0 0
99.7093 44.4702 0 0
99.6568 44.5672 0 0
99.6048 44.6599 0 0
99.545 44.7443 0 0
99.4728 44.816 0 0
99.3878 44.8699 0 0
99.2931 44.9028 0 0
99.1934 44.914 0 0
99.0937 44.9031 0 0
98.9989 44.8704 0 0
98.9137 44.8168 0 0
98.8413 44.7453 0 0
98.7811 44.6612 0 0
98.7287 44.5688 0 0
98.6756 44.4721 0 0
98.6051 44.3808 0 0
98.488 44.3597 0 0
98.3688 44.3789 0 0
98.2531 44.4063 0 0
98.1401 44.4364 0 0
98.03 44.4697 0 0
97.9243 44.5077 0 0
97.8232 44.5473 0 0
97.7172 44.5679 0 0
97.6118 44.592 0 0
97.5092 44.6198 0 0
97.4034 44.6296 0 0
97.2968 44.645 0 0
97.1927 44.6704 0 0
97.0924 44.7012 0 0
96.9887 44.7155 0 0
96.8853 44.7354 0 0
96.7851 44.7612 0 0
96.682 44.7711 0 0
96.5789 44.7881 0 0
96.4786 44.8116 0 0
96.3758 44.8199 0 0
96.2727 44.8353 0 0
96.1722 44.8575 0 0
96.0695 44.8644 0 0
95.9663 44.8786 0 0
95.8655 44.8996 0 0
95.7626 44.9053 0 0
95.6591 44.9182 0 0
95.5577 44.9378 0 0
95.4544 44.9416 0 0
95.3501 44.9522 0 0
95.2472 44.9685 0 0
95.1428 44.9683 0 0
95.0366 44.9749 0 0
94.9317 44.9925 0 0
94.83 45.0161 0 0
94.7261 45.0235 0 0
94.6221 45.0367 0 0
94.5206 45.0563 0 0
94.4174 45.06 0 0
94.3136 45.0708 0 0
94.2121 45.0884 0 0
94.1091 45.0906 0 0
94.0052 45.0999 0 0
93.9035 45.1162 0 0
93.8005 45.117 0 0
93.6964 45.1249 0 0
93.5942 45.1397 0 0
93.4909 45.1386 0 0
93.3862 45.1442 0 0
93.2826 45.1555 0 0
93.1784 45.1504 0 0
93.072 45.1519 0 0
92.9663 45.1644 0 0
92.8636 45.1832 0 0
92.7595 45.1855 0 0
92.655 45.1938 0 0
92.5527 45.2084 0 0
92.4495 45.2072 0 0
92.3453 45.213 0 0
92.2431 45.2258 0 0
92.1402 45.2231 0 0
92.0361 45.2276 0 0
91.9339 45.2391 0 0
91.831 45.2352 0 0
91.7269 45.2385 0 0
91.6244 45.2488 0 0
91.5215 45.2435 0 0
91.4171 45.2453 0 0
91.3141 45.2538 0 0
91.211 45.2463 0 0
91.1061 45.2451 0 0
91.0019 45.2496 0 0
90.8981 45.2373 0 0
90.7918 45.2312 0 0
90.6853 45.2359 0 0
90.5814 45.2469 0 0
90.4773 45.2411 0 0
90.3723 45.2409 0 0
90.2691 45.2471 0 0
90.1662 45.2373 0 0
90.0618 45.2342 0 0
89.9588 45.2382 0 0
89.8563 45.2266 0 0
89.7521 45.222 0 0
89.6491 45.2245 0 0
89.5469 45.2115 0 0
89.4426 45.2054 0 0
89.3393 45.2063 0 0
89.2371 45.1914 0 0
89.1325 45.1828 0 0
89.0284 45.1802 0 0
88.9257 45.1611 0 0
88.82 45.1483 0 0
88.7136 45.1465 0 0
88.6093 45.1513 0 0
88.5058 45.1396 0 0
88.4011 45.1338 0 0
88.2978 45.1346 0 0
88.1956 45.1195 0 0
88.0916 45.1113 0 0
87.9886 45.1103 0 0
87.8869 45.0938 0 0
87.7831 45.0843 0 0
87.6803 45.082 0 0
87.5789 45.0644 0 0
87.4752 45.0538 0 0
87.3723 45.0503 0 0
87.271 45.0314 0 0
87.1673 45.0194 0 0
87.0641 45.0145 0 0
86.9629 44.9938 0 0
86.859 44.9794 0 0
86.7551 44.9709 0 0
86.6537 44.946 0 0
86.5489 44.9273 0 0
86.4427 44.9195 0 0
86.3383 44.9184 0 0
86.2355 44.9009 0 0
86.1313 44.8892 0 0
86.028 44.8841 0 0
85.9268 44.8633 0 0
85.8233 44.8492 0 0
85.7204 44.8422 0 0
85.6197 44.82 0 0
85.5165 44.8044 0 0
85.4137 44.7961 0 0
85.3133 44.7724 0 0
85.2102 44.7554 0 0
85.1072 44.7454 0 0
85.007 44.7197 0 0
84.9038 44.6999 0 0
84.8003 44.686 0 0
84.7001 44.6557 0 0
84.5962 44.6311 0 0
84.4902 44.6171 0 0
84.3853 44.6094 0 0
84.2832 44.585 0 0
84.1788 44.5657 0 0
84.0744 44.552 0 0
83.9736 44.5212 0 0
83.8693 44.4951 0 0
83.7641 44.473 0 0
83.664 44.4324 0 0
83.5591 44.3939 0 0
83.45 44.3605 0 0
83.3382 44.3311 0 0
83.2246 44.3043 0 0
83.1098 44.2799 0 0
82.9936 44.2593 0 0
82.8758 44.2518 0 0
82.7715 44.2951 0 0
82.7053 44.3859 0 0
82.6538 44.4807 0 0
82.6026 44.5719 0 0
82.5437 44.6554 0 0
82.4726 44.7268 0 0
82.3886 44.7813 0 0
82.2947 44.8152 0 0
82.1954 44.8259 0 0
82.0965 44.8122 0 0
82.004 44.7746 0 0
81.9232 44.7152 0 0
81.8569 44.6386 0 0
81.8035 44.5505 0 0
81.7575 44.4551 0 0
81.7095 44.3563 0 0
81.6425 44.263 0 0
81.5257 44.2399 0 0
81.4055 44.2571 0 0
81.2881 44.2819 0 0
81.1725 44.3084 0 0
81.0585 44.3364 0 0
80.9464 44.3665 0 0
80.8372 44.4002 0 0
80.7324 44.4387 0 0
80.6325 44.4792 0 0
80.5275 44.5011 0 0
80.4237 44.5271 0 0
80.3234 44.5577 0 0
80.2197 44.5716 0 0
80.1163 44.5916 0 0
80.016 44.6178 0 0
79.9128 44.6281 0 0
79.8094 44.6454 0 0
79.7085 44.6691 0 0
79.6052 44.6769 0 0
79.5011 44.6913 0 0
79.3988 44.7113 0 0
79.2943 44.7149 0 0
79.1884 44.7252 0 0
79.084 44.7464 0 0
78.9832 44.7735 0 0
78.8796 44.7844 0 0
78.7761 44.8012 0 0
78.6754 44.8242 0 0
78.5723 44.8315 0 0
78.469 44.8458 0 0
78.3682 44.867 0 0
78.2654 44.8728 0 0
78.162 44.8858 0 0
78.061 44.9057 0 0
77.9582 44.9104 0 0
77.8547 44.9223 0 0
77.7535 44.9411 0 0
77.6505 44.9446 0 0
77.5467 44.9553 0 0
77.4449 44.9727 0 0
77.3416 44.9744 0 0
77.237 44.9828 0 0
77.1338 44.9969 0 0
77.0294 44.9946 0 0
76.923 44.999 0 0
76.8177 45.0144 0 0
76.7155 45.036 0 0
76.6114 45.0412 0 0
76.5071 45.0524 0 0
76.4052 45.0699 0 0
76.3018 45.0716 0 0
76.1977 45.0803 0 0
76.0958 45.096 0 0
75.9927 45.0962 0 0
75.8886 45.1035 0 0
75.7865 45.1179 0 0
75.6834 45.1167 0 0
75.5791 45.1227 0 0
75.4765 45.1356 0 0
75.3731 45.1326 0 0
75.2682 45.1362 0 0
75.1644 45.1456 0 0
75.0602 45.1385 0 0
74.9536 45.1379 0 0
74.8476 45.1483 0 0
74.7444 45.165 0 0
74.6402 45.1652 0 0
74.5352 45.1712 0 0
74.4324 45.1834 0 0
74.3289 45.1796 0 0
74.2243 45.1825 0 0
74.1215 45.1922 0 0
74.0184 45.1861 0 0
73.9139 45.1868 0 0
73.8109 45.1944 0 0
73.7081 45.1862 0 0
73.6036 45.1849 0 0
73.5005 45.1904 0 0
73.3977 45.1802 0 0
73.2931 45.1769 0 0
73.1896 45.1803 0 0
73.0868 45.1678 0 0
72.9819 45.1617 0 0
72.8776 45.1615 0 0
72.7745 45.1449 0 0
72.6685 45.1345 0 0
72.5619 45.1352 0 0
72.4577 45.1424 0 0
72.3538 45.1331 0 0
72.2488 45.1297 0 0
72.1453 45.1329 0 0
72.0426 45.1202 0 0
71.9382 45.1144 0 0
71.8349 45.1157 0 0
71.7327 45.1016 0 0
71.6284 45.0944 0 0
71.5251 45.0944 0 0
71.423 45.079 0 0
71.3187 45.0705 0 0
71.2152 45.069 0 0
71.1131 45.0518 0 0
71.0086 45.0408 0 0
70.9044 45.0359 0 0
70.8021 45.0146 0 0
70.6966 44.9995 0 0
70.5902 44.9953 0 0
70.4857 44.9978 0 0
70.3823 44.9839 0 0
70.2775 44.9758 0 0
70.1739 44.9744 0 0
70.0718 44.9572 0 0
69.9677 44.9468 0 0
69.8645 44.9436 0 0
69.7629 44.9251 0 0
69.659 44.9135 0 0
69.5559 44.9092 0 0
69.4546 44.8896 0 0
69.3508 44.8769 0 0
69.2477 44.8715 0 0
69.1465 44.8508 0 0
69.0427 44.8368 0 0
68.9393 44.83 0 0
68.8381 44.8075 0 0
68.7342 44.7911 0 0
68.6303 44.7808 0 0
68.5291 44.7543 0 0
68.4244 44.7338 0 0
68.3182 44.7241 0 0
68.2136 44.7211 0 0
68.1109 44.7017 0 0
68.0064 44.6881 0 0
67.9028 44.6811 0 0
67.8015 44.6585 0 0
67.6978 44.6424 0 0
67.5945 44.6334 0 0
67.4937 44.6091 0 0
67.3901 44.5913 0 0
67.2867 44.5804 0 0
67.1861 44.5541 0 0
67.0824 44.5338 0 0
66.9782 44.5198 0 0
66.8775 44.4891 0 0
66.7731 44.4632 0 0
66.6676 44.4414 0 0
66.567 44.4012 0 0
66.4614 44.3629 0 0
66.3511 44.3295 0 0
66.2377 44.2995 0 0
66.1216 44.2723 0 0
66.0019 44.2533 0 0
65.8845 44.2746 0 0
65.8143 44.366 0 0
65.7614 44.4628 0 0
65.709 44.5553 0 0
65.6488 44.6395 0 0
65.5765 44.7111 0 0
65.4915 44.7652 0 0
65.3969 44.7988 0 0
65.2973 44.8112 0 0
65.1974 44.8021 0 0
65.1018 44.7714 0 0
65.0154 44.7197 0 0
64.9415 44.6496 0 0
64.8799 44.5663 0 0
64.8267 44.4743 0 0
64.7736 44.3775 0 0
64.7037 44.2857 0 0
64.5865 44.2626 0 0
64.4662 44.2791 0 0
64.349 44.3032 0 0
64.2338 44.3292 0 0
64.1207 44.3572 0 0
64.0104 44.3886 0 0
63.9043 44.4247 0 0
63.8029 44.4628 0 0
63.6969 44.482 0 0
63.5918 44.5051 0 0
63.4899 44.5329 0 0
63.385 44.5434 0 0
63.28 44.5595 0 0
63.1771 44.5807 0 0
63.0719 44.5851 0 0
62.9654 44.5958 0 0
62.8606 44.617 0 0
62.7594 44.6441 0 0
62.6554 44.6547 0 0
62.5515 44.6711 0 0
62.4504 44.6935 0 0
62.347 44.7002 0 0
62.2433 44.7139 0 0
62.142 44.7343 0 0
62.0389 44.7394 0 0
61.9351 44.7516 0 0
61.8336 44.7706 0 0
61.7304 44.7743 0 0
61.6264 44.7851 0 0
61.5244 44.8027 0 0
61.4208 44.8045 0 0
61.3161 44.8128 0 0
61.2128 44.8271 0 0
61.1083 44.8249 0 0
61.0019 44.8293 0 0
60.8965 44.8446 0 0
60.7943 44.8662 0 0
60.6901 44.8713 0 0
60.5856 44.8825 0 0
60.4835 44.8999 0 0
60.38 44.9016 0 0
60.2757 44.9104 0 0
60.1736 44.926 0 0
60.0704 44.9262 0 0
59.9662 44.9337 0 0
59.864 44.9481 0 0
59.7608 44.9472 0 0
59.6565 44.9535 0 0
59.554 44.9668 0 0
59.4507 44.9647 0 0
59.3462 44.9697 0 0
59.2433 44.9816 0 0
59.1397 44.9777 0 0
59.0345 44.9804 0 0
58.9305 44.9889 0 0
58.8261 44.981 0 0
58.7195 44.9796 0 0
58.6133 44.9892 0 0
58.5098 45.005 0 0
58.4054 45.0044 0 0
58.3002 45.0098 0 0
58.1971 45.0215 0 0
58.0934 45.0175 0 0
57.9886 45.0203 0 0
57.8855 45.03 0 0
57.7821 45.0241 0 0
57.6773 45.0251 0 0
57.5739 45.0329 0 0
57.4706 45.0249 0 0
57.3656 45.0237 0 0
57.2618 45.0291 0 0
57.1584 45.0183 0 0
57.053 45.0137 0 0
56.9484 45.0148 0 0
56.8446 44.9992 0 0
56.7382 44.9896 0 0
56.6313 44.9907 0 0
56.5268 44.9981 0 0
56.4226 44.989 0 0
56.3172 44.9858 0 0
56.2134 44.989 0 0
56.1103 44.9766 0 0
56.0055 44.9709 0 0
55.902 44.9723 0 0
55.7994 44.9585 0 0
55.6948 44.9515 0 0
55.5914 44.9518 0 0
55.489 44.9368 0 0
55.3845 44.9287 0 0
55.281 44.9278 0 0
55.1787 44.9116 0 0
55.0741 44.9023 0 0
54.9703 44.9 0 0
54.8679 44.882 0 0
54.7631 44.8703 0 0
54.6586 44.8646 0 0
54.556 44.8426 0 0
54.4503 44.8267 0 0
54.3434 44.8216 0 0
54.2385 44.8231 0 0
54.1349 44.8083 0 0
54.0297 44.7993 0 0
53.9257 44.7969 0 0
53.8233 44.7789 0 0
53.7188 44.7676 0 0
53.6151 44.7634 0 0
53.5132 44.7439 0 0
53.409 44.7312 0 0
53.3054 44.7257 0 0
53.2037 44.705 0 0
53.0995 44.691 0 0
52.9956 44.684 0 0
52.894 44.6615 0 0
52.7896 44.645 0 0
52.6853 44.6346 0 0
52.5837 44.6081 0 0
52.4786 44.5875 0 0
52.372 44.5776 0 0
52.267 44.5743 0 0
52.1639 44.5548 0 0
52.0591 44.5411 0 0
51.9552 44.534 0 0
51.8536 44.5114 0 0
51.7496 44.4954 0 0
51.6461 44.4866 0 0
51.545 44.4627 0 0
51.4413 44.4455 0 0
51.338 44.4355 0 0
51.2372 44.4105 0 0
51.1337 44.3921 0 0
51.0303 44.3809 0 0
50.9296 44.3546 0 0
50.8261 44.3349 0 0
50.7224 44.322 0 0
50.6219 44.2936 0 0
50.5181 44.271 0 0
50.4138 44.2541 0 0
50.3132 44.2209 0 0
50.2087 44.193 0 0
50.1016 44.1748 0 0
49.995 44.1621 0 0
49.8921 44.1319 0 0
49.7863 44.1054 0 0
49.6797 44.0824 0 0
49.5782 44.041 0 0
49.472 44.0012 0 0
49.3615 43.9658 0 0
49.2479 43.9336 0 0
49.1317 43.9041 0 0
49.0119 43.8828 0 0
48.8939 43.902 0 0
48.8233 43.9927 0 0
48.7708 44.0894 0 0
48.72 44.1826 0 0
48.6622 44.2683 0 0
48.5927 44.3424 0 0
48.5105 44.4005 0 0
48.4179 44.4388 0 0
48.3191 44.4558 0 0
48.219 44.4504 0 0
48.1229 44.4222 0 0
48.0358 44.3718 0 0
47.9615 44.3025 0 0
47.8997 44.2196 0 0
47.8461 44.1279 0 0
47.7922 44.0316 0 0
47.7212 43.9407 0 0
47.604 43.9194 0 0
47.4844 43.9379 0 0
47.3682 43.964 0 0
47.254 43.992 0 0
47.1419 44.0221 0 0
47.0328 44.0555 0 0
46.9282 44.0939 0 0
46.8284 44.1341 0 0
46.7236 44.1555 0 0
46.6199 44.181 0 0
46.5197 44.2111 0 0
46.4162 44.2244 0 0
46.3131 44.2439 0 0
46.213 44.2695 0 0
46.1102 44.2794 0 0
46.0072 44.2963 0 0
45.9069 44.3197 0 0
45.8043 44.3277 0 0
45.7012 44.3429 0 0
45.6007 44.3648 0 0
45.4979 44.3712 0 0
45.3946 44.3848 0 0
45.2934 44.405 0 0
45.1903 44.4095 0 0
45.0861 44.4205 0 0
44.9834 44.4373 0 0
44.8791 44.4376 0 0
44.773 44.4446 0 0
44.6682 44.4626 0 0
44.5667 44.4867 0 0
44.4629 44.4943 0 0
44.359 44.5079 0 0
44.2577 44.5277 0 0
44.1545 44.5317 0 0
44.0507 44.5427 0 0
43.9493 44.5605 0 0
43.8463 44.5629 0 0
43.7425 44.5724 0 0
43.6408 44.5888 0 0
43.5378 44.5897 0 0
43.4337 44.5977 0 0
43.3315 44.6125 0 0
43.2282 44.6115 0 0
43.1234 44.617 0 0
43.0198 44.6284 0 0
42.9155 44.6232 0 0
42.8091 44.6246 0 0
42.7033 44.637 0 0
42.6006 44.6557 0 0
42.4963 44.6579 0 0
42.3917 44.666 0 0
42.2893 44.6805 0 0
42.186 44.6791 0 0
42.0817 44.6847 0 0
41.9793 44.6972 0 0
41.8763 44.6943 0 0
41.7721 44.6985 0 0
41.6696 44.7098 0 0
41.5667 44.7056 0 0
41.4624 44.7086 0 0
41.3597 44.7185 0 0
41.2566 44.713 0 0
41.1521 44.7145 0 0
41.0489 44.7228 0 0
40.9456 44.715 0 0
40.8404 44.7136 0 0
40.7361 44.7178 0 0
40.6323 44.7052 0 0
40.5258 44.6986 0 0
40.4193 44.7028 0 0
40.3151 44.7131 0 0
40.2109 44.7066 0 0
40.1056 44.7057 0 0
40.002 44.7111 0 0
39.8989 44.7003 0 0
39.7942 44.6963 0 0
39.6908 44.6992 0 0
39.5882 44.6865 0 0
39.4837 44.6808 0 0
39.3803 44.6821 0 0
39.2778 44.668 0 0
39.1733 44.6607 0 0
39.0697 44.6604 0 0
38.9672 44.6443 0 0
38.8624 44.6345 0 0
38.758 44.6307 0 0
38.6554 44.6104 0 0
38.5496 44.5963 0 0
38.443 44.5931 0 0
38.3384 44.5965 0 0
38.2348 44.5834 0 0
38.1297 44.5762 0 0
38.0259 44.5755 0 0
37.9235 44.5592 0 0
37.8191 44.5495 0 0
37.7157 44.547 0 0
37.6138 44.5292 0 0
37.5097 44.5183 0 0
37.4064 44.5145 0 0
37.3047 44.4955 0 0
37.2007 44.4834 0 0
37.0973 44.4785 0 0
36.9958 44.4583 0 0
36.8917 44.4448 0 0
36.7881 44.4383 0 0
36.6866 44.4163 0 0
36.5823 44.4003 0 0
36.4782 44.3904 0 0
36.3766 44.3643 0 0
36.2717 44.3441 0 0
36.1652 44.3346 0 0
36.0603 44.3318 0 0
35.9574 44.3127 0 0
35.8527 44.2994 0 0
35.7489 44.2926 0 0
35.6474 44.2703 0 0
35.5435 44.2545 0 0
35.4401 44.2459 0 0
35.3391 44.2221 0 0
35.2355 44.205 0 0
35.1322 44.1951 0 0
35.0315 44.1699 0 0
34.928 44.1514 0 0
34.8245 44.1398 0 0
34.724 44.1128 0 0
34.6204 44.0918 0 0
34.5166 44.0767 0 0
34.4162 44.0455 0 0
34.3121 44.0201 0 0
34.2059 44.0053 0 0
34.101 43.997 0 0
33.9989 43.9725 0 0
33.8946 43.9536 0 0
33.7908 43.9412 0 0
33.6902 43.9133 0 0
33.5867 43.8915 0 0
33.4831 43.8767 0 0
33.383 43.8463 0 0
33.2796 43.8219 0 0
33.1756 43.8037 0 0
33.0756 43.769 0 0
32.9719 43.739 0 0
32.8668 43.7129 0 0
32.7674 43.6689 0 0
32.6628 43.6266 0 0
32.5537 43.5891 0 0
32.4414 43.5549 0 0
32.3269 43.523 0 0
32.2102 43.4934 0 0
32.0902 43.4721 0 0
31.9726 43.4923 0 0
31.9063 43.5856 0 0
31.8612 43.6856 0 0
31.8203 43.7832 0 0
31.7745 43.8753 0 0
31.717 43.9584 0 0
31.6447 44.0276 0 0
31.5584 44.0776 0 0
31.4624 44.1043 0 0
31.3628 44.1053 0 0
31.2663 44.0803 0 0
31.1791 44.0313 0 0
31.1045 43.9632 0 0
31.0417 43.8817 0 0
30.9855 43.7923 0 0
30.9269 43.6995 0 0
30.8498 43.6143 0 0
30.7325 43.6037 0 0
30.6172 43.6339 0 0
30.5062 43.6719 0 0
30.3983 43.7124 0 0
30.2937 43.7561 0 0
30.1941 43.8042 0 0
30.0995 43.8533 0 0
29.998 43.8834 0 0
29.898 43.9171 0 0
29.8018 43.9548 0 0
29.7007 43.9753 0 0
29.6004 44.0016 0 0
29.5034 44.0339 0 0
29.4024 44.0497 0 0
29.3017 44.0722 0 0
29.2037 44.1007 0 0
29.1022 44.1127 0 0
29.0003 44.1311 0 0
28.9004 44.1549 0 0
28.7976 44.1617 0 0
28.6935 44.1752 0 0
28.5915 44.2 0 0
28.4933 44.2306 0 0
28.3915 44.2445 0 0
28.29 44.2641 0 0
28.1913 44.2896 0 0
28.0899 44.2988 0 0
27.9883 44.3149 0 0
27.8894 44.3375 0 0
27.7881 44.3442 0 0
27.6863 44.358 0 0
27.5869 44.3785 0 0
27.4855 44.383 0 0
27.3833 44.3946 0 0
27.2831 44.4128 0 0
27.1812 44.4146 0 0
27.078 44.4228 0 0
26.9762 44.4367 0 0
26.8732 44.4336 0 0
26.7683 44.4371 0 0
26.6644 44.4521 0 0
26.5636 44.4733 0 0
26.4608 44.4775 0 0
26.3578 44.4876 0 0
26.2572 44.5038 0 0
26.1552 44.5036 0 0
26.0525 44.5103 0 0
25.9518 44.5238 0 0
25.8503 44.5213 0 0
25.7476 44.5259 0 0
25.6468 44.5375 0 0
25.5454 44.5331 0 0
25.4426 44.5359 0 0
25.3415 44.5456 0 0
25.24 44.5393 0 0
25.1371 44.5401 0 0
25.0353 44.5475 0 0
24.9336 44.5386 0 0
24.83 44.5359 0 0
24.7271 44.5391 0 0
24.6249 44.5253 0 0
24.52 44.5179 0 0
24.4149 44.5219 0 0
24.3122 44.5323 0 0
24.2094 44.5257 0 0
24.1058 44.5249 0 0
24.0037 44.5304 0 0
23.9022 44.5195 0 0
23.7991 44.5152 0 0
23.6973 44.5179 0 0
23.5963 44.5044 0 0
23.4934 44.4979 0 0
23.3915 44.4984 0 0
23.2908 44.4829 0 0
23.188 44.4742 0 0
23.0858 44.4724 0 0
22.9853 44.4543 0 0
22.8822 44.4424 0 0
22.7794 44.4362 0 0
22.6787 44.4132 0 0
22.5748 44.3963 0 0
22.4697 44.3907 0 0
22.3664 44.3916 0 0
22.2646 44.3757 0 0
22.1614 44.3654 0 0
22.0592 44.3616 0 0
21.959 44.3416 0 0
21.8566 44.3282 0 0
21.7548 44.3219 0 0
21.6553 44.2999 0 0
21.5533 44.2846 0 0
21.4517 44.2766 0 0
21.3526 44.2528 0 0
21.2508 44.2357 0 0
21.1493 44.2258 0 0
21.0506 44.2002 0 0
20.949 44.1812 0 0
20.8474 44.1692 0 0
20.7489 44.1411 0 0
20.6474 44.119 0 0
20.5455 44.1026 0 0
20.4474 44.0697 0 0
20.3455 44.0426 0 0
20.2412 44.0265 0 0
20.1381 44.0171 0 0
20.0382 43.991 0 0
19.9362 43.9705 0 0
19.8347 43.9565 0 0
19.7367 43.9266 0 0
19.6359 43.903 0 0
19.535 43.8866 0 0
19.4379 43.8547 0 0
19.3376 43.8292 0 0
19.237 43.8108 0 0
19.1405 43.7771 0 0
19.0406 43.7496 0 0
18.9401 43.729 0 0
18.8442 43.6928 0 0
18.7447 43.6621 0 0
18.6443 43.6372 0 0
18.5491 43.5962 0 0
18.4496 43.5606 0 0
18.3469 43.5356 0 0
18.2448 43.5175 0 0
18.1472 43.483 0 0
18.0471 43.4538 0 0
17.947 43.4312 0 0
17.8516 43.3931 0 0
17.7529 43.361 0 0
17.6536 43.336 0 0
17.5593 43.2959 0 0
17.4613 43.2619 0 0
17.3624 43.2348 0 0
17.2688 43.1927 0 0
17.1714 43.1565 0 0
17.0727 43.1271 0 0
16.9799 43.0825 0 0
16.8829 43.0433 0 0
16.7844 43.01 0 0
16.6925 42.9606 0 0
16.5963 42.9152 0 0
16.4982 42.8734 0 0
16.4088 42.8142 0 0
16.3143 42.756 0 0
16.2146 42.702 0 0
16.1112 42.6514 0 0
16.0051 42.6035 0 0
15.8968 42.558 0 0
15.7859 42.5157 0 0
15.6704 42.4836 0 0
15.5547 42.4979 0 0
15.4964 42.5951 0 0
15.4697 42.7006 0 0
15.4584 42.8049 0 0
15.4545 42.9071 0 0
15.4481 43.0074 0 0
15.426 43.1039 0 0
15.3764 43.1891 0 0
15.2965 43.246 0 0
15.1995 43.2591 0 0
15.1066 43.2271 0 0
15.0313 43.1631 0 0
14.9726 43.082 0 0
14.9211 42.994 0 0
14.8658 42.9052 0 0
14.7977 42.8205 0 0
14.7065 42.7518 0 0
14.5965 42.7674 0 0
14.502 42.8259 0 0
14.4169 42.8932 0 0
14.3387 42.9642 0 0
14.268 43.039 0 0
14.2012 43.1129 0 0
14.1185 43.1666 0 0
14.0368 43.2219 0 0
13.9579 43.2784 0 0
13.8674 43.3143 0 0
13.7782 43.3558 0 0
13.696 43.4089 0 0
13.6191 43.4664 0 0
13.532 43.5054 0 0
13.4467 43.5493 0 0
13.3654 43.5977 0 0
13.2758 43.6277 0 0
13.188 43.6645 0 0
13.1042 43.7073 0 0
13.0137 43.7324 0 0
12.9246 43.7647 0 0
12.8392 43.8035 0 0
12.748 43.8246 0 0
12.6579 43.8532 0 0
12.5712 43.8885 0 0
12.4793 43.9059 0 0
12.3881 43.9309 0 0
12.3001 43.9627 0 0
12.2072 43.9761 0 0
12.1145 43.9963 0 0
12.024 44.0223 0 0
11.9296 44.0301 0 0
11.835 44.0469 0 0
11.7445 44.0794 0 0
11.6588 44.1197 0 0
11.5674 44.1421 0 0
11.4771 44.1709 0 0
11.39 44.2056 0 0
11.2979 44.2222 0 0
11.2067 44.2463 0 0
11.1186 44.2776 0 0
11.0263 44.2912 0 0
10.9346 44.3126 0 0
10.8459 44.3414 0 0
10.7531 44.3524 0 0
10.6606 44.3713 0 0
10.5708 44.3974 0 0
10.4774 44.405 0 0
10.3838 44.4195 0 0
10.292 44.4401 0 0
10.1974 44.4425 0 0
10.102 44.4538 0 0
10.01 44.4814 0 0
9.92229 44.517 0 0
9.82994 44.5346 0 0
9.73832 44.5588 0 0
9.6497 44.5891 0 0
9.55698 44.6011 0 0
9.46478 44.6209 0 0
9.37546 44.648 0 0
9.28273 44.6575 0 0
9.19027 44.6749 0 0
9.10051 44.6999 0 0
9.00763 44.7074 0 0
8.91484 44.7229 0 0
8.82454 44.746 0 0
8.73134 44.7513 0 0
8.63798 44.7645 0 0
8.54681 44.7852 0 0
8.45317 44.7874 0 0
8.35887 44.7964 0 0
8.26611 44.8117 0 0
8.17154 44.8087 0 0
8.07569 44.8147 0 0
7.98229 44.8371 0 0
7.89275 44.8677 0 0
7.79957 44.8803 0 0
7.70675 44.8993 0 0
7.61655 44.9246 0 0
7.52329 44.9315 0 0
7.4301 44.9461 0 0
7.33935 44.9682 0 0
7.24619 44.9725 0 0
7.15283 44.9846 0 0
7.06169 45.0044 0 0
6.96831 45.0062 0 0
6.87449 45.016 0 0
6.78258 45.0332 0 0
6.6889 45.0318 0 0
6.59432 45.0372 0 0
6.50104 45.0489 0 0
6.40666 45.0422 0 0
6.31065 45.0446 0 0
6.21648 45.0634 0 0
6.12588 45.0905 0 0
6.03231 45.0996 0 0
5.93889 45.1151 0 0
5.84787 45.1371 0 0
5.75447 45.1406 0 0
5.66087 45.1518 0 0
5.56948 45.1707 0 0
5.4763 45.1717 0 0
5.38267 45.1806 0 0
5.29105 45.1974 0 0
5.1979 45.1965 0 0
5.10412 45.2036 0 0
5.01213 45.2184 0 0
4.91886 45.2154 0 0
4.82472 45.2202 0 0
4.73209 45.2326 0 0
4.63866 45.2263 0 0
4.54396 45.2269 0 0
4.45022 45.2338 0 0
4.35632 45.2223 0 0
4.26034 45.2196 0 0
4.16531 45.2335 0 0
4.07338 45.256 0 0
3.97945 45.26 0 0
3.88528 45.2705 0 0
3.79312 45.2875 0 0
3.69961 45.2858 0 0
3.60542 45.2917 0 0
3.51295 45.3052 0 0
3.41966 45.3003 0 0
3.32539 45.3031 0 0
3.23252 45.3135 0 0
3.13926 45.3057 0 0
3.04471 45.3055 0 0
2.95122 45.3127 0 0
2.85802 45.3008 0 0
2.76312 45.2954 0 0
2.66872 45.2961 0 0
2.57552 45.2778 0 0
2.47956 45.2675 0 0
2.3831 45.2731 0 0
2.28871 45.2866 0 0
2.19406 45.28 0 0
2.09829 45.2789 0 0
2.00346 45.2836 0 0
1.90995 45.2675 0 0
1.8145 45.2575 0 0
1.71922 45.2538 0 0
1.6272 45.229 0 0
1.53251 45.2092 0 0
1.4372 45.1943 0 0
1.34789 45.1569 0 0
1.25542 45.1221 0 0
1.16171 45.0891 0 0
1.07853 45.0327 0 0
0.991244 44.9756 0 0
0.897032 44.9233 0 0
0.794277 44.8814 0 0
0.682655 44.8829 0 0
0.598986 44.9615 0 0
0.537302 45.0516 0 0
0.488876 45.145 0 0
0.453401 45.241 0 0
0.431256 45.3394 0 0
0.421115 45.4389 0 0
0.419603 45.5389 0 2
0.423428 45.6389 0 2
0.429266 45.7388 0 2
0.433787 45.8388 0 2
0.433611 45.9389 0 2
0.425309 46.0385 0 2
0.405493 46.1365 0 2
0.37109 46.2303 0 2
0.319856 46.316 0 2
0.251133 46.3882 0 2
0.166657 46.441 0 2
0.07106 46.4688 0 2
-0.0284322 46.4678 0 2
-0.123301 46.4378 0 2
-0.205681 46.382 0 2
-0.270094 46.306 0 2
-0.314242 46.2166 0 2
-0.338755 46.1198 0 2
-0.346309 46.0202 0 2
-0.340674 45.9204 0 2
-0.326013 45.8215 0 2
-0.306529 45.7234 0 2
-0.286378 45.6254 0 2
-0.269741 45.5268 0 2
-0.26091 45.427 0 2
-0.2639 45.3261 0 2
-0.280828 45.2252 0 2
-0.313188 45.1259 0 2
-0.363796 45.0312 0 2
-0.442716 44.9537 0 2
-0.551579 44.9624 0 2
-0.652106 45.0018 0 2
-0.754786 45.0329 0 2
-0.857355 45.0643 0 2
-0.963781 45.0784 0 2
-1.07151 45.0976 0 2
-1.17781 45.1209 0 2
-1.28649 45.1276 0 2
-1.39669 45.1379 0 2
-1.50581 45.1515 0 2
-1.61573 45.1472 0 2
-1.72762 45.1457 0 2
-1.83901 45.1463 0 2
-1.94913 45.1282 0 2
-2.06204 45.1118 0 2
-2.17608 45.1 0 2
-2.28869 45.0893 0 2
-2.39773 45.0592 0 2
-2.50888 45.0293 0 2
-2.62104 45.0031 0 2
-2.73155 44.978 0 2
-2.83599 44.934 0 2
-2.94229 44.8901 0 2
-3.04996 44.8501 0 2
-3.15608 44.8122 0 2
-3.25398 44.7567 0 2
-3.35347 44.7015 0 2
-3.45258 44.6474 0 2
-3.54102 44.577 0 2
-3.63217 44.506 0 2
-3.72616 44.4376 0 2
-3.81923 44.3696 0 2
-3.89902 44.2856 0 2
-3.98107 44.1991 0 2
-4.0681 44.1145 0 2
-4.16901 44.0457 0 2
-4.2774 44.0823 0 2
-4.36998 44.1416 0 2
-4.45307 44.2076 0 2
-4.5297 44.277 0 2
-4.60081 44.3496 0 2
-4.6671 44.4251 0 2
-4.72965 44.5033 0 2
-4.78943 44.5837 0 2
-4.84726 44.6654 0 2
-4.90404 44.7479 0 2
-4.9607 44.8305 0 2
-5.01826 44.9125 0 2
-5.07773 44.9931 0 2
-5.14017 45.0714 0 2
-5.20662 45.1463 0 2
-5.27802 45.2165 0 2
-5.35517 45.2802 0 2
-5.43854 45.3356 0 2
-5.52812 45.38 0 2
-5.6232 45.4109 0 2
-5.72205 45.4255 0 2
-5.8218 45.421 0 2
-5.91835 45.3958 0 2
-6.00656 45.3493 0 2
-6.08092 45.2829 0 2
-6.13632 45.2001 0 2
-6.1691 45.106 0 2
-6.17769 45.0067 0 2
-6.16279 44.9081 0 2
-6.12693 44.815 0 2
-6.0738 44.7304 0 2
-6.00737 44.6558 0 2
-5.93138 44.5909 0 2
-5.84896 44.5343 0 2
-5.76259 44.4838 0 2
-5.67424 44.4368 0 2
-5.58554 44.3905 0 2
-5.49809 44.3418 0 2
-5.41378 44.288 0 2
-5.33504 44.2263 0 2
-5.26516 44.1549 0 2
-5.20816 44.0726 0 2
-5.16761 43.9802 0 2
-5.14503 43.8805 0 2
-5.14001 43.7761 0 2
-5.15428 43.6694 0 2
-5.19989 43.5681 0 2
-5.30849 43.5322 0 2
-5.42317 43.5244 0 2
-5.53573 43.5251 0 2
-5.64687 43.5105 0 2
-5.75886 43.4995 0 2
-5.86907 43.4933 0 2
-5.97664 43.4702 0 2
-6.0843 43.4467 0 2
-6.18748 43.4068 0 2
-6.29453 43.3704 0 2
-6.40239 43.337 0 2
-6.50425 43.2874 0 2
-6.60962 43.2387 0 2
-6.71738 43.1938 0 2
-6.82425 43.1503 0 2
-6.92263 43.0899 0 2
-7.02318 43.0291 0 2
-7.12563 42.9714 0 2
-7.22677 42.9152 0 2
-7.31736 42.8433 0 2
-7.40976 42.7708 0 2
-7.50424 42.7016 0 2
-7.59777 42.6348 0 2
-7.67923 42.554 0 2
-7.76238 42.4731 0 2
-7.84551 42.3937 0 2
-7.91482 42.3018 0 2
-7.98667 42.2087 0 2
-8.06169 42.1174 0 2
-8.13592 42.0268 0 2
-8.19403 41.925 0 2
-8.25323 41.8205 0 2
-8.31454 41.7156 0 2
-8.37714 41.6112 0 2
-8.44363 41.5101 0 2
-8.52675 41.4256 0 2
-8.63924 41.4245 0 2
-8.74533 41.4477 0 2
-8.84592 41.4786 0 2
-8.94312 41.5125 0 2
-9.03807 41.5482 0 2
-9.13158 41.585 0 2
-9.2244 41.6227 0 2
-9.31692 41.6611 0 2
-9.40928 41.6999 0 2
-9.50165 41.7387 0 2
-9.59423 41.777 0 2
-9.68727 41.8142 0 2
-9.781 41.8495 0 2
-9.8757 41.8822 0 2
-9.97157 41.9112 0 2
-10.0688 41.9354 0 2
-10.1673 41.9532 0 2
-10.2669 41.9632 0 2
-10.367 41.9635 0 2
-10.4665 41.9522 0 2
-10.5633 41.9273 0 2
-10.6549 41.8873 0 2
-10.7376 41.8312 0 2
-10.8069 41.7594 0 2
-10.8581 41.6738 0 2
-10.8868 41.5784 0 2
-10.89 41.4788 0 2
-10.8672 41.3819 0 2
-10.8203 41.294 0 2
-10.7532 41.2204 0 2
-10.6711 41.1637 0 2
-10.5794 41.1244 0 2
-10.4822 41.1011 0 2
-10.3828 41.091 0 2
-10.2828 41.0906 0 2
-10.1829 41.096 0 2
-10.0832 41.1033 0 2
-9.98328 41.1085 0 2
-9.88328 41.1075 0 2
-9.784 41.096 0 2
-9.6876 41.07 0 2
-9.59781 41.0258 0 2
-9.51926 40.9628 0 2
-9.45535 40.8831 0 2
-9.40718 40.7906 0 2
-9.3772 40.6874 0 2
-9.3794 40.5766 0 2
-9.46734 40.5012 0 2
-9.57164 40.4488 0 2
-9.67716 40.4045 0 2
-9.77561 40.3472 0 2
-9.87615 40.2925 0 2
-9.97697 40.2427 0 2
-10.0691 40.1791 0 2
-10.1613 40.1153 0 2
-10.2435 40.0383 0 2
-10.3304 39.9631 0 2
-10.419 39.8902 0 2
-10.4964 39.805 0 2
-10.5773 39.7194 0 2
-10.6615 39.6366 0 2
-10.7456 39.5561 0 2
-10.8165 39.4639 0 2
-10.8892 39.3713 0 2
-10.9623 39.28 0 2
-11.0206 39.1785 0 2
-11.0813 39.0755 0 2
-11.145 38.9736 0 2
-11.208 38.8731 0 2
-11.2545 38.7638 0 2
-11.3018 38.6524 0 2
-11.3514 38.5413 0 2
-11.4029 38.4323 0 2
-11.4538 38.3262 0 2
-11.4877 38.2136 0 2
-11.5224 38.1007 0 2
-11.5577 37.9894 0 2
-11.5755 37.874 0 2
-11.5949 37.7567 0 2
-11.618 37.6401 0 2
-11.6416 37.5258 0 2
-11.6484 37.409 0 2
-11.6604 37.2912 0 2
-11.6964 37.1794 0 2
-11.7947 37.1258 0 2
-11.8982 37.0936 0 2
-11.9999 37.0666 0 2
-12.0989 37.0382 0 2
-12.195 37.0055 0 2
-12.2884 36.9678 0 2
-12.3796 36.9261 0 2
-12.4694 36.8813 0 2
-12.5582 36.8344 0 2
-12.6462 36.7862 0 2
-12.7338 36.7371 0 2
-12.821 36.6874 0 2
-12.9079 36.6373 0 2
-12.9946 36.5867 0 2
-13.0808 36.5353 0 2
-13.1663 36.4828 0 2
-13.2507 36.4285 0 2
-13.3334 36.3717 0 2
-13.4136 36.3114 0 2
-13.49 36.2465 0 2
-13.5612 36.1759 0 2
-13.6248 36.0984 0 2
-13.678 36.0136 0 2
-13.7172 35.9215 0 2
-13.738 35.8238 0 2
-13.7362 35.7239 0 2
-13.7087 35.6282 0 2
-13.6547 35.5445 0 2
-13.5774 35.4819 0 2
-13.4843 35.4472 0 2
-13.3849 35.4433 0 2
-13.2886 35.4686 0 2
-13.2019 35.5179 0 2
-13.1276 35.5846 0 2
-13.0652 35.6627 0 2
-13.0118 35.7473 0 2
-12.9631 35.8348 0 2
-12.9144 35.9223 0 2
-12.8607 36.0067 0 2
-12.7974 36.0842 0 2
-12.7213 36.1488 0 2
-12.6318 36.193 0 2
-12.533 36.2099 0 2
-12.4326 36.1981 0 2
-12.3367 36.1613 0 2
-12.2482 36.1042 0 2
-12.1701 36.0287 0 2
-12.1169 35.9299 0 2
-12.1743 35.8213 0 2
-12.2493 35.7277 0 2
-12.3144 35.6281 0 2
-12.3807 35.5291 0 2
-12.4475 35.4334 0 2
-12.5006 35.3298 0 2
-12.5565 35.2271 0 2
-12.6151 35.1283 0 2
-12.6592 35.0227 0 2
-12.7031 34.9169 0 2
-12.7318 34.8056 0 2
-12.765 34.693 0 2
-12.8003 34.5814 0 2
-12.8197 34.4656 0 2
-12.8417 34.3477 0 2
-12.8673 34.2302 0 2
-12.8938 34.1147 0 2
-12.9034 33.9968 0 2
-12.9142 33.8777 0 2
-12.9257 33.7597 0 2
-12.9201 33.6412 0 2
-12.9156 33.5205 0 2
-12.9146 33.3997 0 2
-12.9147 33.2809 0 2
-12.8976 33.1634 0 2
-12.8813 33.0446 0 2
-12.8658 32.9266 0 2
-12.8332 32.812 0 2
-12.8008 32.6948 0 2
-12.7708 32.5764 0 2
-12.741 32.4592 0 2
-12.694 32.3478 0 2
-12.6455 32.2341 0 2
-12.5982 32.1191 0 2
-12.5553 32.0029 0 2
-12.5341 31.8836 0 2
-12.595 31.789 0 2
-12.6692 31.7094 0 2
-12.7422 31.6332 0 2
-12.8095 31.5548 0 2
-12.8687 31.4719 0 2
-12.9194 31.3846 0 2
-12.9624 31.2936 0 2
-13 31.2003 0 2
-13.0339 31.1057 0 2
-13.0657 31.0102 0 2
-13.0964 30.9145 0 2
-13.1269 30.8187 0 2
-13.1578 30.723 0 2
-13.1895 30.6276 0 2
-13.2223 30.5326 0 2
-13.256 30.4379 0 2
-13.2903 30.3435 0 2
-13.3248 30.2491 0 2
-13.3588 30.1546 0 2
-13.3911 30.0595 0 2
-13.4204 29.9634 0 2
-13.445 29.8661 0 2
-13.4625 29.7673 0 2
-13.4702 29.6673 0 2
-13.4649 29.5672 0 2
-13.4429 29.4695 0 2
-13.4012 29.3787 0 2
-13.3383 29.3013 0 2
-13.2557 29.2456 0 2
-13.1597 29.2197 0 2
-13.0608 29.2285 0 2
-12.971 29.2711 0 2
-12.9003 29.341 0 2
-12.8531 29.4287 0 2
-12.8288 29.5255 0 2
-12.8232 29.6254 0 2
-12.8303 29.7252 0 2
-12.8443 29.8244 0 2
-12.8606 29.9233 0 2
-12.8744 30.0225 0 2
-12.8808 30.1225 0 2
-12.8746 30.2225 0 2
-12.8505 30.3195 0 2
-12.8038 30.4079 0 2
-12.7339 30.48 0 2
-12.6458 30.53 0 2
-12.5463 30.5566 0 2
-12.441 30.5618 0 2
-12.3333 30.5457 0 2
-12.2323 30.4956 0 2
-12.2164 30.3699 0 2
-12.2221 30.2445 0 2
-12.2315 30.1229 0 2
-12.2244 30.0017 0 2
-12.2174 29.88 0 2
-12.211 29.7601 0 2
-12.1877 29.6423 0 2
-12.1651 29.5227 0 2
-12.146 29.403 0 2
-12.1297 29.2856 0 2
-12.0968 29.1722 0 2
-12.062 29.0594 0 2
-12.0108 28.9523 0 2
-11.9603 28.8415 0 2
-11.9122 28.7288 0 2
-11.8644 28.6172 0 2
-11.8005 28.5138 0 2
-11.7349 28.4085 0 2
-11.6698 28.302 0 2
-11.6034 28.1971 0 2
-11.5214 28.1035 0 2
-11.4356 28.0085 0 2
-11.3473 27.9128 0 2
-11.256 27.818 0 2
-11.1614 27.7254 0 2
-11.0637 27.6355 0 2
-10.9629 27.5487 0 2
-10.8594 27.4651 0 2
-10.7536 27.3847 0 2
-10.6472 27.3055 0 2
-10.5508 27.2158 0 2
-10.5573 27.101 0 2
-10.5859 26.9942 0 2
-10.6174 26.8921 0 2
-10.6451 26.7917 0 2
-10.6663 26.6915 0 2
-10.6799 26.591 0 2
-10.6863 26.4902 0 2
-10.6862 26.3893 0 2
-10.6797 26.2886 0 2
-10.6664 26.1887 0 2
-10.6449 26.0901 0 2
-10.6135 25.9944 0 2
-10.5698 25.9036 0 2
-10.5116 25.8215 0 2
-10.4373 25.7532 0 2
-10.3489 25.7025 0 2
-10.2506 25.6696 0 2
-10.1461 25.6496 0 2
