-1.065 23.775 0 1
-1.018 23.6867 0 1
-0.9709 23.5985 0 1
-0.9239 23.5102 0 1
-0.8769 23.422 0 1
-0.8299 23.3337 0 1
-0.7828 23.2455 0 1
-0.7358 23.1572 0 1
-0.6888 23.069 0 1
-0.6417 22.9807 0 1
-0.5947 22.8925 0 1
-0.5477 22.8042 0 1
-0.5007 22.716 0 1
-0.4536 22.6277 0 1
-0.4066 22.5395 0 1
-0.3596 22.4512 0 1
-0.3125 22.363 0 1
-0.2655 22.2747 0 1
-0.2185 22.1865 0 1
-0.1714 22.0982 0 1
-0.1244 22.01 0 1
-0.0774 21.9217 0 1
-0.0304 21.8335 0 1
0.0167 21.7452 0 1
0.0637 21.657 0 1
0.1107 21.5687 0 1
0.1578 21.4805 0 1
0.2048 21.3922 0 1
0.2518 21.304 0 1
0.2988 21.2157 0 1
0.3459 21.1275 0 1
0.3929 21.0392 0 1
0.4399 20.951 0 1
0.487 20.8627 0 1
0.534 20.7745 0 1
0.581 20.6862 0 1
0.628 20.598 0 1
0.6751 20.5097 0 1
0.7221 20.4215 0 1
0.7691 20.3332 0 1
0.8162 20.245 0 1
0.8632 20.1567 0 1
0.9102 20.0685 0 1
0.9572 19.9802 0 1
1.0043 19.8919 0 1
1.0513 19.8037 0 1
1.0983 19.7154 0 1
1.1454 19.6272 0 1
1.1924 19.5389 0 1
1.2394 19.4507 0 1
1.2865 19.3624 0 1
1.3335 19.2742 0 1
1.3805 19.1859 0 1
1.4275 19.0977 0 1
1.4746 19.0094 0 1
1.5216 18.9212 0 1
1.5686 18.8329 0 1
1.6157 18.7447 0 1
1.6627 18.6564 0 1
1.7097 18.5682 0 1
1.7567 18.4799 0 1
1.8038 18.3917 0 1
1.8508 18.3034 0 1
1.8978 18.2152 0 1
1.9449 18.1269 0 1
1.9919 18.0387 0 1
2.0389 17.9504 0 1
2.0859 17.8622 0 1
2.133 17.7739 0 1
2.18 17.6857 0 1
2.227 17.5974 0 1
2.2741 17.5092 0 1
2.3211 17.4209 0 1
2.3681 17.3327 0 1
2.4151 17.2444 0 1
2.4622 17.1562 0 1
2.5092 17.0679 0 1
2.5562 16.9797 0 1
2.6033 16.8914 0 1
2.6503 16.8032 0 1
2.6973 16.7149 0 1
2.7444 16.6267 0 1
2.7914 16.5384 0 1
2.8384 16.4502 0 1
2.8854 16.3619 0 1
2.9325 16.2737 0 1
2.9795 16.1854 0 1
3.0265 16.0971 0 1
3.0736 16.0089 0 1
3.1206 15.9206 0 1
3.1676 15.8324 0 1
3.2146 15.7441 0 1
3.2617 15.6559 0 1
3.3087 15.5676 0 1
3.3557 15.4794 0 1
3.4028 15.3911 0 1
3.4498 15.3029 0 1
3.4968 15.2146 0 1
3.5438 15.1264 0 1
3.5909 15.0381 0 1
3.6379 14.9499 0 1
3.6849 14.8616 0 1
3.732 14.7734 0 1
3.779 14.6851 0 1
3.826 14.5969 0 1
3.873 14.5086 0 1
3.9201 14.4204 0 1
3.9671 14.3321 0 1
4.0141 14.2439 0 1
4.0612 14.1556 0 1
4.1082 14.0674 0 1
4.1552 13.9791 0 1
4.2023 13.8909 0 1
4.2493 13.8026 0 1
4.2963 13.7144 0 1
4.593 13.775 0 1
4.693 13.775 0 1
4.793 13.775 0 1
4.893 13.775 0 1
4.993 13.775 0 1
5.093 13.775 0 1
5.193 13.775 0 1
5.293 13.775 0 1
5.393 13.775 0 1
5.493 13.775 0 1
5.593 13.775 0 1
5.693 13.775 0 1
5.793 13.775 0 1
5.893 13.775 0 1
5.993 13.775 0 1
6.093 13.775 0 1
6.193 13.775 0 1
6.293 13.775 0 1
6.393 13.775 0 1
6.493 13.775 0 1
6.593 13.775 0 1
6.693 13.775 0 1
6.793 13.775 0 1
6.893 13.775 0 1
6.993 13.775 0 1
7.093 13.775 0 1
7.193 13.775 0 1
7.293 13.775 0 1
7.393 13.775 0 1
7.493 13.775 0 1
7.593 13.775 0 1
7.693 13.775 0 1
7.793 13.775 0 1
7.893 13.775 0 1
7.993 13.775 0 1
8.093 13.775 0 1
8.193 13.775 0 1
8.293 13.775 0 1
8.393 13.775 0 1
8.493 13.775 0 1
8.593 13.775 0 1
8.693 13.775 0 1
8.793 13.775 0 1
8.893 13.775 0 1
8.993 13.775 0 1
9.093 13.775 0 1
9.193 13.775 0 1
9.293 13.775 0 1
9.393 13.775 0 1
9.493 13.775 0 1
9.593 13.775 0 1
9.693 13.775 0 1
9.793 13.775 0 1
9.893 13.775 0 1
9.993 13.775 0 1
10.093 13.775 0 1
10.193 13.775 0 1
10.293 13.775 0 1
10.393 13.775 0 1
10.493 13.775 0 1
10.593 13.775 0 1
10.693 13.775 0 1
10.793 13.775 0 1
10.893 13.775 0 1
10.993 13.775 0 1
11.093 13.775 0 1
11.193 13.775 0 1
11.293 13.775 0 1
11.393 13.775 0 1
11.493 13.775 0 1
11.593 13.775 0 1
11.693 13.775 0 1
11.793 13.775 0 1
11.893 13.775 0 1
11.993 13.775 0 1
12.093 13.775 0 1
12.193 13.775 0 1
12.293 13.775 0 1
12.393 13.775 0 1
12.493 13.775 0 1
12.593 13.775 0 1
12.693 13.775 0 1
12.793 13.775 0 1
12.893 13.775 0 1
12.993 13.775 0 1
13.093 13.775 0 1
13.193 13.775 0 1
13.293 13.775 0 1
13.393 13.775 0 1
13.493 13.775 0 1
13.593 13.775 0 1
13.693 13.775 0 1
13.793 13.775 0 1
13.893 13.775 0 1
13.993 13.775 0 1
14.093 13.775 0 1
14.193 13.775 0 1
14.293 13.775 0 1
14.393 13.775 0 1
14.493 13.775 0 1
14.593 13.775 0 1
14.693 13.775 0 1
14.793 13.775 0 1
14.893 13.775 0 1
14.993 13.775 0 1
15.093 13.775 0 1
15.193 13.775 0 1
15.293 13.775 0 1
15.393 13.775 0 1
15.493 13.775 0 1
15.593 13.775 0 1
15.693 13.775 0 1
15.793 13.775 0 1
15.893 13.775 0 1
15.993 13.775 0 1
16.093 13.775 0 1
16.193 13.775 0 1
16.293 13.775 0 1
16.393 13.775 0 1
16.493 13.775 0 1
16.593 13.775 0 1
16.693 13.775 0 1
16.793 13.775 0 1
16.893 13.775 0 1
16.993 13.775 0 1
17.093 13.775 0 1
17.193 13.775 0 1
17.293 13.775 0 1
17.393 13.775 0 1
17.493 13.775 0 1
17.593 13.775 0 1
17.693 13.775 0 1
17.793 13.775 0 1
17.893 13.775 0 1
17.993 13.775 0 1
18.093 13.775 0 1
18.193 13.775 0 1
18.293 13.775 0 1
18.393 13.775 0 1
18.493 13.775 0 1
18.593 13.775 0 1
18.693 13.775 0 1
18.793 13.775 0 1
18.893 13.775 0 1
18.993 13.775 0 1
19.093 13.775 0 1
19.193 13.775 0 1
19.293 13.775 0 1
19.393 13.775 0 1
19.493 13.775 0 1
19.593 13.775 0 1
19.693 13.775 0 1
19.793 13.775 0 1
19.893 13.775 0 1
19.993 13.775 0 1
20.093 13.775 0 1
20.193 13.775 0 1
20.293 13.775 0 1
20.393 13.775 0 1
20.493 13.775 0 1
20.593 13.775 0 1
20.693 13.775 0 1
20.793 13.775 0 1
20.893 13.775 0 1
20.993 13.775 0 1
21.093 13.775 0 1
21.193 13.775 0 1
21.293 13.775 0 1
21.393 13.775 0 1
21.493 13.775 0 1
21.593 13.775 0 1
21.693 13.775 0 1
21.793 13.775 0 1
21.893 13.775 0 1
21.993 13.775 0 1
22.093 13.775 0 1
22.193 13.775 0 1
22.293 13.775 0 1
22.393 13.775 0 1
22.493 13.775 0 1
22.593 13.775 0 1
22.693 13.775 0 1
22.793 13.775 0 1
22.893 13.775 0 1
22.993 13.775 0 1
23.093 13.775 0 1
23.193 13.775 0 1
23.293 13.775 0 1
23.393 13.775 0 1
23.493 13.775 0 1
23.593 13.775 0 1
23.693 13.775 0 1
23.793 13.775 0 1
23.893 13.775 0 1
23.993 13.775 0 1
24.093 13.775 0 1
24.193 13.775 0 1
24.293 13.775 0 1
24.393 13.775 0 1
24.493 13.775 0 1
24.593 13.775 0 1
24.693 13.775 0 1
24.793 13.775 0 1
24.893 13.775 0 1
24.993 13.775 0 1
25.093 13.775 0 1
25.193 13.775 0 1
25.293 13.775 0 1
25.393 13.775 0 1
25.493 13.775 0 1
25.593 13.775 0 1
25.693 13.775 0 1
25.793 13.775 0 1
25.893 13.775 0 1
25.993 13.775 0 1
26.093 13.775 0 1
26.193 13.775 0 1
26.293 13.775 0 1
26.393 13.775 0 1
26.493 13.775 0 1
26.593 13.775 0 1
26.693 13.775 0 1
26.793 13.775 0 1
26.893 13.775 0 1
26.993 13.775 0 1
27.093 13.775 0 1
27.193 13.775 0 1
27.293 13.775 0 1
27.393 13.775 0 1
27.493 13.775 0 1
27.593 13.775 0 1
27.693 13.775 0 1
27.793 13.775 0 1
27.893 13.775 0 1
27.993 13.775 0 1
28.093 13.775 0 1
28.193 13.775 0 1
28.293 13.775 0 1
28.393 13.775 0 1
28.493 13.775 0 1
28.593 13.775 0 1
28.693 13.775 0 1
28.793 13.775 0 1
28.893 13.775 0 1
28.993 13.775 0 1
29.093 13.775 0 1
29.193 13.775 0 1
29.293 13.775 0 1
29.393 13.775 0 1
29.493 13.775 0 1
29.593 13.775 0 1
29.693 13.775 0 1
29.793 13.775 0 1
29.893 13.775 0 1
29.993 13.775 0 1
30.093 13.775 0 1
30.193 13.775 0 1
30.293 13.775 0 1
30.393 13.775 0 1
30.493 13.775 0 1
30.593 13.775 0 1
30.693 13.775 0 1
30.793 13.775 0 1
30.893 13.775 0 1
30.993 13.775 0 1
31.093 13.775 0 1
31.193 13.775 0 1
31.293 13.775 0 1
31.393 13.775 0 1
31.493 13.775 0 1
31.593 13.775 0 1
31.693 13.775 0 1
31.793 13.775 0 1
31.893 13.775 0 1
31.993 13.775 0 1
32.093 13.775 0 1
32.193 13.775 0 1
32.293 13.775 0 1
32.393 13.775 0 1
32.493 13.775 0 1
32.593 13.775 0 1
32.693 13.775 0 1
32.793 13.775 0 1
32.893 13.775 0 1
32.993 13.775 0 1
33.093 13.775 0 1
33.193 13.775 0 1
33.293 13.775 0 1
33.393 13.775 0 1
33.493 13.775 0 1
33.593 13.775 0 1
33.693 13.775 0 1
33.793 13.775 0 1
33.893 13.775 0 1
33.993 13.775 0 1
34.093 13.775 0 1
34.193 13.775 0 1
34.293 13.775 0 1
34.393 13.775 0 1
34.493 13.775 0 1
34.593 13.775 0 1
34.693 13.775 0 1
34.793 13.775 0 1
34.893 13.775 0 1
34.993 13.775 0 1
35.093 13.775 0 1
35.193 13.775 0 1
35.293 13.775 0 1
35.393 13.775 0 1
35.493 13.775 0 1
35.593 13.775 0 1
35.693 13.775 0 1
35.793 13.775 0 1
35.893 13.775 0 1
35.993 13.775 0 1
36.093 13.775 0 1
36.193 13.775 0 1
36.293 13.775 0 1
36.393 13.775 0 1
36.493 13.775 0 1
36.593 13.775 0 1
36.693 13.775 0 1
36.793 13.775 0 1
36.893 13.775 0 1
36.993 13.775 0 1
37.093 13.775 0 1
37.193 13.775 0 1
37.293 13.775 0 1
37.393 13.775 0 1
37.493 13.775 0 1
37.593 13.775 0 1
37.693 13.775 0 1
37.793 13.775 0 1
37.893 13.775 0 1
37.993 13.775 0 1
38.093 13.775 0 1
38.193 13.775 0 1
38.293 13.775 0 1
38.393 13.775 0 1
38.493 13.775 0 1
38.593 13.775 0 1
38.693 13.775 0 1
38.793 13.775 0 1
38.893 13.775 0 1
38.993 13.775 0 1
39.093 13.775 0 1
39.193 13.775 0 1
39.293 13.775 0 1
39.393 13.775 0 1
39.493 13.775 0 1
39.593 13.775 0 1
39.693 13.775 0 1
39.793 13.775 0 1
39.893 13.775 0 1
39.993 13.775 0 1
40.093 13.775 0 1
40.193 13.775 0 1
40.293 13.775 0 1
40.393 13.775 0 1
40.493 13.775 0 1
40.593 13.775 0 1
40.693 13.775 0 1
40.793 13.775 0 1
40.893 13.775 0 1
40.993 13.775 0 1
41.093 13.775 0 1
41.193 13.775 0 1
41.293 13.775 0 1
41.393 13.775 0 1
41.493 13.775 0 1
41.593 13.775 0 1
41.693 13.775 0 1
41.793 13.775 0 1
41.893 13.775 0 1
41.993 13.775 0 1
42.093 13.775 0 1
42.193 13.775 0 1
42.293 13.775 0 1
42.393 13.775 0 1
42.493 13.775 0 1
42.593 13.775 0 1
42.693 13.775 0 1
42.793 13.775 0 1
42.893 13.775 0 1
42.993 13.775 0 1
43.093 13.775 0 1
43.193 13.775 0 1
43.293 13.775 0 1
43.393 13.775 0 1
43.493 13.775 0 1
43.593 13.775 0 1
43.693 13.775 0 1
43.793 13.775 0 1
43.893 13.775 0 1
43.993 13.775 0 1
44.093 13.775 0 1
44.193 13.775 0 1
44.293 13.775 0 1
44.393 13.775 0 1
44.493 13.775 0 1
44.593 13.775 0 1
44.693 13.775 0 1
44.793 13.775 0 1
44.893 13.775 0 1
44.993 13.775 0 1
45.093 13.775 0 1
45.193 13.775 0 1
45.293 13.775 0 1
45.393 13.775 0 1
45.493 13.775 0 1
45.593 13.775 0 1
45.693 13.775 0 1
45.793 13.775 0 1
45.893 13.775 0 1
45.993 13.775 0 1
46.093 13.775 0 1
46.193 13.775 0 1
46.293 13.775 0 1
46.393 13.775 0 1
46.493 13.775 0 1
46.593 13.775 0 1
46.693 13.775 0 1
46.793 13.775 0 1
46.893 13.775 0 1
46.993 13.775 0 1
47.093 13.775 0 1
47.193 13.775 0 1
47.293 13.775 0 1
47.393 13.775 0 1
47.493 13.775 0 1
47.593 13.775 0 1
47.693 13.775 0 1
47.793 13.775 0 1
47.893 13.775 0 1
47.993 13.775 0 1
48.093 13.775 0 1
48.193 13.775 0 1
48.293 13.775 0 1
48.393 13.775 0 1
48.493 13.775 0 1
48.593 13.775 0 1
48.693 13.775 0 1
48.793 13.775 0 1
48.893 13.775 0 1
48.993 13.775 0 1
49.093 13.775 0 1
49.193 13.775 0 1
49.293 13.775 0 1
49.393 13.775 0 1
49.493 13.775 0 1
49.593 13.775 0 1
49.693 13.775 0 1
49.793 13.775 0 1
49.893 13.775 0 1
49.993 13.775 0 1
50.093 13.775 0 1
50.193 13.775 0 1
50.293 13.775 0 1
50.393 13.775 0 1
50.493 13.775 0 1
50.593 13.775 0 1
50.693 13.775 0 1
50.793 13.775 0 1
50.893 13.775 0 1
50.993 13.775 0 1
51.093 13.775 0 1
51.193 13.775 0 1
51.293 13.775 0 1
51.393 13.775 0 1
51.493 13.775 0 1
51.593 13.775 0 1
51.693 13.775 0 1
51.793 13.775 0 1
51.893 13.775 0 1
51.993 13.775 0 1
52.093 13.775 0 1
52.193 13.775 0 1
52.293 13.775 0 1
52.393 13.775 0 1
52.493 13.775 0 1
52.593 13.775 0 1
52.693 13.775 0 1
52.793 13.775 0 1
52.893 13.775 0 1
52.993 13.775 0 1
53.093 13.775 0 1
53.193 13.775 0 1
53.293 13.775 0 1
53.393 13.775 0 1
53.493 13.775 0 1
53.593 13.775 0 1
53.693 13.775 0 1
53.793 13.775 0 1
53.893 13.775 0 1
53.993 13.775 0 1
54.093 13.775 0 1
54.193 13.775 0 1
54.293 13.775 0 1
54.393 13.775 0 1
54.493 13.775 0 1
54.593 13.775 0 1
54.693 13.775 0 1
54.793 13.775 0 1
54.893 13.775 0 1
54.993 13.775 0 1
55.093 13.775 0 1
55.193 13.775 0 1
55.293 13.775 0 1
55.393 13.775 0 1
55.493 13.775 0 1
55.593 13.775 0 1
55.693 13.775 0 1
55.793 13.775 0 1
55.893 13.775 0 1
55.993 13.775 0 1
56.093 13.775 0 1
56.193 13.775 0 1
56.293 13.775 0 1
56.393 13.775 0 1
56.493 13.775 0 1
56.593 13.775 0 1
56.693 13.775 0 1
56.793 13.775 0 1
56.893 13.775 0 1
56.993 13.775 0 1
57.093 13.775 0 1
57.193 13.775 0 1
57.293 13.775 0 1
57.393 13.775 0 1
57.493 13.775 0 1
57.593 13.775 0 1
57.693 13.775 0 1
57.793 13.775 0 1
57.893 13.775 0 1
57.993 13.775 0 1
58.093 13.775 0 1
58.193 13.775 0 1
58.293 13.775 0 1
58.393 13.775 0 1
58.493 13.775 0 1
58.593 13.775 0 1
58.693 13.775 0 1
58.793 13.775 0 1
58.893 13.775 0 1
58.993 13.775 0 1
59.093 13.775 0 1
59.193 13.775 0 1
59.293 13.775 0 1
59.393 13.775 0 1
59.493 13.775 0 1
59.593 13.775 0 1
59.693 13.775 0 1
59.793 13.775 0 1
59.893 13.775 0 1
59.993 13.775 0 1
60.093 13.775 0 1
60.193 13.775 0 1
60.293 13.775 0 1
60.393 13.775 0 1
60.493 13.775 0 1
60.593 13.775 0 1
60.693 13.775 0 1
60.793 13.775 0 1
60.893 13.775 0 1
60.993 13.775 0 1
61.093 13.775 0 1
61.193 13.775 0 1
61.293 13.775 0 1
61.393 13.775 0 1
61.493 13.775 0 1
61.593 13.775 0 1
61.693 13.775 0 1
61.793 13.775 0 1
61.893 13.775 0 1
61.993 13.775 0 1
62.093 13.775 0 1
62.193 13.775 0 1
62.293 13.775 0 1
62.393 13.775 0 1
62.493 13.775 0 1
62.593 13.775 0 1
62.693 13.775 0 1
62.793 13.775 0 1
62.893 13.775 0 1
62.993 13.775 0 1
63.093 13.775 0 1
63.193 13.775 0 1
63.293 13.775 0 1
63.393 13.775 0 1
63.493 13.775 0 1
63.593 13.775 0 1
63.693 13.775 0 1
63.793 13.775 0 1
63.893 13.775 0 1
63.993 13.775 0 1
64.093 13.775 0 1
64.193 13.775 0 1
64.293 13.775 0 1
64.393 13.775 0 1
64.493 13.775 0 1
64.593 13.775 0 1
64.693 13.775 0 1
64.793 13.775 0 1
64.893 13.775 0 1
64.993 13.775 0 1
65.093 13.775 0 1
65.193 13.775 0 1
65.293 13.775 0 1
65.393 13.775 0 1
65.493 13.775 0 1
65.593 13.775 0 1
65.693 13.775 0 1
65.793 13.775 0 1
65.893 13.775 0 1
65.993 13.775 0 1
66.093 13.775 0 1
66.193 13.775 0 1
66.293 13.775 0 1
66.393 13.775 0 1
66.493 13.775 0 1
66.593 13.775 0 1
66.693 13.775 0 1
66.793 13.775 0 1
66.893 13.775 0 1
66.993 13.775 0 1
67.093 13.775 0 1
67.193 13.775 0 1
67.293 13.775 0 1
67.393 13.775 0 1
67.493 13.775 0 1
67.593 13.775 0 1
67.693 13.775 0 1
67.793 13.775 0 1
67.893 13.775 0 1
67.993 13.775 0 1
68.093 13.775 0 1
68.193 13.775 0 1
68.293 13.775 0 1
68.393 13.775 0 1
68.493 13.775 0 1
68.593 13.775 0 1
68.693 13.775 0 1
68.793 13.775 0 1
68.893 13.775 0 1
68.993 13.775 0 1
69.093 13.775 0 1
69.193 13.775 0 1
69.293 13.775 0 1
69.393 13.775 0 1
69.493 13.775 0 1
69.593 13.775 0 1
69.693 13.775 0 1
69.793 13.775 0 1
69.893 13.775 0 1
69.993 13.775 0 1
70.093 13.775 0 1
70.193 13.775 0 1
70.293 13.775 0 1
70.393 13.775 0 1
70.493 13.775 0 1
70.593 13.775 0 1
70.693 13.775 0 1
70.793 13.775 0 1
70.893 13.775 0 1
70.993 13.775 0 1
71.093 13.775 0 1
71.193 13.775 0 1
71.293 13.775 0 1
71.393 13.775 0 1
71.493 13.775 0 1
71.593 13.775 0 1
71.693 13.775 0 1
71.793 13.775 0 1
71.893 13.775 0 1
71.993 13.775 0 1
72.093 13.775 0 1
72.193 13.775 0 1
72.293 13.775 0 1
72.393 13.775 0 1
72.493 13.775 0 1
72.593 13.775 0 1
72.693 13.775 0 1
72.793 13.775 0 1
72.893 13.775 0 1
72.993 13.775 0 1
73.093 13.775 0 1
73.193 13.775 0 1
73.293 13.775 0 1
73.393 13.775 0 1
73.493 13.775 0 1
73.593 13.775 0 1
73.693 13.775 0 1
73.793 13.775 0 1
73.893 13.775 0 1
73.993 13.775 0 1
74.093 13.775 0 1
74.193 13.775 0 1
74.293 13.775 0 1
74.393 13.775 0 1
74.493 13.775 0 1
74.593 13.775 0 1
74.693 13.775 0 1
74.793 13.775 0 1
74.893 13.775 0 1
74.993 13.775 0 1
75.093 13.775 0 1
75.193 13.775 0 1
75.293 13.775 0 1
75.393 13.775 0 1
75.493 13.775 0 1
75.593 13.775 0 1
75.693 13.775 0 1
75.793 13.775 0 1
75.893 13.775 0 1
75.993 13.775 0 1
76.093 13.775 0 1
76.193 13.775 0 1
76.293 13.775 0 1
76.393 13.775 0 1
76.493 13.775 0 1
76.593 13.775 0 1
76.693 13.775 0 1
76.793 13.775 0 1
76.893 13.775 0 1
76.993 13.775 0 1
77.093 13.775 0 1
77.193 13.775 0 1
77.293 13.775 0 1
77.393 13.775 0 1
77.493 13.775 0 1
77.593 13.775 0 1
77.693 13.775 0 1
77.793 13.775 0 1
77.893 13.775 0 1
77.993 13.775 0 1
78.093 13.775 0 1
78.193 13.775 0 1
78.293 13.775 0 1
78.393 13.775 0 1
78.493 13.775 0 1
78.593 13.775 0 1
78.693 13.775 0 1
78.793 13.775 0 1
78.893 13.775 0 1
78.993 13.775 0 1
79.093 13.775 0 1
79.193 13.775 0 1
79.293 13.775 0 1
79.393 13.775 0 1
79.493 13.775 0 1
79.593 13.775 0 1
79.693 13.775 0 1
79.793 13.775 0 1
79.893 13.775 0 1
79.993 13.775 0 1
80.093 13.775 0 1
80.193 13.775 0 1
80.293 13.775 0 1
80.393 13.775 0 1
80.493 13.775 0 1
80.593 13.775 0 1
80.693 13.775 0 1
80.793 13.775 0 1
80.893 13.775 0 1
80.993 13.775 0 1
81.093 13.775 0 1
81.193 13.775 0 1
81.293 13.775 0 1
81.393 13.775 0 1
81.493 13.775 0 1
81.593 13.775 0 1
81.693 13.775 0 1
81.793 13.775 0 1
81.893 13.775 0 1
81.993 13.775 0 1
82.093 13.775 0 1
82.193 13.775 0 1
82.293 13.775 0 1
82.393 13.775 0 1
82.493 13.775 0 1
82.593 13.775 0 1
82.693 13.775 0 1
82.793 13.775 0 1
82.893 13.775 0 1
82.993 13.775 0 1
83.093 13.775 0 1
83.193 13.775 0 1
83.293 13.775 0 1
83.393 13.775 0 1
83.493 13.775 0 1
83.593 13.775 0 1
83.693 13.775 0 1
83.793 13.775 0 1
83.893 13.775 0 1
83.993 13.775 0 1
84.093 13.775 0 1
84.193 13.775 0 1
84.293 13.775 0 1
84.393 13.775 0 1
84.493 13.775 0 1
84.593 13.775 0 1
84.693 13.775 0 1
84.793 13.775 0 1
84.893 13.775 0 1
84.993 13.775 0 1
85.093 13.775 0 1
85.193 13.775 0 1
85.293 13.775 0 1
85.393 13.775 0 1
85.493 13.775 0 1
85.593 13.775 0 1
85.693 13.775 0 1
85.793 13.775 0 1
85.893 13.775 0 1
85.993 13.775 0 1
86.093 13.775 0 1
86.193 13.775 0 1
86.293 13.775 0 1
86.393 13.775 0 1
86.493 13.775 0 1
86.593 13.775 0 1
86.693 13.775 0 1
86.793 13.775 0 1
86.893 13.775 0 1
86.993 13.775 0 1
87.093 13.775 0 1
87.193 13.775 0 1
87.293 13.775 0 1
87.393 13.775 0 1
87.493 13.775 0 1
87.593 13.775 0 1
87.693 13.775 0 1
87.793 13.775 0 1
87.893 13.775 0 1
87.993 13.775 0 1
88.093 13.775 0 1
88.193 13.775 0 1
88.293 13.775 0 1
88.393 13.775 0 1
88.493 13.775 0 1
88.593 13.775 0 1
88.693 13.775 0 1
88.793 13.775 0 1
88.893 13.775 0 1
88.993 13.775 0 1
89.093 13.775 0 1
89.193 13.775 0 1
89.293 13.775 0 1
89.393 13.775 0 1
89.493 13.775 0 1
89.593 13.775 0 1
89.693 13.775 0 1
89.793 13.775 0 1
89.893 13.775 0 1
89.993 13.775 0 1
90.093 13.775 0 1
90.193 13.775 0 1
90.293 13.775 0 1
90.393 13.775 0 1
90.493 13.775 0 1
90.593 13.775 0 1
90.693 13.775 0 1
90.793 13.775 0 1
90.893 13.775 0 1
90.993 13.775 0 1
91.093 13.775 0 1
91.193 13.775 0 1
91.293 13.775 0 1
91.393 13.775 0 1
91.493 13.775 0 1
91.593 13.775 0 1
91.693 13.775 0 1
91.793 13.775 0 1
91.893 13.775 0 1
91.993 13.775 0 1
92.093 13.775 0 1
92.193 13.775 0 1
92.293 13.775 0 1
92.393 13.775 0 1
92.493 13.775 0 1
92.593 13.775 0 1
92.693 13.775 0 1
92.793 13.775 0 1
92.893 13.775 0 1
92.993 13.775 0 1
93.093 13.775 0 1
93.193 13.775 0 1
93.293 13.775 0 1
93.393 13.775 0 1
93.493 13.775 0 1
93.593 13.775 0 1
93.693 13.775 0 1
93.793 13.775 0 1
93.893 13.775 0 1
93.993 13.775 0 1
94.093 13.775 0 1
94.193 13.775 0 1
94.293 13.775 0 1
94.393 13.775 0 1
94.493 13.775 0 1
94.593 13.775 0 1
94.693 13.775 0 1
94.793 13.775 0 1
94.893 13.775 0 1
94.993 13.775 0 1
95.093 13.775 0 1
95.193 13.775 0 1
95.293 13.775 0 1
95.393 13.775 0 1
95.493 13.775 0 1
95.593 13.775 0 1
95.693 13.775 0 1
95.793 13.775 0 1
95.893 13.775 0 1
95.993 13.775 0 1
96.093 13.775 0 1
96.193 13.775 0 1
96.293 13.775 0 1
96.393 13.775 0 1
96.493 13.775 0 1
96.593 13.775 0 1
96.693 13.775 0 1
96.793 13.775 0 1
96.893 13.775 0 1
96.993 13.775 0 1
97.093 13.775 0 1
97.193 13.775 0 1
97.293 13.775 0 1
97.393 13.775 0 1
97.493 13.775 0 1
97.593 13.775 0 1
97.693 13.775 0 1
97.793 13.775 0 1
97.893 13.775 0 1
97.993 13.775 0 1
98.093 13.775 0 1
98.193 13.775 0 1
98.293 13.775 0 1
98.393 13.775 0 1
98.493 13.775 0 1
98.593 13.775 0 1
98.693 13.775 0 1
98.793 13.775 0 1
98.893 13.775 0 1
98.993 13.775 0 1
99.093 13.775 0 1
99.193 13.775 0 1
99.293 13.775 0 1
99.393 13.775 0 1
99.493 13.775 0 1
99.593 13.775 0 1
99.693 13.775 0 1
99.793 13.775 0 1
99.893 13.775 0 1
99.993 13.775 0 1
100.093 13.775 0 1
100.193 13.775 0 1
100.293 13.775 0 1
100.393 13.775 0 1
100.493 13.775 0 1
100.593 13.775 0 1
100.693 13.775 0 1
100.793 13.775 0 1
100.893 13.775 0 1
100.993 13.775 0 1
101.093 13.775 0 1
101.193 13.775 0 1
101.293 13.775 0 1
101.393 13.775 0 1
101.493 13.775 0 1
101.593 13.775 0 1
101.693 13.775 0 1
101.793 13.775 0 1
101.893 13.775 0 1
101.993 13.775 0 1
102.093 13.775 0 1
102.193 13.775 0 1
102.293 13.775 0 1
102.393 13.775 0 1
102.493 13.775 0 1
102.593 13.775 0 1
102.693 13.775 0 1
102.793 13.775 0 1
102.893 13.775 0 1
102.993 13.775 0 1
103.093 13.775 0 1
103.193 13.775 0 1
103.293 13.775 0 1
103.393 13.775 0 1
103.493 13.775 0 1
103.593 13.775 0 1
103.693 13.775 0 1
103.793 13.775 0 1
103.893 13.775 0 1
103.993 13.775 0 1
104.093 13.775 0 1
104.193 13.775 0 1
104.293 13.775 0 1
104.393 13.775 0 1
104.493 13.775 0 1
104.593 13.775 0 1
104.693 13.775 0 1
104.793 13.775 0 1
104.893 13.775 0 1
104.993 13.775 0 1
105.093 13.775 0 1
105.193 13.775 0 1
105.293 13.775 0 1
105.393 13.775 0 1
105.493 13.775 0 1
105.593 13.775 0 1
105.693 13.775 0 1
105.793 13.775 0 1
105.893 13.775 0 1
105.993 13.775 0 1
106.093 13.775 0 1
106.193 13.775 0 1
106.293 13.775 0 1
106.393 13.775 0 1
106.493 13.775 0 1
106.593 13.775 0 1
106.693 13.775 0 1
106.793 13.775 0 1
106.893 13.775 0 1
106.993 13.775 0 1
107.093 13.775 0 1
107.193 13.775 0 1
107.293 13.775 0 1
107.393 13.775 0 1
107.493 13.775 0 1
107.593 13.775 0 1
107.693 13.775 0 1
107.793 13.775 0 1
107.893 13.775 0 1
107.993 13.775 0 1
108.093 13.775 0 1
108.193 13.775 0 1
108.293 13.775 0 1
108.393 13.775 0 1
108.493 13.775 0 1
108.593 13.775 0 1
108.693 13.775 0 1
108.793 13.775 0 1
108.893 13.775 0 1
108.993 13.775 0 1
109.093 13.775 0 1
109.193 13.775 0 1
109.293 13.775 0 1
109.393 13.775 0 1
109.493 13.775 0 1
109.593 13.775 0 1
109.693 13.775 0 1
109.793 13.775 0 1
109.893 13.775 0 1
109.993 13.775 0 1
110.093 13.775 0 1
110.193 13.775 0 1
110.293 13.775 0 1
110.393 13.775 0 1
110.493 13.775 0 1
110.593 13.775 0 1
110.693 13.775 0 1
110.793 13.775 0 1
110.893 13.775 0 1
110.993 13.775 0 1
111.093 13.775 0 1
111.193 13.775 0 1
111.293 13.775 0 1
111.393 13.775 0 1
111.493 13.775 0 1
111.593 13.775 0 1
111.693 13.775 0 1
111.793 13.775 0 1
111.893 13.775 0 1
111.993 13.775 0 1
112.093 13.775 0 1
112.193 13.775 0 1
112.293 13.775 0 1
112.393 13.775 0 1
112.493 13.775 0 1
112.593 13.775 0 1
112.693 13.775 0 1
112.793 13.775 0 1
112.893 13.775 0 1
112.993 13.775 0 1
113.093 13.775 0 1
113.193 13.775 0 1
113.293 13.775 0 1
113.393 13.775 0 1
113.493 13.775 0 1
113.593 13.775 0 1
113.693 13.775 0 1
113.793 13.775 0 1
113.893 13.775 0 1
113.993 13.775 0 1
114.093 13.775 0 1
114.193 13.775 0 1
114.293 13.775 0 1
114.393 13.775 0 1
114.493 13.775 0 1
114.593 13.775 0 1
114.693 13.775 0 1
114.793 13.775 0 1
114.893 13.775 0 1
114.993 13.775 0 1
115.093 13.775 0 1
115.193 13.775 0 1
115.293 13.775 0 1
115.393 13.775 0 1
115.493 13.775 0 1
115.593 13.775 0 1
115.693 13.775 0 1
115.793 13.775 0 1
115.893 13.775 0 1
115.993 13.775 0 1
116.093 13.775 0 1
116.193 13.775 0 1
116.293 13.775 0 1
116.393 13.775 0 1
116.493 13.775 0 1
116.593 13.775 0 1
116.693 13.775 0 1
116.793 13.775 0 1
116.893 13.775 0 1
116.993 13.775 0 1
117.093 13.775 0 1
117.193 13.775 0 1
117.293 13.775 0 1
117.393 13.775 0 1
117.493 13.775 0 1
117.593 13.775 0 1
117.693 13.775 0 1
117.793 13.775 0 1
117.893 13.775 0 1
117.993 13.775 0 1
118.093 13.775 0 1
118.193 13.775 0 1
118.293 13.775 0 1
118.393 13.775 0 1
118.493 13.775 0 1
118.593 13.775 0 1
118.693 13.775 0 1
118.793 13.775 0 1
118.893 13.775 0 1
118.993 13.775 0 1
119.093 13.775 0 1
119.193 13.775 0 1
119.293 13.775 0 1
119.393 13.775 0 1
119.493 13.775 0 1
119.593 13.775 0 1
119.693 13.775 0 1
119.793 13.775 0 1
119.893 13.775 0 1
119.993 13.775 0 1
120.093 13.775 0 1
120.193 13.775 0 1
120.293 13.775 0 1
120.393 13.775 0 1
120.493 13.775 0 1
120.593 13.775 0 1
120.693 13.775 0 1
120.793 13.775 0 1
120.893 13.775 0 1
120.993 13.775 0 1
121.093 13.775 0 1
121.193 13.775 0 1
121.293 13.775 0 1
121.393 13.775 0 1
121.493 13.775 0 1
121.593 13.775 0 1
121.693 13.775 0 1
121.793 13.775 0 1
121.893 13.775 0 1
121.993 13.775 0 1
122.093 13.775 0 1
122.193 13.775 0 1
122.293 13.775 0 1
122.393 13.775 0 1
122.493 13.775 0 1
122.593 13.775 0 1
122.693 13.775 0 1
122.793 13.775 0 1
122.893 13.775 0 1
122.993 13.775 0 1
123.093 13.775 0 1
123.193 13.775 0 1
123.293 13.775 0 1
123.393 13.775 0 1
123.493 13.775 0 1
123.593 13.775 0 1
123.693 13.775 0 1
123.793 13.775 0 1
123.893 13.775 0 1
123.993 13.775 0 1
124.093 13.775 0 1
124.193 13.775 0 1
124.293 13.775 0 1
124.393 13.775 0 1
124.493 13.775 0 1
124.593 13.775 0 1
124.693 13.775 0 1
124.793 13.775 0 1
124.893 13.775 0 1
124.993 13.775 0 1
125.093 13.775 0 1
125.193 13.775 0 1
125.293 13.775 0 1
125.393 13.775 0 1
125.493 13.775 0 1
125.593 13.775 0 1
125.693 13.775 0 1
125.793 13.775 0 1
125.893 13.775 0 1
125.993 13.775 0 1
126.093 13.775 0 1
126.193 13.775 0 1
126.293 13.775 0 1
126.393 13.775 0 1
126.493 13.775 0 1
126.593 13.775 0 1
126.693 13.775 0 1
126.793 13.775 0 1
126.893 13.775 0 1
126.993 13.775 0 1
127.093 13.775 0 1
127.193 13.775 0 1
127.293 13.775 0 1
127.393 13.775 0 1
127.493 13.775 0 1
127.593 13.775 0 1
127.693 13.775 0 1
127.793 13.775 0 1
127.893 13.775 0 1
127.993 13.775 0 1
128.093 13.775 0 1
128.193 13.775 0 1
128.293 13.775 0 1
128.393 13.775 0 1
128.493 13.775 0 1
128.593 13.775 0 1
128.693 13.775 0 1
128.793 13.775 0 1
128.893 13.775 0 1
128.993 13.775 0 1
129.093 13.775 0 1
129.193 13.775 0 1
129.293 13.775 0 1
129.393 13.775 0 1
129.493 13.775 0 1
129.593 13.775 0 1
129.693 13.775 0 1
129.793 13.775 0 1
129.893 13.775 0 1
129.993 13.775 0 1
130.093 13.775 0 1
130.193 13.775 0 1
130.293 13.775 0 1
130.393 13.775 0 1
130.493 13.775 0 1
130.593 13.775 0 1
130.693 13.775 0 1
130.793 13.775 0 1
130.893 13.775 0 1
130.993 13.775 0 1
131.093 13.775 0 1
131.193 13.775 0 1
131.293 13.775 0 1
131.393 13.775 0 1
131.493 13.775 0 1
131.593 13.775 0 1
131.693 13.775 0 1
131.793 13.775 0 1
131.893 13.775 0 1
131.993 13.775 0 1
132.093 13.775 0 1
132.193 13.775 0 1
132.293 13.775 0 1
132.393 13.775 0 1
132.493 13.775 0 1
132.593 13.775 0 1
132.693 13.775 0 1
132.793 13.775 0 1
132.893 13.775 0 1
132.993 13.775 0 1
133.093 13.775 0 1
133.193 13.775 0 1
133.293 13.775 0 1
133.393 13.775 0 1
133.493 13.775 0 1
133.593 13.775 0 1
133.693 13.775 0 1
133.793 13.775 0 1
133.893 13.775 0 1
133.993 13.775 0 1
134.093 13.775 0 1
134.193 13.775 0 1
134.293 13.775 0 1
134.393 13.775 0 1
134.493 13.775 0 1
134.593 13.775 0 1
134.693 13.775 0 1
134.793 13.775 0 1
134.893 13.775 0 1
134.993 13.775 0 1
135.093 13.775 0 1
135.193 13.775 0 1
135.293 13.775 0 1
135.393 13.775 0 1
135.493 13.775 0 1
135.593 13.775 0 1
135.693 13.775 0 1
135.793 13.775 0 1
135.893 13.775 0 1
135.993 13.775 0 1
136.093 13.775 0 1
136.193 13.775 0 1
136.293 13.775 0 1
136.393 13.775 0 1
136.493 13.775 0 1
136.593 13.775 0 1
136.693 13.775 0 1
136.793 13.775 0 1
136.893 13.775 0 1
136.993 13.775 0 1
137.093 13.775 0 1
137.193 13.775 0 1
137.293 13.775 0 1
137.393 13.775 0 1
137.493 13.775 0 1
137.593 13.775 0 1
137.693 13.775 0 1
137.793 13.775 0 1
137.893 13.775 0 1
137.993 13.775 0 1
138.093 13.775 0 1
138.193 13.775 0 1
138.293 13.775 0 1
138.393 13.775 0 1
138.493 13.775 0 1
138.593 13.775 0 1
138.693 13.775 0 1
138.793 13.775 0 1
138.893 13.775 0 1
138.993 13.775 0 1
139.093 13.775 0 1
139.193 13.775 0 1
139.293 13.775 0 1
139.393 13.775 0 1
139.493 13.775 0 1
139.593 13.775 0 1
139.693 13.775 0 1
139.793 13.775 0 1
139.893 13.775 0 1
139.993 13.775 0 1
140.093 13.775 0 1
140.193 13.775 0 1
140.293 13.775 0 1
140.393 13.775 0 1
140.493 13.775 0 1
140.593 13.775 0 1
140.693 13.775 0 1
140.793 13.775 0 1
140.893 13.775 0 1
140.993 13.775 0 1
141.093 13.775 0 1
141.193 13.775 0 1
141.293 13.775 0 1
141.393 13.775 0 1
141.493 13.775 0 1
141.593 13.775 0 1
141.693 13.775 0 1
141.793 13.775 0 1
141.893 13.775 0 1
141.993 13.775 0 1
142.093 13.775 0 1
142.193 13.775 0 1
142.293 13.775 0 1
142.393 13.775 0 1
142.493 13.775 0 1
142.593 13.775 0 1
142.693 13.775 0 1
142.793 13.775 0 1
142.893 13.775 0 1
142.993 13.775 0 1
143.093 13.775 0 1
143.193 13.775 0 1
143.293 13.775 0 1
143.393 13.775 0 1
143.493 13.775 0 1
143.593 13.775 0 1
143.693 13.775 0 1
143.793 13.775 0 1
143.893 13.775 0 1
143.993 13.775 0 1
144.093 13.775 0 1
144.193 13.775 0 1
144.293 13.775 0 1
144.393 13.775 0 1
144.493 13.775 0 1
144.593 13.775 0 1
144.693 13.775 0 1
144.793 13.775 0 1
144.893 13.775 0 1
144.993 13.775 0 1
145.093 13.775 0 1
145.193 13.775 0 1
145.293 13.775 0 1
145.393 13.775 0 1
145.493 13.775 0 1
145.593 13.775 0 1
145.693 13.775 0 1
145.793 13.775 0 1
145.893 13.775 0 1
145.993 13.775 0 1
146.093 13.775 0 1
146.193 13.775 0 1
146.293 13.775 0 1
146.393 13.775 0 1
146.493 13.775 0 1
146.593 13.775 0 1
146.693 13.775 0 1
146.793 13.775 0 1
146.893 13.775 0 1
146.993 13.775 0 1
147.093 13.775 0 1
147.193 13.775 0 1
147.293 13.775 0 1
147.393 13.775 0 1
147.493 13.775 0 1
147.593 13.775 0 1
147.693 13.775 0 1
147.793 13.775 0 1
147.893 13.775 0 1
147.993 13.775 0 1
148.093 13.775 0 1
148.193 13.775 0 1
148.293 13.775 0 1
148.393 13.775 0 1
148.493 13.775 0 1
148.593 13.775 0 1
148.693 13.775 0 1
148.793 13.775 0 1
148.893 13.775 0 1
148.993 13.775 0 1
149.093 13.775 0 1
149.193 13.775 0 1
149.293 13.775 0 1
149.393 13.775 0 1
149.493 13.775 0 1
149.593 13.775 0 1
149.693 13.775 0 1
149.793 13.775 0 1
149.893 13.775 0 1
149.993 13.775 0 1
150.093 13.775 0 1
150.193 13.775 0 1
150.293 13.775 0 1
150.393 13.775 0 1
150.493 13.775 0 1
150.593 13.775 0 1
150.693 13.775 0 1
150.793 13.775 0 1
150.893 13.775 0 1
150.993 13.775 0 1
151.093 13.775 0 1
151.193 13.775 0 1
151.293 13.775 0 1
151.393 13.775 0 1
151.493 13.775 0 1
151.593 13.775 0 1
151.693 13.775 0 1
151.793 13.775 0 1
151.893 13.775 0 1
151.993 13.775 0 1
152.093 13.775 0 1
152.193 13.775 0 1
152.293 13.775 0 1
152.393 13.775 0 1
152.493 13.775 0 1
152.593 13.775 0 1
152.693 13.775 0 1
152.793 13.775 0 1
152.893 13.775 0 1
152.993 13.775 0 1
153.093 13.775 0 1
153.193 13.775 0 1
153.293 13.775 0 1
153.393 13.775 0 1
153.493 13.775 0 1
153.593 13.775 0 1
153.693 13.775 0 1
153.793 13.775 0 1
153.893 13.775 0 1
153.993 13.775 0 1
154.093 13.775 0 1
154.193 13.775 0 1
154.293 13.775 0 1
154.393 13.775 0 1
154.493 13.775 0 1
154.593 13.775 0 1
154.693 13.775 0 1
154.793 13.775 0 1
154.893 13.775 0 1
154.993 13.775 0 1
155.093 13.775 0 1
155.193 13.775 0 1
155.293 13.775 0 1
155.393 13.775 0 1
155.493 13.775 0 1
155.593 13.775 0 1
155.693 13.775 0 1
155.793 13.775 0 1
155.893 13.775 0 1
155.993 13.775 0 1
156.093 13.775 0 1
156.193 13.775 0 1
156.293 13.775 0 1
156.393 13.775 0 1
156.493 13.775 0 1
156.593 13.775 0 1
156.693 13.775 0 1
156.793 13.775 0 1
156.893 13.775 0 1
156.993 13.775 0 1
157.093 13.775 0 1
157.193 13.775 0 1
157.293 13.775 0 1
157.393 13.775 0 1
157.493 13.775 0 1
157.593 13.775 0 1
157.693 13.775 0 1
157.793 13.775 0 1
157.893 13.775 0 1
157.993 13.775 0 1
158.093 13.775 0 1
158.193 13.775 0 1
158.293 13.775 0 1
158.393 13.775 0 1
158.493 13.775 0 1
158.593 13.775 0 1
158.693 13.775 0 1
158.793 13.775 0 1
158.893 13.775 0 1
158.993 13.775 0 1
159.093 13.775 0 1
159.193 13.775 0 1
159.293 13.775 0 1
159.393 13.775 0 1
159.493 13.775 0 1
159.593 13.775 0 1
159.693 13.775 0 1
159.793 13.775 0 1
159.893 13.775 0 1
159.993 13.775 0 1
160.093 13.775 0 1
160.193 13.775 0 1
160.293 13.775 0 1
160.393 13.775 0 1
160.493 13.775 0 1
160.593 13.775 0 1
160.693 13.775 0 1
160.793 13.775 0 1
160.893 13.775 0 1
160.993 13.775 0 1
161.093 13.775 0 1
161.193 13.775 0 1
161.293 13.775 0 1
161.393 13.775 0 1
161.493 13.775 0 1
161.593 13.775 0 1
161.693 13.775 0 1
161.793 13.775 0 1
161.893 13.775 0 1
161.993 13.775 0 1
162.093 13.775 0 1
162.193 13.775 0 1
162.293 13.775 0 1
162.393 13.775 0 1
162.493 13.775 0 1
162.593 13.775 0 1
162.693 13.775 0 1
162.793 13.775 0 1
162.893 13.775 0 1
162.993 13.775 0 1
163.093 13.775 0 1
163.193 13.775 0 1
163.293 13.775 0 1
163.393 13.775 0 1
163.493 13.775 0 1
163.593 13.775 0 1
163.693 13.775 0 1
163.793 13.775 0 1
163.893 13.775 0 1
163.993 13.775 0 1
164.093 13.775 0 1
164.193 13.775 0 1
164.293 13.775 0 1
164.393 13.775 0 1
164.493 13.775 0 1
164.593 13.775 0 1
164.693 13.775 0 1
164.793 13.775 0 1
164.893 13.775 0 1
164.993 13.775 0 1
165.093 13.775 0 1
165.193 13.775 0 1
165.293 13.775 0 1
165.393 13.775 0 1
165.493 13.775 0 1
165.593 13.775 0 1
165.693 13.775 0 1
165.793 13.775 0 1
165.893 13.775 0 1
165.993 13.775 0 1
166.093 13.775 0 1
166.193 13.775 0 1
166.293 13.775 0 1
166.393 13.775 0 1
166.493 13.775 0 1
166.593 13.775 0 1
166.693 13.775 0 1
166.793 13.775 0 1
166.893 13.775 0 1
166.993 13.775 0 1
167.093 13.775 0 1
167.193 13.775 0 1
167.293 13.775 0 1
167.393 13.775 0 1
167.493 13.775 0 1
167.593 13.775 0 1
167.693 13.775 0 1
167.793 13.775 0 1
167.893 13.775 0 1
167.993 13.775 0 1
168.093 13.775 0 1
168.193 13.775 0 1
168.293 13.775 0 1
168.393 13.775 0 1
168.493 13.775 0 1
168.593 13.775 0 1
168.693 13.775 0 1
168.793 13.775 0 1
168.893 13.775 0 1
168.993 13.775 0 1
169.093 13.775 0 1
169.193 13.775 0 1
169.293 13.775 0 1
169.393 13.775 0 1
169.493 13.775 0 1
169.593 13.775 0 1
169.693 13.775 0 1
169.793 13.775 0 1
169.893 13.775 0 1
169.993 13.775 0 1
170.093 13.775 0 1
170.193 13.775 0 1
170.293 13.775 0 1
170.393 13.775 0 1
170.493 13.775 0 1
170.593 13.775 0 1
170.693 13.775 0 1
170.793 13.775 0 1
170.893 13.775 0 1
170.993 13.775 0 1
171.093 13.775 0 1
171.193 13.775 0 1
171.293 13.775 0 1
171.393 13.775 0 1
171.493 13.775 0 1
171.593 13.775 0 1
171.693 13.775 0 1
171.793 13.775 0 1
171.893 13.775 0 1
171.993 13.775 0 1
172.093 13.775 0 1
172.193 13.775 0 1
172.293 13.775 0 1
172.393 13.775 0 1
172.493 13.775 0 1
172.593 13.775 0 1
172.693 13.775 0 1
172.793 13.775 0 1
172.893 13.775 0 1
172.993 13.775 0 1
173.093 13.775 0 1
173.193 13.775 0 1
173.293 13.775 0 1
173.393 13.775 0 1
173.493 13.775 0 1
173.593 13.775 0 1
173.693 13.775 0 1
173.793 13.775 0 1
173.893 13.775 0 1
173.993 13.775 0 1
174.093 13.775 0 1
174.193 13.775 0 1
174.293 13.775 0 1
174.393 13.775 0 1
174.493 13.775 0 1
174.593 13.775 0 1
174.693 13.775 0 1
174.793 13.775 0 1
174.893 13.775 0 1
174.993 13.775 0 1
175.093 13.775 0 1
175.193 13.775 0 1
175.293 13.775 0 1
175.393 13.775 0 1
175.493 13.775 0 1
175.593 13.775 0 1
175.693 13.775 0 1
175.793 13.775 0 1
175.893 13.775 0 1
175.993 13.775 0 1
176.093 13.775 0 1
176.193 13.775 0 1
176.293 13.775 0 1
176.393 13.775 0 1
176.493 13.775 0 1
176.593 13.775 0 1
176.693 13.775 0 1
176.793 13.775 0 1
176.893 13.775 0 1
177.162 13.775 0 1
177.209 13.863 0 1
177.257 13.951 0 1
177.305 14.0389 0 1
177.352 14.1269 0 1
177.4 14.2149 0 1
177.447 14.3029 0 1
177.495 14.3908 0 1
177.542 14.4788 0 1
177.59 14.5668 0 1
177.637 14.6548 0 1
177.685 14.7427 0 1
177.732 14.8307 0 1
177.78 14.9187 0 1
177.828 15.0067 0 1
177.875 15.0946 0 1
177.923 15.1826 0 1
177.97 15.2706 0 1
178.018 15.3586 0 1
178.065 15.4465 0 1
178.113 15.5345 0 1
178.16 15.6225 0 1
178.208 15.7105 0 1
178.256 15.7984 0 1
178.303 15.8864 0 1
178.351 15.9744 0 1
178.398 16.0624 0 1
178.446 16.1503 0 1
178.493 16.2383 0 1
178.541 16.3263 0 1
178.588 16.4143 0 1
178.636 16.5022 0 1
178.683 16.5902 0 1
178.731 16.6782 0 1
178.778 16.7662 0 1
178.826 16.8541 0 1
178.874 16.9421 0 1
178.921 17.0301 0 1
178.969 17.1181 0 1
179.016 17.206 0 1
179.064 17.294 0 1
179.111 17.382 0 1
179.159 17.47 0 1
179.206 17.558 0 1
179.254 17.6459 0 1
179.301 17.7339 0 1
179.349 17.8219 0 1
179.397 17.9099 0 1
179.444 17.9978 0 1
179.492 18.0858 0 1
179.539 18.1738 0 1
179.587 18.2618 0 1
179.634 18.3497 0 1
179.682 18.4377 0 1
179.729 18.5257 0 1
179.777 18.6137 0 1
179.824 18.7016 0 1
179.872 18.7896 0 1
179.919 18.8776 0 1
179.967 18.9656 0 1
180.015 19.0535 0 1
180.062 19.1415 0 1
180.11 19.2295 0 1
180.157 19.3175 0 1
180.205 19.4054 0 1
180.252 19.4934 0 1
180.3 19.5814 0 1
180.347 19.6694 0 1
180.395 19.7573 0 1
180.442 19.8453 0 1
180.49 19.9333 0 1
180.537 20.0213 0 1
180.585 20.1092 0 1
180.633 20.1972 0 1
180.68 20.2852 0 1
180.728 20.3732 0 1
180.775 20.4611 0 1
180.823 20.5491 0 1
180.87 20.6371 0 1
180.918 20.7251 0 1
180.965 20.813 0 1
181.013 20.901 0 1
181.06 20.989 0 1
181.108 21.077 0 1
181.156 21.165 0 1
181.203 21.2529 0 1
181.251 21.3409 0 1
181.298 21.4289 0 1
181.346 21.5169 0 1
181.393 21.6048 0 1
181.441 21.6928 0 1
181.488 21.7808 0 1
181.536 21.8688 0 1
181.583 21.9567 0 1
181.631 22.0447 0 1
181.679 22.1327 0 1
181.726 22.2207 0 1
181.774 22.3086 0 1
181.821 22.3966 0 1
181.869 22.4846 0 1
181.916 22.5726 0 1
181.964 22.6605 0 1
182.011 22.7485 0 1
182.059 22.8365 0 1
182.106 22.9245 0 1
182.154 23.0124 0 1
182.202 23.1004 0 1
182.249 23.1884 0 1
182.297 23.2764 0 1
182.344 23.3643 0 1
182.392 23.4523 0 1
182.439 23.5403 0 1
182.487 23.6283 0 1
182.534 23.7162 0 1
182.92 23.5254 0 2
183.019 23.5265 0 2
183.119 23.5284 0 2
183.219 23.531 0 2
183.319 23.5344 0 2
183.418 23.5385 0 2
183.518 23.5434 0 2
183.618 23.549 0 2
183.717 23.5554 0 2
183.817 23.5625 0 2
183.916 23.5703 0 2
184.016 23.579 0 2
184.115 23.5883 0 2
184.214 23.5984 0 2
184.313 23.6093 0 2
184.412 23.6209 0 2
184.512 23.6332 0 2
184.61 23.6463 0 2
184.709 23.6601 0 2
184.808 23.6747 0 2
184.906 23.69 0 2
185.005 23.7061 0 2
185.103 23.7228 0 2
185.202 23.7404 0 2
185.3 23.7586 0 2
185.398 23.7776 0 2
185.495 23.7974 0 2
185.593 23.8179 0 2
185.69 23.8391 0 2
185.788 23.861 0 2
185.885 23.8837 0 2
185.982 23.9071 0 2
186.079 23.9312 0 2
186.175 23.9561 0 2
186.272 23.9816 0 2
186.368 24.008 0 2
186.464 24.035 0 2
186.56 24.0627 0 2
186.656 24.0912 0 2
186.751 24.1204 0 2
186.846 24.1503 0 2
186.941 24.1809 0 2
187.036 24.2122 0 2
187.13 24.2443 0 2
187.225 24.277 0 2
187.319 24.3105 0 2
187.412 24.3446 0 2
187.506 24.3795 0 2
187.599 24.4151 0 2
187.692 24.4513 0 2
187.785 24.4883 0 2
187.877 24.526 0 2
187.969 24.5643 0 2
188.061 24.6034 0 2
188.153 24.6431 0 2
188.244 24.6835 0 2
188.335 24.7246 0 2
188.425 24.7664 0 2
188.516 24.8089 0 2
188.606 24.852 0 2
188.695 24.8959 0 2
188.784 24.9403 0 2
188.873 24.9855 0 2
188.962 25.0313 0 2
189.05 25.0778 0 2
189.138 25.125 0 2
189.226 25.1728 0 2
189.313 25.2213 0 2
189.4 25.2704 0 2
189.486 25.3202 0 2
189.572 25.3706 0 2
189.658 25.4217 0 2
189.743 25.4734 0 2
189.828 25.5257 0 2
189.913 25.5787 0 2
189.997 25.6324 0 2
190.081 25.6866 0 2
190.164 25.7415 0 2
190.247 25.797 0 2
190.329 25.8531 0 2
190.411 25.9099 0 2
190.493 25.9672 0 2
190.574 26.0252 0 2
190.655 26.0838 0 2
190.735 26.143 0 2
190.815 26.2028 0 2
190.895 26.2632 0 2
190.974 26.3242 0 2
191.052 26.3857 0 2
191.13 26.4479 0 2
191.208 26.5107 0 2
191.285 26.574 0 2
191.362 26.6379 0 2
191.438 26.7024 0 2
191.513 26.7674 0 2
191.588 26.833 0 2
191.663 26.8992 0 2
191.737 26.966 0 2
191.811 27.0333 0 2
191.884 27.1011 0 2
191.957 27.1695 0 2
192.029 27.2385 0 2
192.1 27.3079 0 2
192.172 27.3779 0 2
192.242 27.4485 0 2
192.312 27.5196 0 2
192.381 27.5912 0 2
192.451 27.6633 0 2
192.519 27.7359 0 2
192.587 27.8091 0 2
192.654 27.8827 0 2
192.721 27.9569 0 2
192.787 28.0316 0 2
192.853 28.1067 0 2
192.918 28.1824 0 2
192.982 28.2585 0 2
193.046 28.3351 0 2
193.109 28.4122 0 2
193.172 28.4898 0 2
193.234 28.5678 0 2
193.296 28.6463 0 2
193.357 28.7253 0 2
193.417 28.8047 0 2
193.477 28.8846 0 2
193.536 28.9649 0 2
193.595 29.0457 0 2
193.653 29.1269 0 2
193.71 29.2085 0 2
193.767 29.2906 0 2
193.823 29.373 0 2
193.879 29.4559 0 2
193.933 29.5393 0 2
193.988 29.623 0 2
194.041 29.7071 0 2
194.094 29.7917 0 2
194.147 29.8766 0 2
194.198 29.9619 0 2
194.249 30.0476 0 2
194.3 30.1337 0 2
194.35 30.2202 0 2
194.399 30.307 0 2
194.447 30.3942 0 2
194.495 30.4818 0 2
194.542 30.5697 0 2
194.589 30.658 0 2
194.635 30.7466 0 2
194.68 30.8356 0 2
194.724 30.9249 0 2
194.768 31.0145 0 2
194.811 31.1045 0 2
194.854 31.1948 0 2
194.895 31.2854 0 2
194.936 31.3763 0 2
194.977 31.4675 0 2
195.017 31.559 0 2
195.056 31.6508 0 2
195.094 31.7429 0 2
195.132 31.8353 0 2
195.169 31.928 0 2
195.205 32.0209 0 2
195.24 32.1142 0 2
195.275 32.2076 0 2
195.31 32.3014 0 2
195.343 32.3954 0 2
195.376 32.4896 0 2
195.408 32.5841 0 2
195.439 32.6788 0 2
195.47 32.7738 0 2
195.5 32.869 0 2
195.529 32.9644 0 2
195.557 33.06 0 2
195.585 33.1558 0 2
195.612 33.2519 0 2
195.638 33.3481 0 2
195.664 33.4446 0 2
195.689 33.5412 0 2
195.713 33.638 0 2
195.736 33.735 0 2
195.759 33.8321 0 2
195.781 33.9295 0 2
195.802 34.027 0 2
195.823 34.1246 0 2
195.842 34.2224 0 2
195.861 34.3204 0 2
195.88 34.4184 0 2
195.897 34.5167 0 2
195.914 34.615 0 2
195.93 34.7135 0 2
195.945 34.8121 0 2
195.96 34.9108 0 2
195.974 35.0096 0 2
195.987 35.1085 0 2
195.999 35.2075 0 2
196.011 35.3066 0 2
196.022 35.4058 0 2
196.032 35.505 0 2
196.041 35.6044 0 2
196.05 35.7038 0 2
196.058 35.8032 0 2
196.065 35.9027 0 2
196.071 36.0023 0 2
196.077 36.1019 0 2
196.082 36.2016 0 2
196.086 36.3013 0 2
196.089 36.401 0 2
196.092 36.5007 0 2
196.094 36.6005 0 2
196.095 36.7002 0 2
196.095 36.8 0 2
196.095 36.8998 0 2
196.094 36.9995 0 2
196.092 37.0993 0 2
196.089 37.199 0 2
196.086 37.2987 0 2
196.082 37.3984 0 2
196.077 37.4981 0 2
196.071 37.5977 0 2
196.065 37.6973 0 2
196.058 37.7968 0 2
196.05 37.8962 0 2
196.041 37.9956 0 2
196.032 38.095 0 2
196.022 38.1942 0 2
196.011 38.2934 0 2
195.999 38.3925 0 2
195.987 38.4915 0 2
195.974 38.5904 0 2
195.96 38.6892 0 2
195.945 38.7879 0 2
195.93 38.8865 0 2
195.914 38.985 0 2
195.897 39.0833 0 2
195.88 39.1816 0 2
195.861 39.2796 0 2
195.842 39.3776 0 2
195.823 39.4754 0 2
195.802 39.573 0 2
195.781 39.6705 0 2
195.759 39.7679 0 2
195.736 39.865 0 2
195.713 39.962 0 2
195.689 40.0588 0 2
195.664 40.1554 0 2
195.638 40.2519 0 2
195.612 40.3481 0 2
195.585 40.4442 0 2
195.557 40.54 0 2
195.529 40.6356 0 2
195.5 40.731 0 2
195.47 40.8262 0 2
195.439 40.9212 0 2
195.408 41.0159 0 2
195.376 41.1104 0 2
195.343 41.2046 0 2
195.31 41.2986 0 2
195.275 41.3924 0 2
195.24 41.4858 0 2
195.205 41.5791 0 2
195.169 41.672 0 2
195.132 41.7647 0 2
195.094 41.8571 0 2
195.056 41.9492 0 2
195.017 42.041 0 2
194.977 42.1325 0 2
194.936 42.2237 0 2
194.895 42.3146 0 2
194.854 42.4052 0 2
194.811 42.4955 0 2
194.768 42.5855 0 2
194.724 42.6751 0 2
194.68 42.7644 0 2
194.635 42.8534 0 2
194.589 42.942 0 2
194.542 43.0303 0 2
194.495 43.1182 0 2
194.447 43.2058 0 2
194.399 43.293 0 2
194.35 43.3798 0 2
194.3 43.4663 0 2
194.249 43.5524 0 2
194.198 43.6381 0 2
194.147 43.7234 0 2
194.094 43.8083 0 2
194.041 43.8929 0 2
193.988 43.977 0 2
193.933 44.0607 0 2
193.879 44.1441 0 2
193.823 44.227 0 2
193.767 44.3094 0 2
193.71 44.3915 0 2
193.653 44.4731 0 2
193.595 44.5543 0 2
193.536 44.6351 0 2
193.477 44.7154 0 2
193.417 44.7953 0 2
193.357 44.8747 0 2
193.296 44.9537 0 2
193.234 45.0322 0 2
193.172 45.1102 0 2
193.109 45.1878 0 2
193.046 45.2649 0 2
192.982 45.3415 0 2
192.918 45.4176 0 2
192.853 45.4933 0 2
192.787 45.5684 0 2
192.721 45.6431 0 2
192.654 45.7173 0 2
192.587 45.7909 0 2
192.519 45.8641 0 2
192.451 45.9367 0 2
192.381 46.0088 0 2
192.312 46.0804 0 2
192.242 46.1515 0 2
192.172 46.2221 0 2
192.1 46.2921 0 2
192.029 46.3615 0 2
191.957 46.4305 0 2
191.884 46.4989 0 2
191.811 46.5667 0 2
191.737 46.634 0 2
191.663 46.7008 0 2
191.588 46.767 0 2
191.513 46.8326 0 2
191.438 46.8976 0 2
191.362 46.9621 0 2
191.285 47.026 0 2
191.208 47.0893 0 2
191.13 47.1521 0 2
191.052 47.2143 0 2
190.974 47.2758 0 2
190.895 47.3368 0 2
190.815 47.3972 0 2
190.735 47.457 0 2
190.655 47.5162 0 2
190.574 47.5748 0 2
190.493 47.6328 0 2
190.411 47.6901 0 2
190.329 47.7469 0 2
190.247 47.803 0 2
190.164 47.8585 0 2
190.081 47.9134 0 2
189.997 47.9676 0 2
189.913 48.0213 0 2
189.828 48.0743 0 2
189.743 48.1266 0 2
189.658 48.1783 0 2
189.572 48.2294 0 2
189.486 48.2798 0 2
189.4 48.3296 0 2
189.313 48.3787 0 2
189.226 48.4272 0 2
189.138 48.475 0 2
189.05 48.5222 0 2
188.962 48.5687 0 2
188.873 48.6145 0 2
188.784 48.6597 0 2
188.695 48.7041 0 2
188.606 48.748 0 2
188.516 48.7911 0 2
188.425 48.8336 0 2
188.335 48.8754 0 2
188.244 48.9165 0 2
188.153 48.9569 0 2
188.061 48.9966 0 2
187.969 49.0357 0 2
187.877 49.074 0 2
187.785 49.1117 0 2
187.692 49.1487 0 2
187.599 49.1849 0 2
187.506 49.2205 0 2
187.412 49.2554 0 2
187.319 49.2895 0 2
187.225 49.323 0 2
187.13 49.3557 0 2
187.036 49.3878 0 2
186.941 49.4191 0 2
186.846 49.4497 0 2
186.751 49.4796 0 2
186.656 49.5088 0 2
186.56 49.5373 0 2
186.464 49.565 0 2
186.368 49.592 0 2
186.272 49.6184 0 2
186.175 49.6439 0 2
186.079 49.6688 0 2
185.982 49.6929 0 2
185.885 49.7163 0 2
185.788 49.739 0 2
185.69 49.7609 0 2
185.593 49.7821 0 2
185.495 49.8026 0 2
185.398 49.8224 0 2
185.3 49.8414 0 2
185.202 49.8596 0 2
185.103 49.8772 0 2
185.005 49.8939 0 2
184.906 49.91 0 2
184.808 49.9253 0 2
184.709 49.9399 0 2
184.61 49.9537 0 2
184.512 49.9668 0 2
184.412 49.9791 0 2
184.313 49.9907 0 2
184.214 50.0016 0 2
184.115 50.0117 0 2
184.016 50.021 0 2
183.916 50.0297 0 2
183.817 50.0375 0 2
183.717 50.0446 0 2
183.618 50.051 0 2
183.518 50.0566 0 2
183.418 50.0615 0 2
183.319 50.0656 0 2
183.219 50.069 0 2
183.119 50.0716 0 2
183.019 50.0735 0 2
182.92 50.0746 0 2
182.625 49.825 0 0
182.525 49.825 0 0
182.425 49.825 0 0
182.325 49.825 0 0
182.225 49.825 0 0
182.125 49.825 0 0
182.025 49.825 0 0
181.925 49.825 0 0
181.825 49.825 0 0
181.725 49.825 0 0
181.625 49.825 0 0
181.525 49.825 0 0
181.425 49.825 0 0
181.325 49.825 0 0
181.225 49.825 0 0
181.125 49.825 0 0
181.025 49.825 0 0
180.925 49.825 0 0
180.825 49.825 0 0
180.725 49.825 0 0
180.625 49.825 0 0
180.525 49.825 0 0
180.425 49.825 0 0
180.325 49.825 0 0
180.225 49.825 0 0
180.125 49.825 0 0
180.025 49.825 0 0
179.925 49.825 0 0
179.825 49.825 0 0
179.725 49.825 0 0
179.625 49.825 0 0
179.525 49.825 0 0
179.425 49.825 0 0
179.325 49.825 0 0
179.225 49.825 0 0
179.125 49.825 0 0
179.025 49.825 0 0
178.925 49.825 0 0
178.825 49.825 0 0
178.725 49.825 0 0
178.625 49.825 0 0
178.525 49.825 0 0
178.425 49.825 0 0
178.325 49.825 0 0
178.225 49.825 0 0
178.125 49.825 0 0
178.025 49.825 0 0
177.925 49.825 0 0
177.825 49.825 0 0
177.725 49.825 0 0
177.625 49.825 0 0
177.525 49.825 0 0
177.425 49.825 0 0
177.325 49.825 0 0
177.225 49.825 0 0
177.125 49.825 0 0
177.025 49.825 0 0
176.925 49.825 0 0
176.825 49.825 0 0
176.725 49.825 0 0
176.625 49.825 0 0
176.525 49.825 0 0
176.425 49.825 0 0
176.325 49.825 0 0
176.225 49.825 0 0
176.125 49.825 0 0
176.025 49.825 0 0
175.925 49.825 0 0
175.825 49.825 0 0
175.725 49.825 0 0
175.625 49.825 0 0
175.525 49.825 0 0
175.425 49.825 0 0
175.325 49.825 0 0
175.225 49.825 0 0
175.125 49.825 0 0
175.025 49.825 0 0
174.925 49.825 0 0
174.825 49.825 0 0
174.725 49.825 0 0
174.625 49.825 0 0
174.525 49.825 0 0
174.425 49.825 0 0
174.325 49.825 0 0
174.225 49.825 0 0
174.125 49.825 0 0
174.025 49.825 0 0
173.925 49.825 0 0
173.825 49.825 0 0
173.725 49.825 0 0
173.625 49.825 0 0
173.525 49.825 0 0
173.425 49.825 0 0
173.325 49.825 0 0
173.225 49.825 0 0
173.125 49.825 0 0
173.025 49.825 0 0
172.925 49.825 0 0
172.825 49.825 0 0
172.725 49.825 0 0
172.625 49.825 0 0
172.525 49.825 0 0
172.425 49.825 0 0
172.325 49.825 0 0
172.225 49.825 0 0
172.125 49.825 0 0
172.025 49.825 0 0
171.925 49.825 0 0
171.825 49.825 0 0
171.725 49.825 0 0
171.625 49.825 0 0
171.525 49.825 0 0
171.425 49.825 0 0
171.325 49.825 0 0
171.225 49.825 0 0
171.125 49.825 0 0
171.025 49.825 0 0
170.925 49.825 0 0
170.825 49.825 0 0
170.725 49.825 0 0
170.625 49.825 0 0
170.525 49.825 0 0
170.425 49.825 0 0
170.325 49.825 0 0
170.225 49.825 0 0
170.125 49.825 0 0
170.025 49.825 0 0
169.925 49.825 0 0
169.825 49.825 0 0
169.725 49.825 0 0
169.625 49.825 0 0
169.525 49.825 0 0
169.425 49.825 0 0
169.325 49.825 0 0
169.225 49.825 0 0
169.125 49.825 0 0
169.025 49.825 0 0
168.925 49.825 0 0
168.825 49.825 0 0
168.725 49.825 0 0
168.625 49.825 0 0
168.525 49.825 0 0
168.425 49.825 0 0
168.325 49.825 0 0
168.225 49.825 0 0
168.125 49.825 0 0
168.025 49.825 0 0
167.925 49.825 0 0
167.825 49.825 0 0
167.725 49.825 0 0
167.625 49.825 0 0
167.525 49.825 0 0
167.425 49.825 0 0
167.325 49.825 0 0
167.225 49.825 0 0
167.125 49.825 0 0
167.025 49.825 0 0
166.925 49.825 0 0
166.825 49.825 0 0
166.725 49.825 0 0
166.625 49.825 0 0
166.525 49.825 0 0
166.425 49.825 0 0
166.325 49.825 0 0
166.225 49.825 0 0
166.125 49.825 0 0
166.025 49.825 0 0
165.925 49.825 0 0
165.825 49.825 0 0
165.725 49.825 0 0
165.625 49.825 0 0
165.525 49.825 0 0
165.425 49.825 0 0
165.325 49.825 0 0
165.225 49.825 0 0
165.125 49.825 0 0
165.025 49.825 0 0
164.925 49.825 0 0
164.825 49.825 0 0
164.725 49.825 0 0
164.625 49.825 0 0
164.525 49.825 0 0
164.425 49.825 0 0
164.325 49.825 0 0
164.225 49.825 0 0
164.125 49.825 0 0
164.025 49.825 0 0
163.925 49.825 0 0
163.825 49.825 0 0
163.725 49.825 0 0
163.625 49.825 0 0
163.525 49.825 0 0
163.425 49.825 0 0
163.325 49.825 0 0
163.225 49.825 0 0
163.125 49.825 0 0
163.025 49.825 0 0
162.925 49.825 0 0
162.825 49.825 0 0
162.725 49.825 0 0
162.625 49.825 0 0
162.525 49.825 0 0
162.425 49.825 0 0
162.325 49.825 0 0
162.225 49.825 0 0
162.125 49.825 0 0
162.025 49.825 0 0
161.925 49.825 0 0
161.825 49.825 0 0
161.725 49.825 0 0
161.625 49.825 0 0
161.525 49.825 0 0
161.425 49.825 0 0
161.325 49.825 0 0
161.225 49.825 0 0
161.125 49.825 0 0
161.025 49.825 0 0
160.925 49.825 0 0
160.825 49.825 0 0
160.725 49.825 0 0
160.625 49.825 0 0
160.525 49.825 0 0
160.425 49.825 0 0
160.325 49.825 0 0
160.225 49.825 0 0
160.125 49.825 0 0
160.025 49.825 0 0
159.925 49.825 0 0
159.825 49.825 0 0
159.725 49.825 0 0
159.625 49.825 0 0
159.525 49.825 0 0
159.425 49.825 0 0
159.325 49.825 0 0
159.225 49.825 0 0
159.125 49.825 0 0
159.025 49.825 0 0
158.925 49.825 0 0
158.825 49.825 0 0
158.725 49.825 0 0
158.625 49.825 0 0
158.525 49.825 0 0
158.425 49.825 0 0
158.325 49.825 0 0
158.225 49.825 0 0
158.125 49.825 0 0
158.025 49.825 0 0
157.925 49.825 0 0
157.825 49.825 0 0
157.725 49.825 0 0
157.625 49.825 0 0
157.525 49.825 0 0
157.425 49.825 0 0
157.325 49.825 0 0
157.225 49.825 0 0
157.125 49.825 0 0
157.025 49.825 0 0
156.925 49.825 0 0
156.825 49.825 0 0
156.725 49.825 0 0
156.625 49.825 0 0
156.525 49.825 0 0
156.425 49.825 0 0
156.325 49.825 0 0
156.225 49.825 0 0
156.125 49.825 0 0
156.025 49.825 0 0
155.925 49.825 0 0
155.825 49.825 0 0
155.725 49.825 0 0
155.625 49.825 0 0
155.525 49.825 0 0
155.425 49.825 0 0
155.325 49.825 0 0
155.225 49.825 0 0
155.125 49.825 0 0
155.025 49.825 0 0
154.925 49.825 0 0
154.825 49.825 0 0
154.725 49.825 0 0
154.625 49.825 0 0
154.525 49.825 0 0
154.425 49.825 0 0
154.325 49.825 0 0
154.225 49.825 0 0
154.125 49.825 0 0
154.025 49.825 0 0
153.925 49.825 0 0
153.825 49.825 0 0
153.725 49.825 0 0
153.625 49.825 0 0
153.525 49.825 0 0
153.425 49.825 0 0
153.325 49.825 0 0
153.225 49.825 0 0
153.125 49.825 0 0
153.025 49.825 0 0
152.925 49.825 0 0
152.825 49.825 0 0
152.725 49.825 0 0
152.625 49.825 0 0
152.525 49.825 0 0
152.425 49.825 0 0
152.325 49.825 0 0
152.225 49.825 0 0
152.125 49.825 0 0
152.025 49.825 0 0
151.925 49.825 0 0
151.825 49.825 0 0
151.725 49.825 0 0
151.625 49.825 0 0
151.525 49.825 0 0
151.425 49.825 0 0
151.325 49.825 0 0
151.225 49.825 0 0
151.125 49.825 0 0
151.025 49.825 0 0
150.925 49.825 0 0
150.825 49.825 0 0
150.725 49.825 0 0
150.625 49.825 0 0
150.525 49.825 0 0
150.425 49.825 0 0
150.325 49.825 0 0
150.225 49.825 0 0
150.125 49.825 0 0
150.025 49.825 0 0
149.925 49.825 0 0
149.825 49.825 0 0
149.725 49.825 0 0
149.625 49.825 0 0
149.525 49.825 0 0
149.425 49.825 0 0
149.325 49.825 0 0
149.225 49.825 0 0
149.125 49.825 0 0
149.025 49.825 0 0
148.925 49.825 0 0
148.825 49.825 0 0
148.725 49.825 0 0
148.625 49.825 0 0
148.525 49.825 0 0
148.425 49.825 0 0
148.325 49.825 0 0
148.225 49.825 0 0
148.125 49.825 0 0
148.025 49.825 0 0
147.925 49.825 0 0
147.825 49.825 0 0
147.725 49.825 0 0
147.625 49.825 0 0
147.525 49.825 0 0
147.425 49.825 0 0
147.325 49.825 0 0
147.225 49.825 0 0
147.125 49.825 0 0
147.025 49.825 0 0
146.925 49.825 0 0
146.825 49.825 0 0
146.725 49.825 0 0
146.625 49.825 0 0
146.525 49.825 0 0
146.425 49.825 0 0
146.325 49.825 0 0
146.225 49.825 0 0
146.125 49.825 0 0
146.025 49.825 0 0
145.925 49.825 0 0
145.825 49.825 0 0
145.725 49.825 0 0
145.625 49.825 0 0
145.525 49.825 0 0
145.425 49.825 0 0
145.325 49.825 0 0
145.225 49.825 0 0
145.125 49.825 0 0
145.025 49.825 0 0
144.925 49.825 0 0
144.825 49.825 0 0
144.725 49.825 0 0
144.625 49.825 0 0
144.525 49.825 0 0
144.425 49.825 0 0
144.325 49.825 0 0
144.225 49.825 0 0
144.125 49.825 0 0
144.025 49.825 0 0
143.925 49.825 0 0
143.825 49.825 0 0
143.725 49.825 0 0
143.625 49.825 0 0
143.525 49.825 0 0
143.425 49.825 0 0
143.325 49.825 0 0
143.225 49.825 0 0
143.125 49.825 0 0
143.025 49.825 0 0
142.925 49.825 0 0
142.825 49.825 0 0
142.725 49.825 0 0
142.625 49.825 0 0
142.525 49.825 0 0
142.425 49.825 0 0
142.325 49.825 0 0
142.225 49.825 0 0
142.125 49.825 0 0
142.025 49.825 0 0
141.925 49.825 0 0
141.825 49.825 0 0
141.725 49.825 0 0
141.625 49.825 0 0
141.525 49.825 0 0
141.425 49.825 0 0
141.325 49.825 0 0
141.225 49.825 0 0
141.125 49.825 0 0
141.025 49.825 0 0
140.925 49.825 0 0
140.825 49.825 0 0
140.725 49.825 0 0
140.625 49.825 0 0
140.525 49.825 0 0
140.425 49.825 0 0
140.325 49.825 0 0
140.225 49.825 0 0
140.125 49.825 0 0
140.025 49.825 0 0
139.925 49.825 0 0
139.825 49.825 0 0
139.725 49.825 0 0
139.625 49.825 0 0
139.525 49.825 0 0
139.425 49.825 0 0
139.325 49.825 0 0
139.225 49.825 0 0
139.125 49.825 0 0
139.025 49.825 0 0
138.925 49.825 0 0
138.825 49.825 0 0
138.725 49.825 0 0
138.625 49.825 0 0
138.525 49.825 0 0
138.425 49.825 0 0
138.325 49.825 0 0
138.225 49.825 0 0
138.125 49.825 0 0
138.025 49.825 0 0
137.925 49.825 0 0
137.825 49.825 0 0
137.725 49.825 0 0
137.625 49.825 0 0
137.525 49.825 0 0
137.425 49.825 0 0
137.325 49.825 0 0
137.225 49.825 0 0
137.125 49.825 0 0
137.025 49.825 0 0
136.925 49.825 0 0
136.825 49.825 0 0
136.725 49.825 0 0
136.625 49.825 0 0
136.525 49.825 0 0
136.425 49.825 0 0
136.325 49.825 0 0
136.225 49.825 0 0
136.125 49.825 0 0
136.025 49.825 0 0
135.925 49.825 0 0
135.825 49.825 0 0
135.725 49.825 0 0
135.625 49.825 0 0
135.525 49.825 0 0
135.425 49.825 0 0
135.325 49.825 0 0
135.225 49.825 0 0
135.125 49.825 0 0
135.025 49.825 0 0
134.925 49.825 0 0
134.825 49.825 0 0
134.725 49.825 0 0
134.625 49.825 0 0
134.525 49.825 0 0
134.425 49.825 0 0
134.325 49.825 0 0
134.225 49.825 0 0
134.125 49.825 0 0
134.025 49.825 0 0
133.925 49.825 0 0
133.825 49.825 0 0
133.725 49.825 0 0
133.625 49.825 0 0
133.525 49.825 0 0
133.425 49.825 0 0
133.325 49.825 0 0
133.225 49.825 0 0
133.125 49.825 0 0
133.025 49.825 0 0
132.925 49.825 0 0
132.825 49.825 0 0
132.725 49.825 0 0
132.625 49.825 0 0
132.525 49.825 0 0
132.425 49.825 0 0
132.325 49.825 0 0
132.225 49.825 0 0
132.125 49.825 0 0
132.025 49.825 0 0
131.925 49.825 0 0
131.825 49.825 0 0
131.725 49.825 0 0
131.625 49.825 0 0
131.525 49.825 0 0
131.425 49.825 0 0
131.325 49.825 0 0
131.225 49.825 0 0
131.125 49.825 0 0
131.025 49.825 0 0
130.925 49.825 0 0
130.825 49.825 0 0
130.725 49.825 0 0
130.625 49.825 0 0
130.525 49.825 0 0
130.425 49.825 0 0
130.325 49.825 0 0
130.225 49.825 0 0
130.125 49.825 0 0
130.025 49.825 0 0
129.925 49.825 0 0
129.825 49.825 0 0
129.725 49.825 0 0
129.625 49.825 0 0
129.525 49.825 0 0
129.425 49.825 0 0
129.325 49.825 0 0
129.225 49.825 0 0
129.125 49.825 0 0
129.025 49.825 0 0
128.925 49.825 0 0
128.825 49.825 0 0
128.725 49.825 0 0
128.625 49.825 0 0
128.525 49.825 0 0
128.425 49.825 0 0
128.325 49.825 0 0
128.225 49.825 0 0
128.125 49.825 0 0
128.025 49.825 0 0
127.925 49.825 0 0
127.825 49.825 0 0
127.725 49.825 0 0
127.625 49.825 0 0
127.525 49.825 0 0
127.425 49.825 0 0
127.325 49.825 0 0
127.225 49.825 0 0
127.125 49.825 0 0
127.025 49.825 0 0
126.925 49.825 0 0
126.825 49.825 0 0
126.725 49.825 0 0
126.625 49.825 0 0
126.525 49.825 0 0
126.425 49.825 0 0
126.325 49.825 0 0
126.225 49.825 0 0
126.125 49.825 0 0
126.025 49.825 0 0
125.925 49.825 0 0
125.825 49.825 0 0
125.725 49.825 0 0
125.625 49.825 0 0
125.525 49.825 0 0
125.425 49.825 0 0
125.325 49.825 0 0
125.225 49.825 0 0
125.125 49.825 0 0
125.025 49.825 0 0
124.925 49.825 0 0
124.825 49.825 0 0
124.725 49.825 0 0
124.625 49.825 0 0
124.525 49.825 0 0
124.425 49.825 0 0
124.325 49.825 0 0
124.225 49.825 0 0
124.125 49.825 0 0
124.025 49.825 0 0
123.925 49.825 0 0
123.825 49.825 0 0
123.725 49.825 0 0
123.625 49.825 0 0
123.525 49.825 0 0
123.425 49.825 0 0
123.325 49.825 0 0
123.225 49.825 0 0
123.125 49.825 0 0
123.025 49.825 0 0
122.925 49.825 0 0
122.825 49.825 0 0
122.725 49.825 0 0
122.625 49.825 0 0
122.525 49.825 0 0
122.425 49.825 0 0
122.325 49.825 0 0
122.225 49.825 0 0
122.125 49.825 0 0
122.025 49.825 0 0
121.925 49.825 0 0
121.825 49.825 0 0
121.725 49.825 0 0
121.625 49.825 0 0
121.525 49.825 0 0
121.425 49.825 0 0
121.325 49.825 0 0
121.225 49.825 0 0
121.125 49.825 0 0
121.025 49.825 0 0
120.925 49.825 0 0
120.825 49.825 0 0
120.725 49.825 0 0
120.625 49.825 0 0
120.525 49.825 0 0
120.425 49.825 0 0
120.325 49.825 0 0
120.225 49.825 0 0
120.125 49.825 0 0
120.025 49.825 0 0
119.925 49.825 0 0
119.825 49.825 0 0
119.725 49.825 0 0
119.625 49.825 0 0
119.525 49.825 0 0
119.425 49.825 0 0
119.325 49.825 0 0
119.225 49.825 0 0
119.125 49.825 0 0
119.025 49.825 0 0
118.925 49.825 0 0
118.825 49.825 0 0
118.725 49.825 0 0
118.625 49.825 0 0
118.525 49.825 0 0
118.425 49.825 0 0
118.325 49.825 0 0
118.225 49.825 0 0
118.125 49.825 0 0
118.025 49.825 0 0
117.925 49.825 0 0
117.825 49.825 0 0
117.725 49.825 0 0
117.625 49.825 0 0
117.525 49.825 0 0
117.425 49.825 0 0
117.325 49.825 0 0
117.225 49.825 0 0
117.125 49.825 0 0
117.025 49.825 0 0
116.925 49.825 0 0
116.825 49.825 0 0
116.725 49.825 0 0
116.625 49.825 0 0
116.525 49.825 0 0
116.425 49.825 0 0
116.325 49.825 0 0
116.225 49.825 0 0
116.125 49.825 0 0
116.025 49.825 0 0
115.925 49.825 0 0
115.825 49.825 0 0
115.725 49.825 0 0
115.625 49.825 0 0
115.525 49.825 0 0
115.425 49.825 0 0
115.325 49.825 0 0
115.225 49.825 0 0
115.125 49.825 0 0
115.025 49.825 0 0
114.925 49.825 0 0
114.825 49.825 0 0
114.725 49.825 0 0
114.625 49.825 0 0
114.525 49.825 0 0
114.425 49.825 0 0
114.325 49.825 0 0
114.225 49.825 0 0
114.125 49.825 0 0
114.025 49.825 0 0
113.925 49.825 0 0
113.825 49.825 0 0
113.725 49.825 0 0
113.625 49.825 0 0
113.525 49.825 0 0
113.425 49.825 0 0
113.325 49.825 0 0
113.225 49.825 0 0
113.125 49.825 0 0
113.025 49.825 0 0
112.925 49.825 0 0
112.825 49.825 0 0
112.725 49.825 0 0
112.625 49.825 0 0
112.525 49.825 0 0
112.425 49.825 0 0
112.325 49.825 0 0
112.225 49.825 0 0
112.125 49.825 0 0
112.025 49.825 0 0
111.925 49.825 0 0
111.825 49.825 0 0
111.725 49.825 0 0
111.625 49.825 0 0
111.525 49.825 0 0
111.425 49.825 0 0
111.325 49.825 0 0
111.225 49.825 0 0
111.125 49.825 0 0
111.025 49.825 0 0
110.925 49.825 0 0
110.825 49.825 0 0
110.725 49.825 0 0
110.625 49.825 0 0
110.525 49.825 0 0
110.425 49.825 0 0
110.325 49.825 0 0
110.225 49.825 0 0
110.125 49.825 0 0
110.025 49.825 0 0
109.925 49.825 0 0
109.825 49.825 0 0
109.725 49.825 0 0
109.625 49.825 0 0
109.525 49.825 0 0
109.425 49.825 0 0
109.325 49.825 0 0
109.225 49.825 0 0
109.125 49.825 0 0
109.025 49.825 0 0
108.925 49.825 0 0
108.825 49.825 0 0
108.725 49.825 0 0
108.625 49.825 0 0
108.525 49.825 0 0
108.425 49.825 0 0
108.325 49.825 0 0
108.225 49.825 0 0
108.125 49.825 0 0
108.025 49.825 0 0
107.925 49.825 0 0
107.825 49.825 0 0
107.725 49.825 0 0
107.625 49.825 0 0
107.525 49.825 0 0
107.425 49.825 0 0
107.325 49.825 0 0
107.225 49.825 0 0
107.125 49.825 0 0
107.025 49.825 0 0
106.925 49.825 0 0
106.825 49.825 0 0
106.725 49.825 0 0
106.625 49.825 0 0
106.525 49.825 0 0
106.425 49.825 0 0
106.325 49.825 0 0
106.225 49.825 0 0
106.125 49.825 0 0
106.025 49.825 0 0
105.925 49.825 0 0
105.825 49.825 0 0
105.725 49.825 0 0
105.625 49.825 0 0
105.525 49.825 0 0
105.425 49.825 0 0
105.325 49.825 0 0
105.225 49.825 0 0
105.125 49.825 0 0
105.025 49.825 0 0
104.925 49.825 0 0
104.825 49.825 0 0
104.725 49.825 0 0
104.625 49.825 0 0
104.525 49.825 0 0
104.425 49.825 0 0
104.325 49.825 0 0
104.225 49.825 0 0
104.125 49.825 0 0
104.025 49.825 0 0
103.925 49.825 0 0
103.825 49.825 0 0
103.725 49.825 0 0
103.625 49.825 0 0
103.525 49.825 0 0
103.425 49.825 0 0
103.325 49.825 0 0
103.225 49.825 0 0
103.125 49.825 0 0
103.025 49.825 0 0
102.925 49.825 0 0
102.825 49.825 0 0
102.725 49.825 0 0
102.625 49.825 0 0
102.525 49.825 0 0
102.425 49.825 0 0
102.325 49.825 0 0
102.225 49.825 0 0
102.125 49.825 0 0
102.025 49.825 0 0
101.925 49.825 0 0
101.825 49.825 0 0
101.725 49.825 0 0
101.625 49.825 0 0
101.525 49.825 0 0
101.425 49.825 0 0
101.325 49.825 0 0
101.225 49.825 0 0
101.125 49.825 0 0
101.025 49.825 0 0
100.925 49.825 0 0
100.825 49.825 0 0
100.725 49.825 0 0
100.625 49.825 0 0
100.525 49.825 0 0
100.425 49.825 0 0
100.325 49.825 0 0
100.225 49.825 0 0
100.125 49.825 0 0
100.025 49.825 0 0
99.925 49.825 0 0
99.825 49.825 0 0
99.725 49.825 0 0
99.625 49.825 0 0
99.525 49.825 0 0
99.425 49.825 0 0
99.325 49.825 0 0
99.225 49.825 0 0
99.125 49.825 0 0
99.025 49.825 0 0
98.925 49.825 0 0
98.825 49.825 0 0
98.725 49.825 0 0
98.625 49.825 0 0
98.525 49.825 0 0
98.425 49.825 0 0
98.325 49.825 0 0
98.225 49.825 0 0
98.125 49.825 0 0
98.025 49.825 0 0
97.925 49.825 0 0
97.825 49.825 0 0
97.725 49.825 0 0
97.625 49.825 0 0
97.525 49.825 0 0
97.425 49.825 0 0
97.325 49.825 0 0
97.225 49.825 0 0
97.125 49.825 0 0
97.025 49.825 0 0
96.925 49.825 0 0
96.825 49.825 0 0
96.725 49.825 0 0
96.625 49.825 0 0
96.525 49.825 0 0
96.425 49.825 0 0
96.325 49.825 0 0
96.225 49.825 0 0
96.125 49.825 0 0
96.025 49.825 0 0
95.925 49.825 0 0
95.825 49.825 0 0
95.725 49.825 0 0
95.625 49.825 0 0
95.525 49.825 0 0
95.425 49.825 0 0
95.325 49.825 0 0
95.225 49.825 0 0
95.125 49.825 0 0
95.025 49.825 0 0
94.925 49.825 0 0
94.825 49.825 0 0
94.725 49.825 0 0
94.625 49.825 0 0
94.525 49.825 0 0
94.425 49.825 0 0
94.325 49.825 0 0
94.225 49.825 0 0
94.125 49.825 0 0
94.025 49.825 0 0
93.925 49.825 0 0
93.825 49.825 0 0
93.725 49.825 0 0
93.625 49.825 0 0
93.525 49.825 0 0
93.425 49.825 0 0
93.325 49.825 0 0
93.225 49.825 0 0
93.125 49.825 0 0
93.025 49.825 0 0
92.925 49.825 0 0
92.825 49.825 0 0
92.725 49.825 0 0
92.625 49.825 0 0
92.525 49.825 0 0
92.425 49.825 0 0
92.325 49.825 0 0
92.225 49.825 0 0
92.125 49.825 0 0
92.025 49.825 0 0
91.925 49.825 0 0
91.825 49.825 0 0
91.725 49.825 0 0
91.625 49.825 0 0
91.525 49.825 0 0
91.425 49.825 0 0
91.325 49.825 0 0
91.225 49.825 0 0
91.125 49.825 0 0
91.025 49.825 0 0
90.925 49.825 0 0
90.825 49.825 0 0
90.725 49.825 0 0
90.625 49.825 0 0
90.525 49.825 0 0
90.425 49.825 0 0
90.325 49.825 0 0
90.225 49.825 0 0
90.125 49.825 0 0
90.025 49.825 0 0
89.925 49.825 0 0
89.825 49.825 0 0
89.725 49.825 0 0
89.625 49.825 0 0
89.525 49.825 0 0
89.425 49.825 0 0
89.325 49.825 0 0
89.225 49.825 0 0
89.125 49.825 0 0
89.025 49.825 0 0
88.925 49.825 0 0
88.825 49.825 0 0
88.725 49.825 0 0
88.625 49.825 0 0
88.525 49.825 0 0
88.425 49.825 0 0
88.325 49.825 0 0
88.225 49.825 0 0
88.125 49.825 0 0
88.025 49.825 0 0
87.925 49.825 0 0
87.825 49.825 0 0
87.725 49.825 0 0
87.625 49.825 0 0
87.525 49.825 0 0
87.425 49.825 0 0
87.325 49.825 0 0
87.225 49.825 0 0
87.125 49.825 0 0
87.025 49.825 0 0
86.925 49.825 0 0
86.825 49.825 0 0
86.725 49.825 0 0
86.625 49.825 0 0
86.525 49.825 0 0
86.425 49.825 0 0
86.325 49.825 0 0
86.225 49.825 0 0
86.125 49.825 0 0
86.025 49.825 0 0
85.925 49.825 0 0
85.825 49.825 0 0
85.725 49.825 0 0
85.625 49.825 0 0
85.525 49.825 0 0
85.425 49.825 0 0
85.325 49.825 0 0
85.225 49.825 0 0
85.125 49.825 0 0
85.025 49.825 0 0
84.925 49.825 0 0
84.825 49.825 0 0
84.725 49.825 0 0
84.625 49.825 0 0
84.525 49.825 0 0
84.425 49.825 0 0
84.325 49.825 0 0
84.225 49.825 0 0
84.125 49.825 0 0
84.025 49.825 0 0
83.925 49.825 0 0
83.825 49.825 0 0
83.725 49.825 0 0
83.625 49.825 0 0
83.525 49.825 0 0
83.425 49.825 0 0
83.325 49.825 0 0
83.225 49.825 0 0
83.125 49.825 0 0
83.025 49.825 0 0
82.925 49.825 0 0
82.825 49.825 0 0
82.725 49.825 0 0
82.625 49.825 0 0
82.525 49.825 0 0
82.425 49.825 0 0
82.325 49.825 0 0
82.225 49.825 0 0
82.125 49.825 0 0
82.025 49.825 0 0
81.925 49.825 0 0
81.825 49.825 0 0
81.725 49.825 0 0
81.625 49.825 0 0
81.525 49.825 0 0
81.425 49.825 0 0
81.325 49.825 0 0
81.225 49.825 0 0
81.125 49.825 0 0
81.025 49.825 0 0
80.925 49.825 0 0
80.825 49.825 0 0
80.725 49.825 0 0
80.625 49.825 0 0
80.525 49.825 0 0
80.425 49.825 0 0
80.325 49.825 0 0
80.225 49.825 0 0
80.125 49.825 0 0
80.025 49.825 0 0
79.925 49.825 0 0
79.825 49.825 0 0
79.725 49.825 0 0
79.625 49.825 0 0
79.525 49.825 0 0
79.425 49.825 0 0
79.325 49.825 0 0
79.225 49.825 0 0
79.125 49.825 0 0
79.025 49.825 0 0
78.925 49.825 0 0
78.825 49.825 0 0
78.725 49.825 0 0
78.625 49.825 0 0
78.525 49.825 0 0
78.425 49.825 0 0
78.325 49.825 0 0
78.225 49.825 0 0
78.125 49.825 0 0
78.025 49.825 0 0
77.925 49.825 0 0
77.825 49.825 0 0
77.725 49.825 0 0
77.625 49.825 0 0
77.525 49.825 0 0
77.425 49.825 0 0
77.325 49.825 0 0
77.225 49.825 0 0
77.125 49.825 0 0
77.025 49.825 0 0
76.925 49.825 0 0
76.825 49.825 0 0
76.725 49.825 0 0
76.625 49.825 0 0
76.525 49.825 0 0
76.425 49.825 0 0
76.325 49.825 0 0
76.225 49.825 0 0
76.125 49.825 0 0
76.025 49.825 0 0
75.925 49.825 0 0
75.825 49.825 0 0
75.725 49.825 0 0
75.625 49.825 0 0
75.525 49.825 0 0
75.425 49.825 0 0
75.325 49.825 0 0
75.225 49.825 0 0
75.125 49.825 0 0
75.025 49.825 0 0
74.925 49.825 0 0
74.825 49.825 0 0
74.725 49.825 0 0
74.625 49.825 0 0
74.525 49.825 0 0
74.425 49.825 0 0
74.325 49.825 0 0
74.225 49.825 0 0
74.125 49.825 0 0
74.025 49.825 0 0
73.925 49.825 0 0
73.825 49.825 0 0
73.725 49.825 0 0
73.625 49.825 0 0
73.525 49.825 0 0
73.425 49.825 0 0
73.325 49.825 0 0
73.225 49.825 0 0
73.125 49.825 0 0
73.025 49.825 0 0
72.925 49.825 0 0
72.825 49.825 0 0
72.725 49.825 0 0
72.625 49.825 0 0
72.525 49.825 0 0
72.425 49.825 0 0
72.325 49.825 0 0
72.225 49.825 0 0
72.125 49.825 0 0
72.025 49.825 0 0
71.925 49.825 0 0
71.825 49.825 0 0
71.725 49.825 0 0
71.625 49.825 0 0
71.525 49.825 0 0
71.425 49.825 0 0
71.325 49.825 0 0
71.225 49.825 0 0
71.125 49.825 0 0
71.025 49.825 0 0
70.925 49.825 0 0
70.825 49.825 0 0
70.725 49.825 0 0
70.625 49.825 0 0
70.525 49.825 0 0
70.425 49.825 0 0
70.325 49.825 0 0
70.225 49.825 0 0
70.125 49.825 0 0
70.025 49.825 0 0
69.925 49.825 0 0
69.825 49.825 0 0
69.725 49.825 0 0
69.625 49.825 0 0
69.525 49.825 0 0
69.425 49.825 0 0
69.325 49.825 0 0
69.225 49.825 0 0
69.125 49.825 0 0
69.025 49.825 0 0
68.925 49.825 0 0
68.825 49.825 0 0
68.725 49.825 0 0
68.625 49.825 0 0
68.525 49.825 0 0
68.425 49.825 0 0
68.325 49.825 0 0
68.225 49.825 0 0
68.125 49.825 0 0
68.025 49.825 0 0
67.925 49.825 0 0
67.825 49.825 0 0
67.725 49.825 0 0
67.625 49.825 0 0
67.525 49.825 0 0
67.425 49.825 0 0
67.325 49.825 0 0
67.225 49.825 0 0
67.125 49.825 0 0
67.025 49.825 0 0
66.925 49.825 0 0
66.825 49.825 0 0
66.725 49.825 0 0
66.625 49.825 0 0
66.525 49.825 0 0
66.425 49.825 0 0
66.325 49.825 0 0
66.225 49.825 0 0
66.125 49.825 0 0
66.025 49.825 0 0
65.925 49.825 0 0
65.825 49.825 0 0
65.725 49.825 0 0
65.625 49.825 0 0
65.525 49.825 0 0
65.425 49.825 0 0
65.325 49.825 0 0
65.225 49.825 0 0
65.125 49.825 0 0
65.025 49.825 0 0
64.925 49.825 0 0
64.825 49.825 0 0
64.725 49.825 0 0
64.625 49.825 0 0
64.525 49.825 0 0
64.425 49.825 0 0
64.325 49.825 0 0
64.225 49.825 0 0
64.125 49.825 0 0
64.025 49.825 0 0
63.925 49.825 0 0
63.825 49.825 0 0
63.725 49.825 0 0
63.625 49.825 0 0
63.525 49.825 0 0
63.425 49.825 0 0
63.325 49.825 0 0
63.225 49.825 0 0
63.125 49.825 0 0
63.025 49.825 0 0
62.925 49.825 0 0
62.825 49.825 0 0
62.725 49.825 0 0
62.625 49.825 0 0
62.525 49.825 0 0
62.425 49.825 0 0
62.325 49.825 0 0
62.225 49.825 0 0
62.125 49.825 0 0
62.025 49.825 0 0
61.925 49.825 0 0
61.825 49.825 0 0
61.725 49.825 0 0
61.625 49.825 0 0
61.525 49.825 0 0
61.425 49.825 0 0
61.325 49.825 0 0
61.225 49.825 0 0
61.125 49.825 0 0
61.025 49.825 0 0
60.925 49.825 0 0
60.825 49.825 0 0
60.725 49.825 0 0
60.625 49.825 0 0
60.525 49.825 0 0
60.425 49.825 0 0
60.325 49.825 0 0
60.225 49.825 0 0
60.125 49.825 0 0
60.025 49.825 0 0
59.925 49.825 0 0
59.825 49.825 0 0
59.725 49.825 0 0
59.625 49.825 0 0
59.525 49.825 0 0
59.425 49.825 0 0
59.325 49.825 0 0
59.225 49.825 0 0
59.125 49.825 0 0
59.025 49.825 0 0
58.925 49.825 0 0
58.825 49.825 0 0
58.725 49.825 0 0
58.625 49.825 0 0
58.525 49.825 0 0
58.425 49.825 0 0
58.325 49.825 0 0
58.225 49.825 0 0
58.125 49.825 0 0
58.025 49.825 0 0
57.925 49.825 0 0
57.825 49.825 0 0
57.725 49.825 0 0
57.625 49.825 0 0
57.525 49.825 0 0
57.425 49.825 0 0
57.325 49.825 0 0
57.225 49.825 0 0
57.125 49.825 0 0
57.025 49.825 0 0
56.925 49.825 0 0
56.825 49.825 0 0
56.725 49.825 0 0
56.625 49.825 0 0
56.525 49.825 0 0
56.425 49.825 0 0
56.325 49.825 0 0
56.225 49.825 0 0
56.125 49.825 0 0
56.025 49.825 0 0
55.925 49.825 0 0
55.825 49.825 0 0
55.725 49.825 0 0
55.625 49.825 0 0
55.525 49.825 0 0
55.425 49.825 0 0
55.325 49.825 0 0
55.225 49.825 0 0
55.125 49.825 0 0
55.025 49.825 0 0
54.925 49.825 0 0
54.825 49.825 0 0
54.725 49.825 0 0
54.625 49.825 0 0
54.525 49.825 0 0
54.425 49.825 0 0
54.325 49.825 0 0
54.225 49.825 0 0
54.125 49.825 0 0
54.025 49.825 0 0
53.925 49.825 0 0
53.825 49.825 0 0
53.725 49.825 0 0
53.625 49.825 0 0
53.525 49.825 0 0
53.425 49.825 0 0
53.325 49.825 0 0
53.225 49.825 0 0
53.125 49.825 0 0
53.025 49.825 0 0
52.925 49.825 0 0
52.825 49.825 0 0
52.725 49.825 0 0
52.625 49.825 0 0
52.525 49.825 0 0
52.425 49.825 0 0
52.325 49.825 0 0
52.225 49.825 0 0
52.125 49.825 0 0
52.025 49.825 0 0
51.925 49.825 0 0
51.825 49.825 0 0
51.725 49.825 0 0
51.625 49.825 0 0
51.525 49.825 0 0
51.425 49.825 0 0
51.325 49.825 0 0
51.225 49.825 0 0
51.125 49.825 0 0
51.025 49.825 0 0
50.925 49.825 0 0
50.825 49.825 0 0
50.725 49.825 0 0
50.625 49.825 0 0
50.525 49.825 0 0
50.425 49.825 0 0
50.325 49.825 0 0
50.225 49.825 0 0
50.125 49.825 0 0
50.025 49.825 0 0
49.925 49.825 0 0
49.825 49.825 0 0
49.725 49.825 0 0
49.625 49.825 0 0
49.525 49.825 0 0
49.425 49.825 0 0
49.325 49.825 0 0
49.225 49.825 0 0
49.125 49.825 0 0
49.025 49.825 0 0
48.925 49.825 0 0
48.825 49.825 0 0
48.725 49.825 0 0
48.625 49.825 0 0
48.525 49.825 0 0
48.425 49.825 0 0
48.325 49.825 0 0
48.225 49.825 0 0
48.125 49.825 0 0
48.025 49.825 0 0
47.925 49.825 0 0
47.825 49.825 0 0
47.725 49.825 0 0
47.625 49.825 0 0
47.525 49.825 0 0
47.425 49.825 0 0
47.325 49.825 0 0
47.225 49.825 0 0
47.125 49.825 0 0
47.025 49.825 0 0
46.925 49.825 0 0
46.825 49.825 0 0
46.725 49.825 0 0
46.625 49.825 0 0
46.525 49.825 0 0
46.425 49.825 0 0
46.325 49.825 0 0
46.225 49.825 0 0
46.125 49.825 0 0
46.025 49.825 0 0
45.925 49.825 0 0
45.825 49.825 0 0
45.725 49.825 0 0
45.625 49.825 0 0
45.525 49.825 0 0
45.425 49.825 0 0
45.325 49.825 0 0
45.225 49.825 0 0
45.125 49.825 0 0
45.025 49.825 0 0
44.925 49.825 0 0
44.825 49.825 0 0
44.725 49.825 0 0
44.625 49.825 0 0
44.525 49.825 0 0
44.425 49.825 0 0
44.325 49.825 0 0
44.225 49.825 0 0
44.125 49.825 0 0
44.025 49.825 0 0
43.925 49.825 0 0
43.825 49.825 0 0
43.725 49.825 0 0
43.625 49.825 0 0
43.525 49.825 0 0
43.425 49.825 0 0
43.325 49.825 0 0
43.225 49.825 0 0
43.125 49.825 0 0
43.025 49.825 0 0
42.925 49.825 0 0
42.825 49.825 0 0
42.725 49.825 0 0
42.625 49.825 0 0
42.525 49.825 0 0
42.425 49.825 0 0
42.325 49.825 0 0
42.225 49.825 0 0
42.125 49.825 0 0
42.025 49.825 0 0
41.925 49.825 0 0
41.825 49.825 0 0
41.725 49.825 0 0
41.625 49.825 0 0
41.525 49.825 0 0
41.425 49.825 0 0
41.325 49.825 0 0
41.225 49.825 0 0
41.125 49.825 0 0
41.025 49.825 0 0
40.925 49.825 0 0
40.825 49.825 0 0
40.725 49.825 0 0
40.625 49.825 0 0
40.525 49.825 0 0
40.425 49.825 0 0
40.325 49.825 0 0
40.225 49.825 0 0
40.125 49.825 0 0
40.025 49.825 0 0
39.925 49.825 0 0
39.825 49.825 0 0
39.725 49.825 0 0
39.625 49.825 0 0
39.525 49.825 0 0
39.425 49.825 0 0
39.325 49.825 0 0
39.225 49.825 0 0
39.125 49.825 0 0
39.025 49.825 0 0
38.925 49.825 0 0
38.825 49.825 0 0
38.725 49.825 0 0
38.625 49.825 0 0
38.525 49.825 0 0
38.425 49.825 0 0
38.325 49.825 0 0
38.225 49.825 0 0
38.125 49.825 0 0
38.025 49.825 0 0
37.925 49.825 0 0
37.825 49.825 0 0
37.725 49.825 0 0
37.625 49.825 0 0
37.525 49.825 0 0
37.425 49.825 0 0
37.325 49.825 0 0
37.225 49.825 0 0
37.125 49.825 0 0
37.025 49.825 0 0
36.925 49.825 0 0
36.825 49.825 0 0
36.725 49.825 0 0
36.625 49.825 0 0
36.525 49.825 0 0
36.425 49.825 0 0
36.325 49.825 0 0
36.225 49.825 0 0
36.125 49.825 0 0
36.025 49.825 0 0
35.925 49.825 0 0
35.825 49.825 0 0
35.725 49.825 0 0
35.625 49.825 0 0
35.525 49.825 0 0
35.425 49.825 0 0
35.325 49.825 0 0
35.225 49.825 0 0
35.125 49.825 0 0
35.025 49.825 0 0
34.925 49.825 0 0
34.825 49.825 0 0
34.725 49.825 0 0
34.625 49.825 0 0
34.525 49.825 0 0
34.425 49.825 0 0
34.325 49.825 0 0
34.225 49.825 0 0
34.125 49.825 0 0
34.025 49.825 0 0
33.925 49.825 0 0
33.825 49.825 0 0
33.725 49.825 0 0
33.625 49.825 0 0
33.525 49.825 0 0
33.425 49.825 0 0
33.325 49.825 0 0
33.225 49.825 0 0
33.125 49.825 0 0
33.025 49.825 0 0
32.925 49.825 0 0
32.825 49.825 0 0
32.725 49.825 0 0
32.625 49.825 0 0
32.525 49.825 0 0
32.425 49.825 0 0
32.325 49.825 0 0
32.225 49.825 0 0
32.125 49.825 0 0
32.025 49.825 0 0
31.925 49.825 0 0
31.825 49.825 0 0
31.725 49.825 0 0
31.625 49.825 0 0
31.525 49.825 0 0
31.425 49.825 0 0
31.325 49.825 0 0
31.225 49.825 0 0
31.125 49.825 0 0
31.025 49.825 0 0
30.925 49.825 0 0
30.825 49.825 0 0
30.725 49.825 0 0
30.625 49.825 0 0
30.525 49.825 0 0
30.425 49.825 0 0
30.325 49.825 0 0
30.225 49.825 0 0
30.125 49.825 0 0
30.025 49.825 0 0
29.925 49.825 0 0
29.825 49.825 0 0
29.725 49.825 0 0
29.625 49.825 0 0
29.525 49.825 0 0
29.425 49.825 0 0
29.325 49.825 0 0
29.225 49.825 0 0
29.125 49.825 0 0
29.025 49.825 0 0
28.925 49.825 0 0
28.825 49.825 0 0
28.725 49.825 0 0
28.625 49.825 0 0
28.525 49.825 0 0
28.425 49.825 0 0
28.325 49.825 0 0
28.225 49.825 0 0
28.125 49.825 0 0
28.025 49.825 0 0
27.925 49.825 0 0
27.825 49.825 0 0
27.725 49.825 0 0
27.625 49.825 0 0
27.525 49.825 0 0
27.425 49.825 0 0
27.325 49.825 0 0
27.225 49.825 0 0
27.125 49.825 0 0
27.025 49.825 0 0
26.925 49.825 0 0
26.825 49.825 0 0
26.725 49.825 0 0
26.625 49.825 0 0
26.525 49.825 0 0
26.425 49.825 0 0
26.325 49.825 0 0
26.225 49.825 0 0
26.125 49.825 0 0
26.025 49.825 0 0
25.925 49.825 0 0
25.825 49.825 0 0
25.725 49.825 0 0
25.625 49.825 0 0
25.525 49.825 0 0
25.425 49.825 0 0
25.325 49.825 0 0
25.225 49.825 0 0
25.125 49.825 0 0
25.025 49.825 0 0
24.925 49.825 0 0
24.825 49.825 0 0
24.725 49.825 0 0
24.625 49.825 0 0
24.525 49.825 0 0
24.425 49.825 0 0
24.325 49.825 0 0
24.225 49.825 0 0
24.125 49.825 0 0
24.025 49.825 0 0
23.925 49.825 0 0
23.825 49.825 0 0
23.725 49.825 0 0
23.625 49.825 0 0
23.525 49.825 0 0
23.425 49.825 0 0
23.325 49.825 0 0
23.225 49.825 0 0
23.125 49.825 0 0
23.025 49.825 0 0
22.925 49.825 0 0
22.825 49.825 0 0
22.725 49.825 0 0
22.625 49.825 0 0
22.525 49.825 0 0
22.425 49.825 0 0
22.325 49.825 0 0
22.225 49.825 0 0
22.125 49.825 0 0
22.025 49.825 0 0
21.925 49.825 0 0
21.825 49.825 0 0
21.725 49.825 0 0
21.625 49.825 0 0
21.525 49.825 0 0
21.425 49.825 0 0
21.325 49.825 0 0
21.225 49.825 0 0
21.125 49.825 0 0
21.025 49.825 0 0
20.925 49.825 0 0
20.825 49.825 0 0
20.725 49.825 0 0
20.625 49.825 0 0
20.525 49.825 0 0
20.425 49.825 0 0
20.325 49.825 0 0
20.225 49.825 0 0
20.125 49.825 0 0
20.025 49.825 0 0
19.925 49.825 0 0
19.825 49.825 0 0
19.725 49.825 0 0
19.625 49.825 0 0
19.525 49.825 0 0
19.425 49.825 0 0
19.325 49.825 0 0
19.225 49.825 0 0
19.125 49.825 0 0
19.025 49.825 0 0
18.925 49.825 0 0
18.825 49.825 0 0
18.725 49.825 0 0
18.625 49.825 0 0
18.525 49.825 0 0
18.425 49.825 0 0
18.325 49.825 0 0
18.225 49.825 0 0
18.125 49.825 0 0
18.025 49.825 0 0
17.925 49.825 0 0
17.825 49.825 0 0
17.725 49.825 0 0
17.625 49.825 0 0
17.525 49.825 0 0
17.425 49.825 0 0
17.325 49.825 0 0
17.225 49.825 0 0
17.125 49.825 0 0
17.025 49.825 0 0
16.925 49.825 0 0
16.825 49.825 0 0
16.725 49.825 0 0
16.625 49.825 0 0
16.525 49.825 0 0
16.425 49.825 0 0
16.325 49.825 0 0
16.225 49.825 0 0
16.125 49.825 0 0
16.025 49.825 0 0
15.925 49.825 0 0
15.825 49.825 0 0
15.725 49.825 0 0
15.625 49.825 0 0
15.525 49.825 0 0
15.425 49.825 0 0
15.325 49.825 0 0
15.225 49.825 0 0
15.125 49.825 0 0
15.025 49.825 0 0
14.925 49.825 0 0
14.825 49.825 0 0
14.725 49.825 0 0
14.625 49.825 0 0
14.525 49.825 0 0
14.425 49.825 0 0
14.325 49.825 0 0
14.225 49.825 0 0
14.125 49.825 0 0
14.025 49.825 0 0
13.925 49.825 0 0
13.825 49.825 0 0
13.725 49.825 0 0
13.625 49.825 0 0
13.525 49.825 0 0
13.425 49.825 0 0
13.325 49.825 0 0
13.225 49.825 0 0
13.125 49.825 0 0
13.025 49.825 0 0
12.925 49.825 0 0
12.825 49.825 0 0
12.725 49.825 0 0
12.625 49.825 0 0
12.525 49.825 0 0
12.425 49.825 0 0
12.325 49.825 0 0
12.225 49.825 0 0
12.125 49.825 0 0
12.025 49.825 0 0
11.925 49.825 0 0
11.825 49.825 0 0
11.725 49.825 0 0
11.625 49.825 0 0
11.525 49.825 0 0
11.425 49.825 0 0
11.325 49.825 0 0
11.225 49.825 0 0
11.125 49.825 0 0
11.025 49.825 0 0
10.925 49.825 0 0
10.825 49.825 0 0
10.725 49.825 0 0
10.625 49.825 0 0
10.525 49.825 0 0
10.425 49.825 0 0
10.325 49.825 0 0
10.225 49.825 0 0
10.125 49.825 0 0
10.025 49.825 0 0
9.925 49.825 0 0
9.825 49.825 0 0
9.725 49.825 0 0
9.625 49.825 0 0
9.525 49.825 0 0
9.425 49.825 0 0
9.325 49.825 0 0
9.225 49.825 0 0
9.125 49.825 0 0
9.025 49.825 0 0
8.925 49.825 0 0
8.825 49.825 0 0
8.725 49.825 0 0
8.625 49.825 0 0
8.525 49.825 0 0
8.425 49.825 0 0
8.325 49.825 0 0
8.225 49.825 0 0
8.125 49.825 0 0
8.025 49.825 0 0
7.925 49.825 0 0
7.825 49.825 0 0
7.725 49.825 0 0
7.625 49.825 0 0
7.525 49.825 0 0
7.425 49.825 0 0
7.325 49.825 0 0
7.225 49.825 0 0
7.125 49.825 0 0
7.025 49.825 0 0
6.925 49.825 0 0
6.825 49.825 0 0
6.725 49.825 0 0
6.625 49.825 0 0
6.525 49.825 0 0
6.425 49.825 0 0
6.325 49.825 0 0
6.225 49.825 0 0
6.125 49.825 0 0
6.025 49.825 0 0
5.925 49.825 0 0
5.825 49.825 0 0
5.725 49.825 0 0
5.625 49.825 0 0
5.525 49.825 0 0
5.425 49.825 0 0
5.325 49.825 0 0
5.225 49.825 0 0
5.125 49.825 0 0
5.025 49.825 0 0
4.925 49.825 0 0
4.825 49.825 0 0
4.725 49.825 0 0
4.625 49.825 0 0
4.525 49.825 0 0
4.425 49.825 0 0
4.325 49.825 0 0
4.225 49.825 0 0
4.125 49.825 0 0
4.025 49.825 0 0
3.925 49.825 0 0
3.825 49.825 0 0
3.725 49.825 0 0
3.625 49.825 0 0
3.525 49.825 0 0
3.425 49.825 0 0
3.325 49.825 0 0
3.225 49.825 0 0
3.125 49.825 0 0
3.025 49.825 0 0
2.925 49.825 0 0
2.825 49.825 0 0
2.725 49.825 0 0
2.625 49.825 0 0
2.525 49.825 0 0
2.425 49.825 0 0
2.325 49.825 0 0
2.225 49.825 0 0
2.125 49.825 0 0
2.025 49.825 0 0
1.925 49.825 0 0
1.825 49.825 0 0
1.725 49.825 0 0
1.625 49.825 0 0
1.525 49.825 0 0
1.425 49.825 0 0
1.325 49.825 0 0
1.225 49.825 0 0
1.125 49.825 0 0
1.025 49.825 0 0
0.925 49.825 0 0
0.825 49.825 0 0
0.725 49.825 0 0
0.625 49.825 0 0
0.525 49.825 0 0
0.425 49.825 0 0
0.325 49.825 0 0
0.225 49.825 0 0
0.125 49.825 0 0
0.025 49.825 0 0
-0.075 49.825 0 0
-0.175 49.825 0 0
-0.275 49.825 0 0
-0.375 49.825 0 0
-0.475 49.825 0 0
-0.575 49.825 0 0
-0.675 49.825 0 0
-0.775 49.825 0 0
-0.875 49.825 0 0
-0.975 49.825 0 0
-1.075 49.825 0 0
-1.4938 50.0746 0 2
-1.5935 50.0735 0 2
-1.6933 50.0716 0 2
-1.793 50.069 0 2
-1.8927 50.0656 0 2
-1.9924 50.0615 0 2
-2.0921 50.0566 0 2
-2.1917 50.051 0 2
-2.2913 50.0446 0 2
-2.3908 50.0375 0 2
-2.4902 50.0297 0 2
-2.5896 50.021 0 2
-2.689 50.0117 0 2
-2.7882 50.0016 0 2
-2.8874 49.9907 0 2
-2.9865 49.9791 0 2
-3.0855 49.9668 0 2
-3.1844 49.9537 0 2
-3.2832 49.9399 0 2
-3.3819 49.9253 0 2
-3.4805 49.91 0 2
-3.579 49.8939 0 2
-3.6773 49.8772 0 2
-3.7756 49.8596 0 2
-3.8736 49.8414 0 2
-3.9716 49.8224 0 2
-4.0694 49.8026 0 2
-4.167 49.7821 0 2
-4.2645 49.7609 0 2
-4.3619 49.739 0 2
-4.459 49.7163 0 2
-4.556 49.6929 0 2
-4.6528 49.6688 0 2
-4.7494 49.6439 0 2
-4.8459 49.6184 0 2
-4.9421 49.592 0 2
-5.0382 49.565 0 2
-5.134 49.5373 0 2
-5.2296 49.5088 0 2
-5.325 49.4796 0 2
-5.4202 49.4497 0 2
-5.5152 49.4191 0 2
-5.6099 49.3878 0 2
-5.7044 49.3557 0 2
-5.7986 49.323 0 2
-5.8926 49.2895 0 2
-5.9864 49.2554 0 2
-6.0798 49.2205 0 2
-6.1731 49.1849 0 2
-6.266 49.1487 0 2
-6.3587 49.1117 0 2
-6.4511 49.074 0 2
-6.5432 49.0357 0 2
-6.635 48.9966 0 2
-6.7265 48.9569 0 2
-6.8177 48.9165 0 2
-6.9086 48.8754 0 2
-6.9992 48.8336 0 2
-7.0895 48.7911 0 2
-7.1795 48.748 0 2
-7.2691 48.7041 0 2
-7.3584 48.6597 0 2
-7.4474 48.6145 0 2
-7.536 48.5687 0 2
-7.6243 48.5222 0 2
-7.7122 48.475 0 2
-7.7998 48.4272 0 2
-7.887 48.3787 0 2
-7.9738 48.3296 0 2
-8.0603 48.2798 0 2
-8.1464 48.2294 0 2
-8.2321 48.1783 0 2
-8.3174 48.1266 0 2
-8.4023 48.0743 0 2
-8.4869 48.0213 0 2
-8.571 47.9676 0 2
-8.6547 47.9134 0 2
-8.7381 47.8585 0 2
-8.821 47.803 0 2
-8.9034 47.7469 0 2
-8.9855 47.6901 0 2
-9.0671 47.6328 0 2
-9.1483 47.5748 0 2
-9.2291 47.5162 0 2
-9.3094 47.457 0 2
-9.3893 47.3972 0 2
-9.4687 47.3368 0 2
-9.5477 47.2758 0 2
-9.6262 47.2143 0 2
-9.7042 47.1521 0 2
-9.7818 47.0893 0 2
-9.8589 47.026 0 2
-9.9355 46.9621 0 2
-10.0116 46.8976 0 2
-10.0873 46.8326 0 2
-10.1624 46.767 0 2
-10.2371 46.7008 0 2
-10.3113 46.634 0 2
-10.3849 46.5667 0 2
-10.4581 46.4989 0 2
-10.5307 46.4305 0 2
-10.6028 46.3615 0 2
-10.6744 46.2921 0 2
-10.7455 46.2221 0 2
-10.8161 46.1515 0 2
-10.8861 46.0804 0 2
-10.9555 46.0088 0 2
-11.0245 45.9367 0 2
-11.0929 45.8641 0 2
-11.1607 45.7909 0 2
-11.228 45.7173 0 2
-11.2948 45.6431 0 2
-11.361 45.5684 0 2
-11.4266 45.4933 0 2
-11.4916 45.4176 0 2
-11.5561 45.3415 0 2
-11.62 45.2649 0 2
-11.6833 45.1878 0 2
-11.7461 45.1102 0 2
-11.8083 45.0322 0 2
-11.8698 44.9537 0 2
-11.9308 44.8747 0 2
-11.9912 44.7953 0 2
-12.051 44.7154 0 2
-12.1102 44.6351 0 2
-12.1688 44.5543 0 2
-12.2268 44.4731 0 2
-12.2841 44.3915 0 2
-12.3409 44.3094 0 2
-12.397 44.227 0 2
-12.4525 44.1441 0 2
-12.5074 44.0607 0 2
-12.5616 43.977 0 2
-12.6153 43.8929 0 2
-12.6683 43.8083 0 2
-12.7206 43.7234 0 2
-12.7723 43.6381 0 2
-12.8234 43.5524 0 2
-12.8738 43.4663 0 2
-12.9236 43.3798 0 2
-12.9727 43.293 0 2
-13.0212 43.2058 0 2
-13.069 43.1182 0 2
-13.1162 43.0303 0 2
-13.1627 42.942 0 2
-13.2085 42.8534 0 2
-13.2537 42.7644 0 2
-13.2981 42.6751 0 2
-13.342 42.5855 0 2
-13.3851 42.4955 0 2
-13.4276 42.4052 0 2
-13.4694 42.3146 0 2
-13.5105 42.2237 0 2
-13.5509 42.1325 0 2
-13.5906 42.041 0 2
-13.6297 41.9492 0 2
-13.668 41.8571 0 2
-13.7057 41.7647 0 2
-13.7427 41.672 0 2
-13.7789 41.5791 0 2
-13.8145 41.4858 0 2
-13.8494 41.3924 0 2
-13.8835 41.2986 0 2
-13.917 41.2046 0 2
-13.9497 41.1104 0 2
-13.9818 41.0159 0 2
-14.0131 40.9212 0 2
-14.0437 40.8262 0 2
-14.0736 40.731 0 2
-14.1028 40.6356 0 2
-14.1313 40.54 0 2
-14.159 40.4442 0 2
-14.186 40.3481 0 2
-14.2124 40.2519 0 2
-14.2379 40.1554 0 2
-14.2628 40.0588 0 2
-14.2869 39.962 0 2
-14.3103 39.865 0 2
-14.333 39.7679 0 2
-14.3549 39.6705 0 2
-14.3761 39.573 0 2
-14.3966 39.4754 0 2
-14.4164 39.3776 0 2
-14.4354 39.2796 0 2
-14.4536 39.1816 0 2
-14.4712 39.0833 0 2
-14.4879 38.985 0 2
-14.504 38.8865 0 2
-14.5193 38.7879 0 2
-14.5339 38.6892 0 2
-14.5477 38.5904 0 2
-14.5608 38.4915 0 2
-14.5731 38.3925 0 2
-14.5847 38.2934 0 2
-14.5956 38.1942 0 2
-14.6057 38.095 0 2
-14.615 37.9956 0 2
-14.6237 37.8962 0 2
-14.6315 37.7968 0 2
-14.6386 37.6973 0 2
-14.645 37.5977 0 2
-14.6506 37.4981 0 2
-14.6555 37.3984 0 2
-14.6596 37.2987 0 2
-14.663 37.199 0 2
-14.6656 37.0993 0 2
-14.6675 36.9995 0 2
-14.6686 36.8998 0 2
-14.669 36.8 0 2
-14.6686 36.7002 0 2
-14.6675 36.6005 0 2
-14.6656 36.5007 0 2
-14.663 36.401 0 2
-14.6596 36.3013 0 2
-14.6555 36.2016 0 2
-14.6506 36.1019 0 2
-14.645 36.0023 0 2
-14.6386 35.9027 0 2
-14.6315 35.8032 0 2
-14.6237 35.7038 0 2
-14.615 35.6044 0 2
-14.6057 35.505 0 2
-14.5956 35.4058 0 2
-14.5847 35.3066 0 2
-14.5731 35.2075 0 2
-14.5608 35.1085 0 2
-14.5477 35.0096 0 2
-14.5339 34.9108 0 2
-14.5193 34.8121 0 2
-14.504 34.7135 0 2
-14.4879 34.615 0 2
-14.4712 34.5167 0 2
-14.4536 34.4184 0 2
-14.4354 34.3204 0 2
-14.4164 34.2224 0 2
-14.3966 34.1246 0 2
-14.3761 34.027 0 2
-14.3549 33.9295 0 2
-14.333 33.8321 0 2
-14.3103 33.735 0 2
-14.2869 33.638 0 2
-14.2628 33.5412 0 2
-14.2379 33.4446 0 2
-14.2124 33.3481 0 2
-14.186 33.2519 0 2
-14.159 33.1558 0 2
-14.1313 33.06 0 2
-14.1028 32.9644 0 2
-14.0736 32.869 0 2
-14.0437 32.7738 0 2
-14.0131 32.6788 0 2
-13.9818 32.5841 0 2
-13.9497 32.4896 0 2
-13.917 32.3954 0 2
-13.8835 32.3014 0 2
-13.8494 32.2076 0 2
-13.8145 32.1142 0 2
-13.7789 32.0209 0 2
-13.7427 31.928 0 2
-13.7057 31.8353 0 2
-13.668 31.7429 0 2
-13.6297 31.6508 0 2
-13.5906 31.559 0 2
-13.5509 31.4675 0 2
-13.5105 31.3763 0 2
-13.4694 31.2854 0 2
-13.4276 31.1948 0 2
-13.3851 31.1045 0 2
-13.342 31.0145 0 2
-13.2981 30.9249 0 2
-13.2537 30.8356 0 2
-13.2085 30.7466 0 2
-13.1627 30.658 0 2
-13.1162 30.5697 0 2
-13.069 30.4818 0 2
-13.0212 30.3942 0 2
-12.9727 30.307 0 2
-12.9236 30.2202 0 2
-12.8738 30.1337 0 2
-12.8234 30.0476 0 2
-12.7723 29.9619 0 2
-12.7206 29.8766 0 2
-12.6683 29.7917 0 2
-12.6153 29.7071 0 2
-12.5616 29.623 0 2
-12.5074 29.5393 0 2
-12.4525 29.4559 0 2
-12.397 29.373 0 2
-12.3409 29.2906 0 2
-12.2841 29.2085 0 2
-12.2268 29.1269 0 2
-12.1688 29.0457 0 2
-12.1102 28.9649 0 2
-12.051 28.8846 0 2
-11.9912 28.8047 0 2
-11.9308 28.7253 0 2
-11.8698 28.6463 0 2
-11.8083 28.5678 0 2
-11.7461 28.4898 0 2
-11.6833 28.4122 0 2
-11.62 28.3351 0 2
-11.5561 28.2585 0 2
-11.4916 28.1824 0 2
-11.4266 28.1067 0 2
-11.361 28.0316 0 2
-11.2948 27.9569 0 2
-11.228 27.8827 0 2
-11.1607 27.8091 0 2
-11.0929 27.7359 0 2
-11.0245 27.6633 0 2
-10.9555 27.5912 0 2
-10.8861 27.5196 0 2
-10.8161 27.4485 0 2
-10.7455 27.3779 0 2
-10.6744 27.3079 0 2
-10.6028 27.2385 0 2
-10.5307 27.1695 0 2
-10.4581 27.1011 0 2
-10.3849 27.0333 0 2
-10.3113 26.966 0 2
-10.2371 26.8992 0 2
-10.1624 26.833 0 2
-10.0873 26.7674 0 2
-10.0116 26.7024 0 2
-9.9355 26.6379 0 2
-9.8589 26.574 0 2
-9.7818 26.5107 0 2
-9.7042 26.4479 0 2
-9.6262 26.3857 0 2
-9.5477 26.3242 0 2
-9.4687 26.2632 0 2
-9.3893 26.2028 0 2
-9.3094 26.143 0 2
-9.2291 26.0838 0 2
-9.1483 26.0252 0 2
-9.0671 25.9672 0 2
-8.9855 25.9099 0 2
-8.9034 25.8531 0 2
-8.821 25.797 0 2
-8.7381 25.7415 0 2
-8.6547 25.6866 0 2
-8.571 25.6324 0 2
-8.4869 25.5787 0 2
-8.4023 25.5257 0 2
-8.3174 25.4734 0 2
-8.2321 25.4217 0 2
-8.1464 25.3706 0 2
-8.0603 25.3202 0 2
-7.9738 25.2704 0 2
-7.887 25.2213 0 2
-7.7998 25.1728 0 2
-7.7122 25.125 0 2
-7.6243 25.0778 0 2
-7.536 25.0313 0 2
-7.4474 24.9855 0 2
-7.3584 24.9403 0 2
-7.2691 24.8959 0 2
-7.1795 24.852 0 2
-7.0895 24.8089 0 2
-6.9992 24.7664 0 2
-6.9086 24.7246 0 2
-6.8177 24.6835 0 2
-6.7265 24.6431 0 2
-6.635 24.6034 0 2
-6.5432 24.5643 0 2
-6.4511 24.526 0 2
-6.3587 24.4883 0 2
-6.266 24.4513 0 2
-6.1731 24.4151 0 2
-6.0798 24.3795 0 2
-5.9864 24.3446 0 2
-5.8926 24.3105 0 2
-5.7986 24.277 0 2
-5.7044 24.2443 0 2
-5.6099 24.2122 0 2
-5.5152 24.1809 0 2
-5.4202 24.1503 0 2
-5.325 24.1204 0 2
-5.2296 24.0912 0 2
-5.134 24.0627 0 2
-5.0382 24.035 0 2
-4.9421 24.008 0 2
-4.8459 23.9816 0 2
-4.7494 23.9561 0 2
-4.6528 23.9312 0 2
-4.556 23.9071 0 2
-4.459 23.8837 0 2
-4.3619 23.861 0 2
-4.2645 23.8391 0 2
-4.167 23.8179 0 2
-4.0694 23.7974 0 2
-3.9716 23.7776 0 2
-3.8736 23.7586 0 2
-3.7756 23.7404 0 2
-3.6773 23.7228 0 2
-3.579 23.7061 0 2
-3.4805 23.69 0 2
-3.3819 23.6747 0 2
-3.2832 23.6601 0 2
-3.1844 23.6463 0 2
-3.0855 23.6332 0 2
-2.9865 23.6209 0 2
-2.8874 23.6093 0 2
-2.7882 23.5984 0 2
-2.689 23.5883 0 2
-2.5896 23.579 0 2
-2.4902 23.5703 0 2
-2.3908 23.5625 0 2
-2.2913 23.5554 0 2
-2.1917 23.549 0 2
-2.0921 23.5434 0 2
-1.9924 23.5385 0 2
-1.8927 23.5344 0 2
-1.793 23.531 0 2
-1.6933 23.5284 0 2
-1.5935 23.5265 0 2
