-13.6293 27.5669 0 1
-13.5235 27.5161 0 1
-13.4695 27.4075 0 1
-13.4493 27.2857 0 1
-13.4342 27.1646 0 1
-13.4184 27.0449 0 1
-13.4016 26.9266 0 1
-13.3847 26.8096 0 1
-13.3691 26.6942 0 1
-13.3568 26.5808 0 1
-13.3459 26.471 0 1
-13.3142 26.3659 0 1
-13.284 26.2602 0 1
-13.2565 26.1556 0 1
-13.2103 26.0578 0 1
-13.1665 25.9574 0 1
-13.1299 25.8544 0 1
-13.0977 25.7521 0 1
-13.0479 25.6574 0 1
-13.0005 25.5605 0 1
-12.9564 25.4631 0 1
-12.8958 25.3749 0 1
-12.8375 25.2828 0 1
-12.7861 25.1866 0 1
-12.7385 25.0901 0 1
-12.6745 25.0037 0 1
-12.6125 24.9141 0 1
-12.5575 24.8201 0 1
-12.5073 24.7259 0 1
-12.4415 24.642 0 1
-12.378 24.5553 0 1
-12.3179 24.4672 0 1
-12.2431 24.3909 0 1
-12.1701 24.3101 0 1
-12.1034 24.2238 0 1
-12.0403 24.1365 0 1
-11.9623 24.0622 0 1
-11.8847 23.9849 0 1
-11.8079 23.9065 0 1
-11.7167 23.8442 0 1
-11.6224 23.7789 0 1
-11.5269 23.7098 0 1
-11.4294 23.6388 0 1
-11.3303 23.5652 0 1
-11.2422 23.4775 0 1
-11.167 23.3817 0 1
-11.1478 23.2632 0 1
-11.1301 23.1496 0 1
-11.0985 23.043 0 1
-11.0476 22.9465 0 1
-10.977 22.8648 0 1
-10.8892 22.8019 0 1
-10.789 22.7594 0 1
-10.6809 22.7346 0 1
-10.5681 22.7201 0 1
-10.4528 22.6976 0 1
-10.3716 22.6128 0 1
-10.3088 22.5134 0 1
-10.255 22.4107 0 1
-10.2056 22.3092 0 1
-10.1407 22.2174 0 1
-10.0774 22.1238 0 1
-10.0174 22.03 0 1
-9.94313 21.9469 0 1
-9.87031 21.8601 0 1
-9.80324 21.7692 0 1
-9.74049 21.6778 0 1
-9.66417 21.5976 0 1
-9.58949 21.5144 0 1
-9.51811 21.43 0 1
-9.43417 21.3578 0 1
-9.3513 21.2814 0 1
-9.27373 21.1999 0 1
-9.20046 21.1172 0 1
-9.11519 21.0473 0 1
-9.03129 20.974 0 1
-8.95066 20.8988 0 1
-8.85911 20.8373 0 1
-8.76831 20.7711 0 1
-8.68225 20.6989 0 1
-8.60053 20.6249 0 1
-8.50837 20.5647 0 1
-8.41734 20.5008 0 1
-8.32945 20.4345 0 1
-8.23214 20.3829 0 1
-8.13511 20.3265 0 1
-8.04218 20.2636 0 1
-7.9533 20.1984 0 1
-7.85539 20.1482 0 1
-7.7581 20.0942 0 1
-7.66354 20.0376 0 1
-7.56106 19.9968 0 1
-7.45815 19.9514 0 1
-7.35809 19.8992 0 1
-7.26102 19.8447 0 1
-7.15647 19.8068 0 1
-7.05117 19.7657 0 1
-6.94667 19.7229 0 1
-6.83577 19.6986 0 1
-6.72122 19.6719 0 1
-6.6045 19.6415 0 1
-6.48598 19.6087 0 1
-6.36683 19.5701 0 1
-6.26373 19.5017 0 1
-6.2221 19.3918 0 1
-6.18914 19.284 0 1
-6.14845 19.1832 0 1
-6.09445 19.0918 0 1
-6.02581 19.013 0 1
-5.94433 18.9493 0 1
-5.85311 18.9014 0 1
-5.7555 18.8692 0 1
-5.65426 18.8519 0 1
-5.55141 18.8502 0 1
-5.4493 18.8657 0 1
-5.35043 18.8989 0 1
-5.25665 18.948 0 1
-5.16772 19.0101 0 1
-5.07959 19.0794 0 1
-4.98119 19.1418 0 1
-4.85633 19.1276 0 1
-4.73779 19.079 0 1
-4.62386 19.0256 0 1
-4.5138 18.971 0 1
-4.40759 18.9175 0 1
-4.29467 18.8819 0 1
-4.18134 18.8451 0 1
-4.07037 18.8041 0 1
-3.9626 18.7615 0 1
-3.84975 18.7359 0 1
-3.73601 18.7079 0 1
-3.62315 18.6783 0 1
-3.50659 18.6669 0 1
-3.38668 18.6535 0 1
-3.26488 18.6366 0 1
-3.14255 18.6153 0 1
-3.02341 18.5801 0 1
-2.93292 18.497 0 1
-2.84478 18.4174 0 1
-2.75011 18.3505 0 1
-2.64768 18.2999 0 1
-2.5392 18.2671 0 1
-2.42704 18.2528 0 1
-2.31352 18.257 0 1
-2.2006 18.279 0 1
-2.08872 18.3151 0 1
-1.97417 18.3548 0 1
-1.84946 18.3551 0 1
-1.72656 18.3172 0 1
-1.60759 18.2724 0 1
-1.49189 18.2258 0 1
-1.37978 18.1797 0 1
-1.26243 18.1512 0 1
-1.14443 18.1217 0 1
-1.02828 18.0883 0 1
-0.915161 18.0533 0 1
-0.798317 18.035 0 1
-0.680342 18.0145 0 1
-0.563094 17.9926 0 1
-0.443457 17.9883 0 1
-0.320225 17.9824 0 1
-0.194879 17.9738 0 1
-0.0683133 17.9637 0 1
0.0585781 17.951 0 1
0.183132 17.9253 0 1
0.282349 17.8508 0 1
0.379092 17.7793 0 1
0.480916 17.7207 0 1
0.588416 17.6777 0 1
0.700276 17.6516 0 1
0.814554 17.6424 0 1
0.92943 17.6503 0 1
1.04332 17.675 0 1
1.15595 17.7133 0 1
1.27087 17.7556 0 1
1.39693 17.7603 0 1
1.52201 17.7275 0 1
1.6425 17.6872 0 1
1.75901 17.6464 0 1
1.87986 17.6227 0 1
2.0015 17.5985 0 1
2.12171 17.571 0 1
2.23922 17.5426 0 1
2.35947 17.5307 0 1
2.48119 17.517 0 1
2.60213 17.4991 0 1
2.72056 17.4792 0 1
2.84052 17.4759 0 1
2.96213 17.4707 0 1
3.08359 17.4644 0 1
3.20509 17.4752 0 1
3.33082 17.4839 0 1
3.45937 17.4838 0 1
3.57989 17.4473 0 1
3.6807 17.3774 0 1
3.78026 17.3121 0 1
3.88432 17.2596 0 1
3.99339 17.2227 0 1
4.1061 17.2022 0 1
4.22077 17.1983 0 1
4.3356 17.2108 0 1
4.44931 17.2391 0 1
4.56195 17.28 0 1
4.67824 17.3216 0 1
4.80559 17.3053 0 1
4.93128 17.275 0 1
5.05616 17.2418 0 1
5.17978 17.208 0 1
5.30103 17.1731 0 1
5.41893 17.1385 0 1
5.54037 17.1212 0 1
5.6626 17.103 0 1
5.7836 17.0813 0 1
5.90189 17.0581 0 1
6.02213 17.0516 0 1
6.14388 17.0435 0 1
6.26535 17.0343 0 1
6.38735 17.0427 0 1
6.51342 17.0502 0 1
6.64221 17.0551 0 1
6.7727 17.0531 0 1
6.89397 17.016 0 1
6.99504 16.9461 0 1
7.09494 16.8809 0 1
7.19933 16.8285 0 1
7.30867 16.7918 0 1
7.42159 16.7713 0 1
7.53646 16.767 0 1
7.65157 16.7788 0 1
7.7658 16.8059 0 1
7.87909 16.8455 0 1
7.99603 16.8856 0 1
8.12344 16.8673 0 1
8.24898 16.835 0 1
8.3736 16.8 0 1
8.4968 16.7642 0 1
8.61731 16.727 0 1
8.73389 16.6897 0 1
8.85422 16.6691 0 1
8.97466 16.6472 0 1
9.09329 16.624 0 1
9.21407 16.6173 0 1
9.33712 16.6085 0 1
9.46051 16.5962 0 1
9.5829 16.5833 0 1
9.70604 16.5878 0 1
9.83246 16.5918 0 1
9.96078 16.5938 0 1
10.0899 16.5924 0 1
10.2178 16.5774 0 1
10.3231 16.5106 0 1
10.4254 16.4461 0 1
10.5316 16.3937 0 1
10.642 16.3562 0 1
10.7557 16.3338 0 1
10.8713 16.3268 0 1
10.9873 16.3356 0 1
11.1024 16.3599 0 1
11.2163 16.3974 0 1
11.3325 16.4391 0 1
11.4606 16.4437 0 1
11.5896 16.4124 0 1
11.7153 16.3752 0 1
11.8379 16.3366 0 1
11.9563 16.2982 0 1
12.0784 16.2762 0 1
12.2004 16.2534 0 1
12.3205 16.2296 0 1
12.4427 16.2218 0 1
12.567 16.2121 0 1
12.6911 16.1988 0 1
12.8135 16.1845 0 1
12.9367 16.1867 0 1
13.0624 16.1878 0 1
13.1887 16.1862 0 1
13.3141 16.1845 0 1
13.4389 16.1986 0 1
13.5677 16.2059 0 1
13.691 16.1761 0 1
13.7962 16.1119 0 1
13.9 16.0519 0 1
14.0075 16.0043 0 1
14.119 15.9718 0 1
14.2333 15.9548 0 1
14.3491 15.9537 0 1
14.4648 15.9682 0 1
14.5791 15.9982 0 1
14.6923 16.0408 0 1
14.8087 16.085 0 1
14.9381 16.0735 0 1
15.0668 16.0492 0 1
15.1952 16.0231 0 1
15.3232 15.9975 0 1
15.4497 15.9722 0 1
15.5737 15.9459 0 1
15.6939 15.9196 0 1
15.8162 15.9104 0 1
15.9387 15.9005 0 1
16.0596 15.8895 0 1
16.181 15.8953 0 1
16.3049 15.8996 0 1
16.4296 15.901 0 1
16.5536 15.9023 0 1
16.6763 15.9212 0 1
16.8028 15.9394 0 1
16.9323 15.9499 0 1
17.0559 15.9237 0 1
17.1614 15.8619 0 1
17.2652 15.8041 0 1
17.3725 15.7591 0 1
17.4835 15.7295 0 1
17.5971 15.7163 0 1
17.7116 15.7198 0 1
17.8252 15.7394 0 1
17.9368 15.7745 0 1
18.0466 15.8221 0 1
18.1601 15.8705 0 1
18.2879 15.8618 0 1
18.415 15.8393 0 1
18.5414 15.8143 0 1
18.6666 15.7888 0 1
18.7892 15.7621 0 1
18.9081 15.7353 0 1
19.0292 15.7258 0 1
19.1506 15.7154 0 1
19.2703 15.704 0 1
19.3906 15.7095 0 1
19.5133 15.7136 0 1
19.6366 15.7145 0 1
19.7589 15.7149 0 1
19.8801 15.7332 0 1
20.0044 15.7516 0 1
20.1306 15.7683 0 1
20.258 15.7816 0 1
20.3853 15.7804 0 1
20.4938 15.7227 0 1
20.5985 15.6657 0 1
20.7061 15.6209 0 1
20.817 15.591 0 1
20.9303 15.5774 0 1
21.0441 15.5807 0 1
21.1567 15.6008 0 1
21.2669 15.6365 0 1
21.3747 15.6853 0 1
21.4846 15.738 0 1
21.6099 15.7536 0 1
21.7391 15.7326 0 1
21.8658 15.7056 0 1
21.9899 15.6774 0 1
22.1106 15.6502 0 1
22.2336 15.6408 0 1
22.3574 15.6315 0 1
22.4802 15.6194 0 1
22.6003 15.6063 0 1
22.721 15.6102 0 1
22.8431 15.6132 0 1
22.9648 15.6155 0 1
23.0852 15.6353 0 1
23.2093 15.6549 0 1
23.3356 15.6732 0 1
23.463 15.6909 0 1
23.5907 15.7058 0 1
23.7181 15.7058 0 1
23.8249 15.647 0 1
23.9272 15.588 0 1
24.0323 15.5403 0 1
24.1411 15.5075 0 1
24.2526 15.4919 0 1
24.3649 15.4943 0 1
24.476 15.5147 0 1
24.5844 15.5514 0 1
24.6902 15.6012 0 1
24.7984 15.6545 0 1
24.9215 15.6695 0 1
25.0466 15.6466 0 1
25.1678 15.6162 0 1
25.2854 15.5859 0 1
25.4061 15.5741 0 1
25.5277 15.5627 0 1
25.6483 15.5485 0 1
25.7664 15.5339 0 1
25.8854 15.5373 0 1
26.006 15.5399 0 1
26.1263 15.5388 0 1
26.2444 15.5363 0 1
26.3614 15.5514 0 1
26.4802 15.5657 0 1
26.5988 15.5794 0 1
26.7143 15.611 0 1
26.8339 15.6417 0 1
26.9577 15.6633 0 1
27.0782 15.6442 0 1
27.1804 15.5839 0 1
27.2794 15.5252 0 1
27.3817 15.4787 0 1
27.4885 15.4489 0 1
27.5982 15.4387 0 1
27.7082 15.4487 0 1
27.8157 15.4778 0 1
27.9193 15.5235 0 1
28.0203 15.5808 0 1
28.1266 15.6369 0 1
28.2506 15.6314 0 1
28.374 15.6098 0 1
28.4968 15.5853 0 1
28.6188 15.5603 0 1
28.7387 15.5344 0 1
28.8555 15.5094 0 1
28.9745 15.5036 0 1
29.0945 15.4979 0 1
29.2137 15.4888 0 1
29.3303 15.4784 0 1
29.447 15.4864 0 1
29.5651 15.4933 0 1
29.6827 15.4997 0 1
29.7982 15.5247 0 1
29.9171 15.5496 0 1
30.0383 15.5724 0 1
30.1608 15.591 0 1
30.2838 15.5926 0 1
30.3876 15.5326 0 1
30.4858 15.4712 0 1
30.5872 15.4213 0 1
30.6932 15.3879 0 1
30.8025 15.3738 0 1
30.9124 15.3803 0 1
31.0201 15.4064 0 1
31.1239 15.4496 0 1
31.2246 15.5053 0 1
31.3284 15.5631 0 1
31.4497 15.5796 0 1
31.575 15.5563 0 1
31.6976 15.526 0 1
31.8178 15.4946 0 1
31.9349 15.4646 0 1
32.0549 15.4538 0 1
32.1761 15.4434 0 1
32.2965 15.4307 0 1
32.4147 15.4178 0 1
32.5335 15.4237 0 1
32.6543 15.4293 0 1
32.7754 15.4323 0 1
32.8951 15.4357 0 1
33.0129 15.458 0 1
33.1335 15.4813 0 1
33.256 15.503 0 1
33.3793 15.5209 0 1
33.5029 15.5221 0 1
33.6059 15.4613 0 1
33.7034 15.3988 0 1
33.804 15.3475 0 1
33.9094 15.3127 0 1
34.0183 15.2973 0 1
34.1281 15.3029 0 1
34.2357 15.3287 0 1
34.3392 15.3718 0 1
34.4395 15.4277 0 1
34.5431 15.4857 0 1
34.6636 15.5029 0 1
34.7875 15.4802 0 1
34.9084 15.4502 0 1
35.0263 15.4184 0 1
35.1405 15.3874 0 1
35.2577 15.3754 0 1
35.3749 15.363 0 1
35.4904 15.35 0 1
35.6065 15.3553 0 1
35.7246 15.3594 0 1
35.8427 15.3594 0 1
35.9588 15.358 0 1
36.0737 15.3749 0 1
36.1903 15.3912 0 1
36.3067 15.4072 0 1
36.4195 15.4417 0 1
36.5364 15.4756 0 1
36.6577 15.5 0 1
36.7767 15.4824 0 1
36.8776 15.4221 0 1
36.9749 15.3629 0 1
37.0757 15.3161 0 1
37.1813 15.2868 0 1
37.2898 15.2782 0 1
37.3979 15.2916 0 1
37.5025 15.3257 0 1
37.6019 15.377 0 1
37.6982 15.4398 0 1
37.8006 15.5007 0 1
37.9237 15.4988 0 1
38.047 15.4805 0 1
38.1701 15.4597 0 1
38.293 15.4395 0 1
38.4149 15.4197 0 1
38.5345 15.399 0 1
38.6506 15.3791 0 1
38.7679 15.3787 0 1
38.8856 15.3783 0 1
39.0019 15.3774 0 1
39.1169 15.3954 0 1
39.2343 15.4128 0 1
39.3526 15.4275 0 1
39.4699 15.4427 0 1
39.5833 15.4772 0 1
39.7 15.5118 0 1
39.8209 15.5374 0 1
39.9393 15.5201 0 1
40.0389 15.4587 0 1
40.1344 15.3979 0 1
40.2336 15.3493 0 1
40.338 15.3187 0 1
40.4456 15.3099 0 1
40.5527 15.324 0 1
40.6557 15.3597 0 1
40.753 15.4131 0 1
40.8472 15.4776 0 1
40.948 15.5393 0 1
41.0694 15.5367 0 1
41.1905 15.5165 0 1
41.311 15.4931 0 1
41.4306 15.4692 0 1
41.548 15.4443 0 1
41.662 15.4201 0 1
41.7779 15.4158 0 1
41.8944 15.4114 0 1
42.0094 15.4065 0 1
42.1237 15.4209 0 1
42.2404 15.4346 0 1
42.3578 15.4452 0 1
42.4739 15.4561 0 1
42.5868 15.4869 0 1
42.7022 15.5191 0 1
42.8196 15.5497 0 1
42.9383 15.5759 0 1
43.0585 15.5833 0 1
43.1595 15.5234 0 1
43.2532 15.4594 0 1
43.3497 15.406 0 1
43.4518 15.3704 0 1
43.5581 15.3568 0 1
43.6647 15.367 0 1
43.7675 15.3999 0 1
43.8644 15.4516 0 1
43.9571 15.5157 0 1
44.0538 15.5809 0 1
44.1709 15.602 0 1
44.2925 15.5804 0 1
44.4114 15.5507 0 1
44.5278 15.5196 0 1
44.6413 15.4901 0 1
44.7578 15.4814 0 1
44.8752 15.4734 0 1
44.9919 15.4624 0 1
45.1061 15.4509 0 1
45.2205 15.4591 0 1
45.3361 15.4672 0 1
45.4511 15.4753 0 1
45.5633 15.5035 0 1
45.6788 15.5327 0 1
45.7964 15.5609 0 1
45.915 15.5885 0 1
46.0342 15.6124 0 1
46.1541 15.6174 0 1
46.2527 15.5543 0 1
46.343 15.4867 0 1
46.4364 15.4294 0 1
46.5364 15.39 0 1
46.6415 15.3738 0 1
46.7475 15.3827 0 1
46.8496 15.4153 0 1
46.9456 15.4671 0 1
47.0374 15.531 0 1
47.134 15.5948 0 1
47.2503 15.6121 0 1
47.3684 15.5844 0 1
47.4821 15.5471 0 1
47.5925 15.5102 0 1
47.7072 15.4935 0 1
47.8229 15.4774 0 1
47.9375 15.4583 0 1
48.0496 15.4386 0 1
48.1631 15.4385 0 1
48.2777 15.4378 0 1
48.3912 15.4365 0 1
48.5035 15.4549 0 1
48.6183 15.4726 0 1
48.7341 15.4873 0 1
48.8489 15.5026 0 1
48.9596 15.5383 0 1
49.0735 15.5743 0 1
49.1918 15.6006 0 1
49.3077 15.5818 0 1
49.403 15.5165 0 1
49.4936 15.4511 0 1
49.5884 15.3977 0 1
49.6897 15.3634 0 1
49.7953 15.3528 0 1
49.9003 15.3676 0 1
50.0004 15.4061 0 1
50.0936 15.4631 0 1
50.1837 15.5305 0 1
50.2821 15.5934 0 1
50.4016 15.588 0 1
50.5203 15.5636 0 1
50.6384 15.5358 0 1
50.7557 15.5078 0 1
50.8713 15.4793 0 1
50.9843 15.4527 0 1
51.0998 15.4472 0 1
51.2164 15.4423 0 1
51.3323 15.4344 0 1
51.4459 15.426 0 1
51.559 15.4375 0 1
51.6734 15.4489 0 1
51.787 15.4604 0 1
51.8973 15.4922 0 1
52.0104 15.5248 0 1
52.1258 15.5554 0 1
52.2428 15.5812 0 1
52.3613 15.5869 0 1
52.4591 15.5237 0 1
52.5487 15.4558 0 1
52.6415 15.3982 0 1
52.7411 15.3589 0 1
52.8459 15.3433 0 1
52.9513 15.3534 0 1
53.0525 15.3876 0 1
53.1471 15.4411 0 1
53.2374 15.5068 0 1
53.3325 15.5727 0 1
53.4486 15.5922 0 1
53.5685 15.5676 0 1
53.6853 15.5348 0 1
53.7999 15.5006 0 1
53.9119 15.4685 0 1
54.0274 15.4577 0 1
54.1441 15.4481 0 1
54.2603 15.4361 0 1
54.3746 15.4247 0 1
54.4891 15.4341 0 1
54.6053 15.4441 0 1
54.7218 15.4516 0 1
54.837 15.46 0 1
54.949 15.4894 0 1
55.0632 15.5207 0 1
55.1792 15.5507 0 1
55.2964 15.5764 0 1
55.415 15.5827 0 1
55.5138 15.5206 0 1
55.6046 15.4541 0 1
55.6984 15.3981 0 1
55.7988 15.3605 0 1
55.904 15.3466 0 1
56.0095 15.3581 0 1
56.1104 15.3933 0 1
56.2047 15.4477 0 1
56.2947 15.514 0 1
56.3895 15.5804 0 1
56.5055 15.6008 0 1
56.6257 15.5774 0 1
56.7427 15.5453 0 1
56.8567 15.5112 0 1
56.9675 15.4784 0 1
57.0817 15.466 0 1
57.1963 15.4539 0 1
57.3092 15.4417 0 1
57.4226 15.4493 0 1
57.538 15.4562 0 1
57.6534 15.4592 0 1
57.7669 15.4613 0 1
57.8783 15.483 0 1
57.9912 15.5048 0 1
58.1037 15.5268 0 1
58.2111 15.5684 0 1
58.3223 15.6097 0 1
58.4388 15.6403 0 1
58.5542 15.6245 0 1
58.6488 15.5594 0 1
58.7375 15.4928 0 1
58.8307 15.4379 0 1
58.9308 15.4026 0 1
59.0356 15.392 0 1
59.1397 15.4082 0 1
59.2381 15.4487 0 1
59.329 15.5079 0 1
59.4165 15.5777 0 1
59.5124 15.6432 0 1
59.6304 15.6399 0 1
59.7477 15.6171 0 1
59.8645 15.591 0 1
59.9807 15.5647 0 1
60.0952 15.5382 0 1
60.2073 15.5141 0 1
60.3216 15.5122 0 1
60.4371 15.5117 0 1
60.5522 15.5086 0 1
60.6657 15.5063 0 1
60.7775 15.5255 0 1
60.8909 15.5457 0 1
61.0049 15.5635 0 1
61.1177 15.5824 0 1
61.2252 15.6226 0 1
61.3356 15.6636 0 1
61.451 15.6943 0 1
61.5651 15.6772 0 1
61.6571 15.6096 0 1
61.7424 15.5397 0 1
61.8323 15.4812 0 1
61.9303 15.4429 0 1
62.0339 15.4313 0 1
62.1367 15.4488 0 1
62.2328 15.4924 0 1
62.3206 15.5547 0 1
62.4052 15.6267 0 1
62.4999 15.6923 0 1
62.6169 15.6854 0 1
62.7325 15.6577 0 1
62.8473 15.626 0 1
62.9612 15.5939 0 1
63.0732 15.5611 0 1
63.1823 15.5299 0 1
63.2949 15.5201 0 1
63.408 15.5108 0 1
63.52 15.5019 0 1
63.6318 15.514 0 1
63.7456 15.5262 0 1
63.86 15.5353 0 1
63.9732 15.5452 0 1
64.0827 15.5769 0 1
64.1944 15.6106 0 1
64.3078 15.6429 0 1
64.4226 15.6703 0 1
64.5391 15.6761 0 1
64.6329 15.6093 0 1
64.7163 15.536 0 1
64.8027 15.4718 0 1
64.8977 15.4262 0 1
65 15.4064 0 1
65.1037 15.416 0 1
65.2021 15.4528 0 1
65.2926 15.5102 0 1
65.3785 15.5792 0 1
65.4714 15.6458 0 1
65.586 15.6617 0 1
65.7024 15.6306 0 1
65.8149 15.5904 0 1
65.925 15.5487 0 1
66.0324 15.5094 0 1
66.145 15.4918 0 1
66.2587 15.4751 0 1
66.3713 15.4554 0 1
66.4814 15.4355 0 1
66.5931 15.4362 0 1
66.7057 15.4369 0 1
66.8174 15.4373 0 1
66.9272 15.4584 0 1
67.0395 15.4795 0 1
67.1528 15.4977 0 1
67.2649 15.5168 0 1
67.3728 15.5548 0 1
67.4862 15.5843 0 1
67.5997 15.5661 0 1
67.6922 15.4988 0 1
67.7786 15.43 0 1
67.87 15.3731 0 1
67.969 15.3361 0 1
68.0731 15.3249 0 1
68.1766 15.3416 0 1
68.274 15.3833 0 1
68.3637 15.4437 0 1
68.4504 15.5138 0 1
68.547 15.5774 0 1
68.6657 15.5695 0 1
68.7835 15.542 0 1
68.9012 15.5114 0 1
69.0188 15.4815 0 1
69.1358 15.4525 0 1
69.2506 15.4231 0 1
69.3624 15.3955 0 1
69.4769 15.3889 0 1
69.592 15.383 0 1
69.7057 15.3774 0 1
69.8188 15.3923 0 1
69.9342 15.4072 0 1
70.0503 15.4196 0 1
70.1652 15.433 0 1
70.2763 15.4673 0 1
70.3904 15.5022 0 1
70.5086 15.5271 0 1
70.6234 15.5062 0 1
70.7157 15.4377 0 1
70.8024 15.3682 0 1
70.8938 15.3105 0 1
70.9929 15.2722 0 1
71.0974 15.2585 0 1
71.202 15.2715 0 1
71.3017 15.3089 0 1
71.3947 15.365 0 1
71.4846 15.4316 0 1
71.5832 15.4932 0 1
71.7014 15.4849 0 1
71.8182 15.4572 0 1
71.9344 15.4263 0 1
72.05 15.3954 0 1
72.164 15.3645 0 1
72.2754 15.3359 0 1
72.39 15.3291 0 1
72.5056 15.3234 0 1
72.6206 15.3149 0 1
72.7333 15.3062 0 1
72.8455 15.3182 0 1
72.9588 15.3304 0 1
73.0715 15.343 0 1
73.1803 15.3764 0 1
73.2918 15.4111 0 1
73.4054 15.4441 0 1
73.5206 15.4721 0 1
73.6376 15.4791 0 1
73.7332 15.4144 0 1
73.8194 15.3438 0 1
73.9087 15.2828 0 1
74.0057 15.2402 0 1
74.109 15.2224 0 1
74.2133 15.2326 0 1
74.3126 15.2688 0 1
74.4043 15.3251 0 1
74.4914 15.3935 0 1
74.5845 15.4604 0 1
74.6994 15.4785 0 1
74.8171 15.4507 0 1
74.9315 15.4142 0 1
75.0436 15.3764 0 1
75.1531 15.3412 0 1
75.2668 15.3278 0 1
75.3818 15.3155 0 1
75.4958 15.3004 0 1
75.6078 15.2856 0 1
75.7205 15.2917 0 1
75.8343 15.2981 0 1
75.9475 15.3051 0 1
76.0578 15.3335 0 1
76.1711 15.3636 0 1
76.2863 15.393 0 1
76.4023 15.4221 0 1
76.519 15.4477 0 1
76.6369 15.4536 0 1
76.7337 15.3896 0 1
76.822 15.3209 0 1
76.9135 15.2625 0 1
77.0121 15.2228 0 1
77.1163 15.2075 0 1
77.2208 15.2192 0 1
77.3204 15.2559 0 1
77.4127 15.3121 0 1
77.5004 15.3802 0 1
77.5939 15.447 0 1
77.7095 15.4654 0 1
77.8283 15.4385 0 1
77.9438 15.4027 0 1
78.0565 15.3651 0 1
78.1659 15.329 0 1
78.2795 15.3133 0 1
78.3935 15.2982 0 1
78.5059 15.2832 0 1
78.6193 15.2883 0 1
78.7346 15.2928 0 1
78.85 15.2936 0 1
78.9634 15.2937 0 1
79.0749 15.3138 0 1
79.188 15.3341 0 1
79.3005 15.3549 0 1
79.4082 15.3955 0 1
79.5195 15.4359 0 1
79.636 15.4658 0 1
79.751 15.449 0 1
79.8444 15.3826 0 1
79.9317 15.3144 0 1
80.0236 15.258 0 1
80.123 15.2211 0 1
80.2273 15.2094 0 1
80.3313 15.2249 0 1
80.4296 15.2651 0 1
80.5204 15.3241 0 1
80.608 15.3934 0 1
80.7045 15.4577 0 1
80.8224 15.4517 0 1
80.9393 15.4259 0 1
81.0555 15.3967 0 1
81.1712 15.3675 0 1
81.2854 15.3383 0 1
81.3972 15.3116 0 1
81.5118 15.307 0 1
81.6276 15.3038 0 1
81.743 15.2983 0 1
81.8568 15.2938 0 1
81.9693 15.3108 0 1
82.0835 15.3288 0 1
82.1983 15.3447 0 1
82.3117 15.362 0 1
82.4203 15.4005 0 1
82.5318 15.4401 0 1
82.6479 15.4698 0 1
82.7625 15.4528 0 1
82.8558 15.3863 0 1
82.9429 15.3181 0 1
83.0345 15.2616 0 1
83.1337 15.2252 0 1
83.2378 15.2147 0 1
83.3412 15.2322 0 1
83.4381 15.2747 0 1
83.5273 15.3358 0 1
83.6134 15.4065 0 1
83.7094 15.4708 0 1
83.8274 15.4636 0 1
83.9441 15.4362 0 1
84.0601 15.4052 0 1
84.1753 15.3739 0 1
84.2886 15.342 0 1
84.399 15.3118 0 1
84.5125 15.3027 0 1
84.6267 15.2942 0 1
84.7397 15.286 0 1
84.8523 15.2984 0 1
84.9672 15.3108 0 1
85.0827 15.3204 0 1
85.1969 15.3308 0 1
85.3075 15.3625 0 1
85.4203 15.3961 0 1
85.5347 15.4286 0 1
85.6505 15.4563 0 1
85.7679 15.4631 0 1
85.863 15.3978 0 1
85.9483 15.3262 0 1
86.0367 15.2641 0 1
86.133 15.2204 0 1
86.236 15.2018 0 1
86.3402 15.2114 0 1
86.4394 15.2473 0 1
86.5311 15.3035 0 1
86.6183 15.3716 0 1
86.7116 15.4381 0 1
86.8264 15.4552 0 1
86.9434 15.4262 0 1
87.0567 15.3882 0 1
87.1672 15.3486 0 1
87.2745 15.3108 0 1
87.3865 15.2943 0 1
87.499 15.2784 0 1
87.6102 15.2629 0 1
87.7224 15.2682 0 1
87.8365 15.2733 0 1
87.9509 15.2751 0 1
88.0637 15.2772 0 1
88.1741 15.3004 0 1
88.2865 15.3245 0 1
88.3997 15.3463 0 1
88.5115 15.3693 0 1
88.6183 15.4109 0 1
88.7309 15.4443 0 1
88.8446 15.4292 0 1
88.9377 15.3634 0 1
89.0242 15.295 0 1
89.1152 15.2381 0 1
89.214 15.2013 0 1
89.3179 15.1909 0 1
89.4208 15.2092 0 1
89.5168 15.2531 0 1
89.6046 15.3158 0 1
89.689 15.3882 0 1
89.7835 15.4545 0 1
89.9018 15.4493 0 1
90.0194 15.4243 0 1
90.1368 15.3962 0 1
90.2543 15.3691 0 1
90.3711 15.3428 0 1
90.4859 15.3163 0 1
90.5976 15.2917 0 1
90.7115 15.2886 0 1
90.8259 15.2863 0 1
90.9391 15.2845 0 1
91.0508 15.3036 0 1
91.1646 15.323 0 1
91.2792 15.34 0 1
91.3926 15.3582 0 1
91.5011 15.3975 0 1
91.6125 15.4379 0 1
91.7287 15.4687 0 1
91.844 15.4535 0 1
91.9394 15.3896 0 1
92.029 15.3242 0 1
92.1229 15.2709 0 1
92.2235 15.2376 0 1
92.3283 15.2297 0 1
92.4317 15.249 0 1
92.5286 15.2926 0 1
92.6176 15.3545 0 1
92.7032 15.4263 0 1
92.7983 15.4925 0 1
92.917 15.4889 0 1
93.0351 15.4656 0 1
93.1528 15.439 0 1
93.27 15.4125 0 1
93.3856 15.386 0 1
93.4986 15.3617 0 1
93.6138 15.3591 0 1
93.7302 15.3576 0 1
93.846 15.3535 0 1
93.9594 15.3492 0 1
94.0717 15.3652 0 1
94.1851 15.3817 0 1
94.2977 15.3985 0 1
94.4058 15.4357 0 1
94.5166 15.4743 0 1
94.6294 15.5112 0 1
94.744 15.5433 0 1
94.861 15.5541 0 1
94.9577 15.4916 0 1
95.0446 15.4221 0 1
95.1342 15.3619 0 1
95.2313 15.3202 0 1
95.3346 15.3039 0 1
95.4385 15.3161 0 1
95.5366 15.3547 0 1
95.6264 15.4136 0 1
95.7113 15.4845 0 1
95.8026 15.5539 0 1
95.9166 15.5755 0 1
96.0346 15.5514 0 1
96.1494 15.5186 0 1
96.2617 15.4847 0 1
96.3715 15.4533 0 1
96.4848 15.4444 0 1
96.5991 15.4367 0 1
96.7126 15.426 0 1
96.8236 15.4152 0 1
96.9345 15.4253 0 1
97.0463 15.4356 0 1
97.1571 15.4458 0 1
97.2642 15.4766 0 1
97.3736 15.5077 0 1
97.4843 15.536 0 1
97.5937 15.5651 0 1
97.6972 15.6125 0 1
97.8071 15.6514 0 1
97.9204 15.6402 0 1
98.0141 15.5758 0 1
98.1002 15.5077 0 1
98.1907 15.4507 0 1
98.2892 15.4144 0 1
98.3929 15.4056 0 1
98.4949 15.4266 0 1
98.5891 15.474 0 1
98.6745 15.5402 0 1
98.7565 15.616 0 1
98.8494 15.6857 0 1
98.9699 15.6812 0 1
99.0836 15.6406 0 1
99.1916 15.5971 0 1
99.305 15.5746 0 1
99.4195 15.5547 0 1
99.5328 15.5336 0 1
99.644 15.514 0 1
99.7566 15.5166 0 1
99.8705 15.5201 0 1
99.9842 15.5204 0 1
100.096 15.5206 0 1
100.206 15.5421 0 1
100.316 15.5642 0 1
100.426 15.5871 0 1
100.531 15.6307 0 1
100.639 15.6745 0 1
100.752 15.7073 0 1
100.866 15.6911 0 1
100.957 15.6228 0 1
101.04 15.5514 0 1
101.128 15.4911 0 1
101.225 15.4514 0 1
101.328 15.4396 0 1
101.43 15.4586 0 1
101.524 15.5047 0 1
101.609 15.5696 0 1
101.692 15.6437 0 1
101.785 15.7107 0 1
101.901 15.7038 0 1
102.016 15.6754 0 1
102.13 15.6431 0 1
102.243 15.6106 0 1
102.355 15.578 0 1
102.465 15.548 0 1
102.578 15.5406 0 1
102.692 15.5344 0 1
102.806 15.5254 0 1
102.918 15.5167 0 1
103.029 15.5294 0 1
103.141 15.5429 0 1
103.253 15.5572 0 1
103.36 15.5932 0 1
103.471 15.6313 0 1
103.584 15.6677 0 1
103.701 15.6947 0 1
103.814 15.6748 0 1
103.905 15.6051 0 1
103.988 15.5334 0 1
104.077 15.4732 0 1
104.174 15.4334 0 1
104.278 15.4207 0 1
104.38 15.4376 0 1
104.477 15.4806 0 1
104.565 15.5426 0 1
104.65 15.6139 0 1
104.745 15.6784 0 1
104.862 15.6697 0 1
104.977 15.6399 0 1
105.091 15.6063 0 1
105.204 15.5722 0 1
105.315 15.5376 0 1
105.424 15.5048 0 1
105.536 15.4935 0 1
105.649 15.4828 0 1
105.761 15.4726 0 1
105.873 15.4835 0 1
105.987 15.4945 0 1
106.101 15.5026 0 1
106.214 15.5116 0 1
106.324 15.5425 0 1
106.436 15.5755 0 1
106.549 15.6073 0 1
106.664 15.6342 0 1
106.781 15.6397 0 1
106.875 15.5732 0 1
106.959 15.5008 0 1
107.047 15.4379 0 1
107.143 15.3938 0 1
107.246 15.3754 0 1
107.35 15.3859 0 1
107.448 15.4232 0 1
107.538 15.4809 0 1
107.624 15.5503 0 1
107.717 15.6177 0 1
107.831 15.6351 0 1
107.948 15.606 0 1
108.061 15.5676 0 1
108.171 15.5274 0 1
108.279 15.489 0 1
108.391 15.4718 0 1
108.503 15.4552 0 1
108.614 15.4389 0 1
108.726 15.4434 0 1
108.841 15.4478 0 1
108.955 15.4487 0 1
109.068 15.4499 0 1
109.179 15.4722 0 1
109.291 15.4954 0 1
109.405 15.5163 0 1
109.517 15.5383 0 1
109.624 15.5789 0 1
109.737 15.6112 0 1
109.851 15.595 0 1
109.943 15.5282 0 1
110.029 15.459 0 1
110.12 15.4013 0 1
110.218 15.3636 0 1
110.322 15.3522 0 1
110.425 15.3696 0 1
110.521 15.4128 0 1
110.609 15.4749 0 1
110.694 15.547 0 1
110.789 15.6135 0 1
110.907 15.6087 0 1
111.024 15.5839 0 1
111.141 15.5561 0 1
111.258 15.5291 0 1
111.375 15.5029 0 1
111.489 15.4764 0 1
111.6 15.4517 0 1
111.714 15.4486 0 1
111.828 15.4463 0 1
111.941 15.4444 0 1
112.052 15.4634 0 1
112.166 15.4827 0 1
112.28 15.4994 0 1
112.393 15.5171 0 1
112.501 15.556 0 1
112.612 15.5958 0 1
112.728 15.6255 0 1
112.843 15.6082 0 1
112.935 15.5413 0 1
113.022 15.4724 0 1
113.113 15.4153 0 1
113.212 15.3783 0 1
113.316 15.3673 0 1
113.419 15.3847 0 1
113.516 15.4274 0 1
113.605 15.4889 0 1
113.69 15.5604 0 1
113.785 15.6264 0 1
113.903 15.6211 0 1
114.019 15.5953 0 1
114.135 15.5657 0 1
114.249 15.5357 0 1
114.362 15.5049 0 1
114.472 15.4757 0 1
114.585 15.4678 0 1
114.699 15.4605 0 1
114.811 15.4534 0 1
114.923 15.4672 0 1
115.037 15.4809 0 1
115.151 15.4917 0 1
115.265 15.5032 0 1
115.374 15.5362 0 1
115.486 15.5711 0 1
115.599 15.6047 0 1
115.714 15.6335 0 1
115.831 15.6411 0 1
115.927 15.5767 0 1
116.013 15.5062 0 1
116.102 15.4453 0 1
116.199 15.403 0 1
116.302 15.386 0 1
116.406 15.3973 0 1
116.505 15.4347 0 1
116.596 15.4923 0 1
116.682 15.5617 0 1
116.774 15.6294 0 1
116.889 15.6477 0 1
117.007 15.6198 0 1
117.121 15.5828 0 1
117.233 15.5444 0 1
117.342 15.5085 0 1
117.456 15.4941 0 1
117.571 15.4808 0 1
117.686 15.4646 0 1
117.797 15.4485 0 1
117.91 15.4531 0 1
118.024 15.4579 0 1
118.138 15.4633 0 1
118.249 15.49 0 1
118.363 15.5182 0 1
118.479 15.5456 0 1
118.596 15.5728 0 1
118.713 15.5964 0 1
118.832 15.6008 0 1
118.928 15.5366 0 1
119.017 15.4678 0 1
119.109 15.4095 0 1
119.208 15.3698 0 1
119.312 15.3541 0 1
119.417 15.3648 0 1
119.518 15.3997 0 1
119.611 15.4539 0 1
119.701 15.5198 0 1
119.796 15.5842 0 1
119.912 15.6002 0 1
120.03 15.5706 0 1
120.143 15.5313 0 1
120.253 15.4925 0 1
120.368 15.4738 0 1
120.484 15.456 0 1
120.6 15.436 0 1
120.713 15.4164 0 1
120.828 15.417 0 1
120.945 15.4177 0 1
121.061 15.4152 0 1
121.175 15.412 0 1
121.288 15.4285 0 1
121.403 15.4451 0 1
121.517 15.4621 0 1
121.626 15.4988 0 1
121.74 15.5351 0 1
121.858 15.5612 0 1
121.974 15.542 0 1
122.068 15.4757 0 1
122.158 15.4086 0 1
122.251 15.3532 0 1
122.351 15.3166 0 1
122.456 15.3037 0 1
122.562 15.3165 0 1
122.662 15.3532 0 1
122.756 15.4085 0 1
122.847 15.4744 0 1
122.947 15.5356 0 1
123.066 15.5283 0 1
123.184 15.5022 0 1
123.301 15.4728 0 1
123.418 15.4433 0 1
123.533 15.4135 0 1
123.645 15.3858 0 1
123.76 15.3793 0 1
123.876 15.3737 0 1
123.992 15.365 0 1
124.105 15.3559 0 1
124.218 15.3669 0 1
124.332 15.3779 0 1
124.446 15.389 0 1
124.556 15.4205 0 1
124.669 15.4529 0 1
124.784 15.4834 0 1
124.901 15.5091 0 1
125.019 15.5148 0 1
125.117 15.4516 0 1
125.207 15.3838 0 1
125.299 15.3265 0 1
125.399 15.2876 0 1
125.504 15.2725 0 1
125.61 15.2831 0 1
125.711 15.3176 0 1
125.805 15.3713 0 1
125.895 15.4371 0 1
125.991 15.5029 0 1
126.107 15.5226 0 1
126.227 15.4983 0 1
126.344 15.4657 0 1
126.459 15.4319 0 1
126.572 15.4002 0 1
126.688 15.3897 0 1
126.805 15.3804 0 1
126.922 15.3688 0 1
127.036 15.3578 0 1
127.151 15.3674 0 1
127.268 15.3776 0 1
127.385 15.3854 0 1
127.5 15.3941 0 1
127.613 15.4236 0 1
127.727 15.455 0 1
127.844 15.4851 0 1
127.961 15.511 0 1
128.08 15.5174 0 1
128.179 15.4554 0 1
128.27 15.3887 0 1
128.364 15.3325 0 1
128.464 15.2945 0 1
128.569 15.28 0 1
128.675 15.2908 0 1
128.776 15.3253 0 1
128.871 15.3789 0 1
128.962 15.4446 0 1
129.057 15.5105 0 1
129.173 15.5306 0 1
129.293 15.5067 0 1
129.41 15.474 0 1
129.524 15.4392 0 1
129.635 15.4054 0 1
129.749 15.3919 0 1
129.863 15.3785 0 1
129.976 15.3649 0 1
130.09 15.3708 0 1
130.205 15.3758 0 1
130.321 15.3767 0 1
130.434 15.3765 0 1
130.546 15.3959 0 1
130.66 15.4151 0 1
130.773 15.4344 0 1
130.882 15.4735 0 1
130.995 15.5124 0 1
131.113 15.5417 0 1
131.23 15.5273 0 1
131.33 15.4674 0 1
131.426 15.4082 0 1
131.525 15.3613 0 1
131.629 15.3333 0 1
131.736 15.3282 0 1
131.842 15.3466 0 1
131.942 15.3872 0 1
132.036 15.4454 0 1
132.126 15.5142 0 1
132.224 15.5793 0 1
132.346 15.5785 0 1
132.468 15.5599 0 1
132.59 15.5386 0 1
132.712 15.518 0 1
132.833 15.498 0 1
132.952 15.4773 0 1
133.068 15.4577 0 1
133.184 15.4579 0 1
133.302 15.4585 0 1
133.417 15.4587 0 1
133.532 15.4782 0 1
133.649 15.4975 0 1
133.766 15.5141 0 1
133.883 15.5314 0 1
133.995 15.5682 0 1
134.11 15.6052 0 1
134.23 15.6329 0 1
134.348 15.6167 0 1
134.446 15.5542 0 1
134.539 15.4912 0 1
134.635 15.4399 0 1
134.738 15.4071 0 1
134.844 15.3972 0 1
134.95 15.4114 0 1
135.052 15.4482 0 1
135.147 15.503 0 1
135.24 15.5687 0 1
135.339 15.6307 0 1
135.459 15.6271 0 1
135.579 15.6052 0 1
135.698 15.5801 0 1
135.815 15.5543 0 1
135.931 15.5274 0 1
136.043 15.5015 0 1
136.158 15.496 0 1
136.273 15.4905 0 1
136.387 15.4846 0 1
136.5 15.4985 0 1
136.615 15.5117 0 1
136.732 15.5216 0 1
136.847 15.5319 0 1
136.958 15.5626 0 1
137.073 15.5947 0 1
137.189 15.6252 0 1
137.306 15.6511 0 1
137.425 15.6575 0 1
137.525 15.596 0 1
137.617 15.53 0 1
137.711 15.4746 0 1
137.812 15.4371 0 1
137.918 15.4226 0 1
138.024 15.4329 0 1
138.126 15.4667 0 1
138.221 15.5195 0 1
138.313 15.5843 0 1
138.409 15.6491 0 1
138.526 15.6684 0 1
138.648 15.6443 0 1
138.766 15.6119 0 1
138.881 15.5779 0 1
138.994 15.5456 0 1
139.11 15.5338 0 1
139.228 15.5226 0 1
139.344 15.5086 0 1
139.458 15.494 0 1
139.573 15.4991 0 1
139.689 15.5039 0 1
139.804 15.5087 0 1
139.918 15.5336 0 1
140.034 15.5595 0 1
140.153 15.5842 0 1
140.273 15.6085 0 1
140.393 15.6294 0 1
140.514 15.6323 0 1
140.614 15.5696 0 1
140.706 15.5037 0 1
140.802 15.4489 0 1
140.904 15.4119 0 1
141.01 15.397 0 1
141.117 15.4055 0 1
141.221 15.4364 0 1
141.319 15.4857 0 1
141.414 15.5472 0 1
141.512 15.6095 0 1
141.63 15.6267 0 1
141.749 15.6 0 1
141.864 15.5637 0 1
141.976 15.5275 0 1
142.092 15.5106 0 1
142.209 15.4941 0 1
142.325 15.4743 0 1
142.438 15.4537 0 1
142.552 15.452 0 1
142.668 15.4492 0 1
142.783 15.4455 0 1
142.896 15.4606 0 1
143.013 15.4749 0 1
143.131 15.4858 0 1
143.248 15.4974 0 1
143.361 15.5288 0 1
143.478 15.5608 0 1
143.6 15.5842 0 1
143.719 15.5663 0 1
143.82 15.5068 0 1
143.919 15.4492 0 1
144.02 15.4043 0 1
144.127 15.3771 0 1
144.236 15.3705 0 1
144.344 15.3856 0 1
144.448 15.421 0 1
144.547 15.4732 0 1
144.643 15.5365 0 1
144.745 15.5975 0 1
144.869 15.5947 0 1
144.993 15.5751 0 1
145.116 15.5526 0 1
145.238 15.5297 0 1
145.359 15.5062 0 1
145.477 15.4837 0 1
145.596 15.4805 0 1
145.717 15.4775 0 1
145.837 15.4716 0 1
145.955 15.4649 0 1
146.072 15.4765 0 1
146.19 15.4877 0 1
146.309 15.4988 0 1
146.424 15.5287 0 1
146.544 15.5593 0 1
146.666 15.5882 0 1
146.79 15.6095 0 1
146.911 15.5904 0 1
147.012 15.5292 0 1
147.109 15.4695 0 1
147.21 15.422 0 1
147.316 15.3918 0 1
147.425 15.3817 0 1
147.534 15.3929 0 1
147.639 15.4242 0 1
147.74 15.4725 0 1
147.838 15.5333 0 1
147.938 15.5959 0 1
148.058 15.618 0 1
148.183 15.6003 0 1
148.305 15.5752 0 1
148.425 15.5486 0 1
148.542 15.5234 0 1
148.661 15.518 0 1
148.781 15.5132 0 1
148.9 15.5057 0 1
149.018 15.4981 0 1
149.135 15.5095 0 1
149.254 15.5207 0 1
149.374 15.5292 0 1
149.492 15.5378 0 1
149.608 15.5656 0 1
149.726 15.5945 0 1
149.846 15.6217 0 1
149.968 15.645 0 1
150.09 15.6511 0 1
150.195 15.594 0 1
150.294 15.5348 0 1
150.395 15.487 0 1
150.501 15.4562 0 1
150.61 15.4454 0 1
150.719 15.456 0 1
150.825 15.4867 0 1
150.927 15.5345 0 1
151.024 15.5947 0 1
151.125 15.6565 0 1
151.245 15.6771 0 1
151.37 15.6573 0 1
151.492 15.6297 0 1
151.61 15.6001 0 1
151.726 15.571 0 1
151.843 15.5606 0 1
151.961 15.5498 0 1
152.077 15.5381 0 1
152.194 15.5444 0 1
152.312 15.5493 0 1
152.431 15.5498 0 1
152.548 15.5489 0 1
152.663 15.5659 0 1
152.781 15.5821 0 1
152.898 15.598 0 1
153.012 15.632 0 1
153.13 15.6654 0 1
153.252 15.6898 0 1
153.373 15.6737 0 1
153.477 15.6167 0 1
153.578 15.5617 0 1
153.682 15.5192 0 1
153.79 15.4938 0 1
153.9 15.4881 0 1
154.009 15.5025 0 1
154.116 15.5355 0 1
154.218 15.5846 0 1
154.317 15.645 0 1
154.422 15.7041 0 1
154.547 15.7018 0 1
154.672 15.6834 0 1
154.796 15.662 0 1
154.92 15.6402 0 1
155.042 15.6175 0 1
155.161 15.5957 0 1
155.282 15.5926 0 1
155.404 15.5897 0 1
155.525 15.5841 0 1
155.644 15.5781 0 1
155.763 15.5905 0 1
155.885 15.6025 0 1
156.006 15.612 0 1
156.127 15.622 0 1
156.246 15.6505 0 1
156.367 15.6791 0 1
156.493 15.6997 0 1
156.615 15.6816 0 1
156.721 15.6248 0 1
156.824 15.571 0 1
156.93 15.5303 0 1
157.04 15.5059 0 1
157.152 15.4998 0 1
157.263 15.5124 0 1
157.372 15.5428 0 1
157.478 15.5889 0 1
157.58 15.647 0 1
157.687 15.7046 0 1
157.813 15.7026 0 1
157.939 15.6853 0 1
158.065 15.6651 0 1
158.19 15.6441 0 1
158.312 15.6218 0 1
158.431 15.5994 0 1
158.551 15.5947 0 1
158.672 15.5892 0 1
158.791 15.5827 0 1
158.91 15.5935 0 1
159.032 15.6031 0 1
159.154 15.6094 0 1
159.276 15.6156 0 1
159.395 15.6398 0 1
159.518 15.6644 0 1
159.642 15.6876 0 1
159.768 15.7075 0 1
159.895 15.7129 0 1
160.006 15.661 0 1
160.113 15.6097 0 1
160.223 15.571 0 1
160.335 15.5476 0 1
160.449 15.5408 0 1
160.562 15.5512 0 1
160.673 15.5784 0 1
160.78 15.6209 0 1
160.885 15.6764 0 1
160.991 15.7357 0 1
161.115 15.7584 0 1
161.246 15.7446 0 1
161.374 15.7245 0 1
161.5 15.7031 0 1
161.622 15.6822 0 1
161.745 15.6792 0 1
161.87 15.6761 0 1
161.993 15.6701 0 1
162.114 15.6628 0 1
162.235 15.6724 0 1
162.357 15.681 0 1
162.479 15.6888 0 1
162.599 15.7138 0 1
162.723 15.7387 0 1
162.849 15.7625 0 1
162.977 15.7858 0 1
163.105 15.8067 0 1
163.234 15.8141 0 1
163.347 15.7648 0 1
163.457 15.7166 0 1
163.569 15.6809 0 1
163.683 15.6603 0 1
163.798 15.6557 0 1
163.912 15.6675 0 1
164.024 15.6953 0 1
164.132 15.7384 0 1
164.238 15.7943 0 1
164.345 15.8544 0 1
164.469 15.8794 0 1
164.599 15.8679 0 1
164.725 15.8489 0 1
164.848 15.8292 0 1
164.972 15.827 0 1
165.096 15.8246 0 1
165.22 15.8192 0 1
165.341 15.812 0 1
165.462 15.8213 0 1
165.583 15.829 0 1
165.704 15.8349 0 1
165.823 15.8572 0 1
165.945 15.8782 0 1
166.069 15.8962 0 1
166.192 15.914 0 1
166.311 15.949 0 1
166.435 15.9837 0 1
166.562 16.0115 0 1
166.689 16.003 0 1
166.804 15.9582 0 1
166.917 15.9178 0 1
167.031 15.8906 0 1
167.147 15.8793 0 1
167.262 15.8841 0 1
167.376 15.9046 0 1
167.487 15.9405 0 1
167.594 15.991 0 1
167.698 16.0534 0 1
167.804 16.1176 0 1
167.934 16.1287 0 1
168.065 16.1266 0 1
168.195 16.1222 0 1
168.325 16.1172 0 1
168.453 16.1111 0 1
168.577 16.1048 0 1
168.7 16.1158 0 1
168.825 16.1264 0 1
168.95 16.1337 0 1
169.072 16.1392 0 1
169.192 16.161 0 1
169.313 16.1816 0 1
169.435 16.2009 0 1
169.552 16.2367 0 1
169.674 16.2722 0 1
169.798 16.3059 0 1
169.924 16.3363 0 1
170.053 16.3527 0 1
170.17 16.312 0 1
170.284 16.2721 0 1
170.398 16.2442 0 1
170.514 16.2315 0 1
170.63 16.2343 0 1
170.744 16.2526 0 1
170.855 16.2866 0 1
170.962 16.336 0 1
171.064 16.3984 0 1
171.168 16.4657 0 1
171.291 16.5008 0 1
171.423 16.5016 0 1
171.553 16.4963 0 1
171.681 16.4891 0 1
171.805 16.4819 0 1
171.929 16.4923 0 1
172.053 16.5025 0 1
172.177 16.5094 0 1
172.299 16.5144 0 1
172.418 16.5358 0 1
172.539 16.5561 0 1
172.661 16.5751 0 1
172.778 16.6109 0 1
172.9 16.6464 0 1
173.024 16.6808 0 1
173.149 16.7144 0 1
173.276 16.7454 0 1
173.404 16.7626 0 1
173.521 16.7223 0 1
173.635 16.6826 0 1
173.749 16.6553 0 1
173.865 16.6429 0 1
173.98 16.6464 0 1
174.093 16.6659 0 1
174.203 16.7014 0 1
174.309 16.7523 0 1
174.41 16.8162 0 1
174.512 16.8848 0 1
174.634 16.9205 0 1
174.765 16.9213 0 1
174.895 16.9152 0 1
175.021 16.9066 0 1
175.143 16.8971 0 1
175.265 16.9049 0 1
175.387 16.9116 0 1
175.508 16.9165 0 1
175.627 16.9378 0 1
175.748 16.9573 0 1
175.87 16.9729 0 1
175.99 16.9866 0 1
176.108 17.0168 0 1
176.229 17.0462 0 1
176.351 17.0727 0 1
176.472 17.0986 0 1
176.589 17.14 0 1
176.711 17.1751 0 1
176.837 17.1726 0 1
176.954 17.1328 0 1
177.068 17.097 0 1
177.182 17.0744 0 1
177.298 17.0678 0 1
177.413 17.0775 0 1
177.525 17.1033 0 1
177.634 17.1444 0 1
177.738 17.2005 0 1
177.837 17.2683 0 1
177.94 17.3382 0 1
178.068 17.3559 0 1
178.198 17.3601 0 1
178.329 17.3616 0 1
178.458 17.3621 0 1
178.585 17.3609 0 1
178.709 17.3593 0 1
178.832 17.375 0 1
178.956 17.3901 0 1
179.08 17.402 0 1
179.202 17.4125 0 1
179.322 17.4395 0 1
179.444 17.4657 0 1
179.568 17.489 0 1
179.69 17.5119 0 1
179.809 17.5515 0 1
179.931 17.5907 0 1
180.058 17.6229 0 1
180.185 17.6183 0 1
180.302 17.5772 0 1
180.416 17.5406 0 1
180.531 17.5174 0 1
180.647 17.5103 0 1
180.763 17.5195 0 1
180.876 17.5447 0 1
180.985 17.586 0 1
181.089 17.6428 0 1
181.188 17.7127 0 1
181.289 17.7865 0 1
181.415 17.8125 0 1
181.543 17.8263 0 1
181.67 17.8377 0 1
181.797 17.8476 0 1
181.921 17.855 0 1
182.041 17.8607 0 1
182.159 17.8837 0 1
182.278 17.9051 0 1
182.395 17.9243 0 1
182.509 17.9598 0 1
182.626 17.9938 0 1
182.744 18.0237 0 1
182.862 18.0524 0 1
182.974 18.0978 0 1
183.09 18.1434 0 1
183.209 18.1869 0 1
183.33 18.2265 0 1
183.454 18.2508 0 1
183.571 18.2154 0 1
183.685 18.18 0 1
183.799 18.1575 0 1
183.914 18.1515 0 1
184.027 18.1629 0 1
184.137 18.1921 0 1
184.241 18.2391 0 1
184.338 18.3028 0 1
184.428 18.3804 0 1
184.517 18.4648 0 1
184.628 18.5225 0 1
184.753 18.5479 0 1
184.877 18.5661 0 1
184.998 18.5809 0 1
185.116 18.5941 0 1
185.229 18.6256 0 1
185.344 18.6559 0 1
185.457 18.6838 0 1
185.564 18.7285 0 1
185.675 18.7719 0 1
185.788 18.8112 0 1
185.901 18.8494 0 1
186.006 18.9052 0 1
186.116 18.9621 0 1
186.229 19.0178 0 1
186.347 19.0689 0 1
186.472 19.086 0 1
186.572 19.0263 0 1
186.663 18.9597 0 1
186.754 18.9005 0 1
186.849 18.8546 0 1
186.95 18.825 0 1
187.052 18.8129 0 1
187.155 18.8176 0 1
187.256 18.8374 0 1
187.354 18.8715 0 1
187.444 18.9209 0 1
187.525 18.9859 0 1
187.592 19.0659 0 1
187.645 19.1585 0 1
187.683 19.2603 0 1
187.714 19.3689 0 1
187.753 19.48 0 1
187.854 19.5517 0 1
187.972 19.5944 0 1
188.09 19.6313 0 1
188.206 19.666 0 1
188.319 19.6969 0 1
188.43 19.7252 0 1
188.533 19.7718 0 1
188.637 19.8167 0 1
188.741 19.8582 0 1
188.836 19.9161 0 1
188.935 19.9717 0 1
189.036 20.0208 0 1
189.138 20.0652 0 1
189.231 20.125 0 1
189.326 20.1824 0 1
189.423 20.236 0 1
189.51 20.3041 0 1
189.601 20.3702 0 1
189.696 20.4298 0 1
189.792 20.4847 0 1
189.878 20.5539 0 1
189.967 20.6209 0 1
190.057 20.6842 0 1
190.136 20.761 0 1
190.22 20.8361 0 1
190.309 20.9051 0 1
190.399 20.9697 0 1
190.477 21.0473 0 1
190.559 21.1231 0 1
190.643 21.1956 0 1
190.714 21.2804 0 1
190.789 21.3641 0 1
190.87 21.4427 0 1
190.953 21.5172 0 1
191.022 21.6035 0 1
191.094 21.6888 0 1
191.169 21.771 0 1
191.229 21.8641 0 1
191.294 21.9568 0 1
191.365 22.0456 0 1
191.437 22.1306 0 1
191.495 22.2258 0 1
191.557 22.3208 0 1
191.62 22.4138 0 1
191.668 22.516 0 1
191.72 22.6193 0 1
191.782 22.719 0 1
191.863 22.8028 0 1
191.978 22.8192 0 1
192.09 22.8247 0 1
192.199 22.8383 0 1
192.302 22.8686 0 1
192.395 22.9193 0 1
192.473 22.9905 0 1
192.531 23.0792 0 1
192.568 23.1802 0 1
192.586 23.2889 0 1
192.592 23.4029 0 1
192.602 23.522 0 1
192.674 23.6218 0 1
192.769 23.7018 0 1
192.863 23.7792 0 1
192.955 23.8575 0 1
193.044 23.9364 0 1
193.132 24.0153 0 1
193.219 24.0932 0 1
193.305 24.1687 0 1
193.392 24.2397 0 1
193.478 24.3072 0 1
193.548 24.3897 0 1
193.619 24.471 0 1
193.692 24.5493 0 1
193.749 24.6396 0 1
193.81 24.7291 0 1
193.878 24.8132 0 1
193.948 24.8927 0 1
194.003 24.9833 0 1
194.061 25.0727 0 1
194.122 25.1592 0 1
194.166 25.2552 0 1
194.216 25.3508 0 1
194.274 25.442 0 1
194.334 25.529 0 1
194.378 25.6252 0 1
194.426 25.7208 0 1
194.476 25.8141 0 1
194.509 25.915 0 1
194.547 26.0164 0 1
194.592 26.1148 0 1
194.64 26.21 0 1
194.67 26.3121 0 1
194.704 26.4146 0 1
194.739 26.5155 0 1
194.756 26.6216 0 1
194.776 26.7296 0 1
194.803 26.8368 0 1
194.83 26.9429 0 1
194.837 27.0528 0 1
194.844 27.1659 0 1
194.855 27.2807 0 1
194.87 27.3967 0 1
194.89 27.5131 0 1
194.933 27.6231 0 1
195.045 27.6494 0 1
195.155 27.6461 0 2
195.259 27.6309 0 2
195.36 27.6096 0 2
195.458 27.5856 0 2
195.555 27.5622 0 2
195.653 27.5433 0 2
195.752 27.5328 0 2
195.852 27.5343 0 2
195.95 27.5508 0 2
196.044 27.5845 0 2
196.129 27.636 0 2
196.201 27.7041 0 2
196.258 27.7861 0 2
196.296 27.8781 0 2
196.314 27.976 0 2
196.315 28.0757 0 2
196.298 28.174 0 2
196.267 28.2689 0 2
196.224 28.3591 0 2
196.172 28.4444 0 2
196.114 28.5251 0 2
196.05 28.6021 0 2
195.983 28.6762 0 2
195.914 28.7487 0 2
195.845 28.8207 0 2
195.776 28.8931 0 2
195.708 28.9671 0 2
195.643 29.0441 0 2
195.58 29.125 0 2
195.521 29.2115 0 2
195.47 29.3065 0 2
195.444 29.4143 0 2
195.509 29.5135 0 2
195.594 29.5977 0 2
195.682 29.6765 0 2
195.759 29.7657 0 2
195.837 29.8549 0 2
195.916 29.9417 0 2
195.982 30.0384 0 2
196.05 30.1349 0 2
196.12 30.229 0 2
196.176 30.3316 0 2
196.235 30.434 0 2
196.295 30.5338 0 2
196.341 30.6406 0 2
196.391 30.747 0 2
196.443 30.8501 0 2
196.481 30.9591 0 2
196.518 31.0685 0 2
196.54 31.1824 0 2
196.567 31.298 0 2
196.595 31.413 0 2
196.607 31.5311 0 2
196.621 31.6517 0 2
196.639 31.7723 0 2
196.657 31.8911 0 2
196.658 32.0113 0 2
196.66 32.1328 0 2
196.663 32.2536 0 2
196.648 32.3738 0 2
196.633 32.4967 0 2
196.62 32.6207 0 2
196.606 32.7437 0 2
196.574 32.8635 0 2
196.541 32.9864 0 2
196.507 33.1114 0 2
196.475 33.2379 0 2
196.461 33.3674 0 2
196.547 33.4406 0 2
196.648 33.4835 0 2
196.75 33.5064 0 2
196.853 33.5096 0 2
196.953 33.4907 0 2
197.044 33.4498 0 2
197.124 33.3903 0 2
197.193 33.3183 0 2
197.254 33.2388 0 2
197.309 33.1556 0 2
197.364 33.0717 0 2
197.421 32.9899 0 2
197.485 32.913 0 2
197.558 32.8448 0 2
197.641 32.7898 0 2
197.734 32.7531 0 2
197.832 32.7391 0 2
197.931 32.7509 0 2
198.023 32.7888 0 2
198.101 32.8503 0 2
198.161 32.9301 0 2
198.199 33.0223 0 2
198.216 33.1207 0 2
198.212 33.2206 0 2
198.192 33.3184 0 2
198.157 33.4123 0 2
198.111 33.5012 0 2
198.057 33.5851 0 2
197.995 33.6642 0 2
197.929 33.7393 0 2
197.859 33.8109 0 2
197.786 33.8798 0 2
197.711 33.9466 0 2
197.635 34.0118 0 2
197.558 34.0759 0 2
197.481 34.139 0 2
197.402 34.2014 0 2
197.323 34.263 0 2
197.243 34.3237 0 2
197.163 34.3833 0 2
197.081 34.4412 0 2
196.998 34.4969 0 2
196.913 34.5496 0 2
196.825 34.5984 0 2
196.734 34.643 0 2
196.64 34.6841 0 2
196.543 34.725 0 2
196.446 34.772 0 2
196.358 34.8409 0 2
196.345 34.9592 0 2
196.355 35.0792 0 2
196.37 35.1974 0 2
196.37 35.3165 0 2
196.37 35.4374 0 2
196.375 35.5578 0 2
196.382 35.6754 0 2
196.372 35.7924 0 2
196.361 35.9093 0 2
196.334 36.0239 0 2
196.308 36.1421 0 2
196.286 36.2616 0 2
196.266 36.3798 0 2
196.229 36.4939 0 2
196.192 36.6099 0 2
196.156 36.7256 0 2
196.103 36.8351 0 2
196.049 36.9477 0 2
195.995 37.062 0 2
195.942 37.1766 0 2
195.887 37.289 0 2
195.815 37.3918 0 2
195.741 37.4961 0 2
195.664 37.6012 0 2
195.585 37.7058 0 2
195.503 37.809 0 2
195.419 37.9101 0 2
195.334 38.0092 0 2
195.25 38.1064 0 2
195.166 38.2003 0 2
195.069 38.2814 0 2
194.972 38.3648 0 2
194.888 38.4623 0 2
194.916 38.5717 0 2
194.972 38.6651 0 2
195.042 38.7442 0 2
195.123 38.8074 0 2
195.215 38.8495 0 2
195.313 38.8661 0 2
195.412 38.8568 0 2
195.507 38.8263 0 2
195.596 38.7801 0 2
195.678 38.7235 0 2
195.756 38.661 0 2
195.833 38.5964 0 2
195.91 38.5332 0 2
195.991 38.475 0 2
196.078 38.4256 0 2
196.171 38.3894 0 2
196.269 38.3708 0 2
196.369 38.3737 0 2
196.465 38.4005 0 2
196.55 38.4513 0 2
196.619 38.5232 0 2
196.666 38.611 0 2
196.689 38.7081 0 2
196.687 38.8078 0 2
196.663 38.9048 0 2
196.621 38.9951 0 2
196.563 39.0767 0 2
196.493 39.1486 0 2
196.415 39.211 0 2
196.331 39.2645 0 2
196.242 39.3103 0 2
196.149 39.3494 0 2
196.055 39.3828 0 2
195.959 39.4118 0 2
195.862 39.437 0 2
195.765 39.4593 0 2
195.666 39.4793 0 2
195.568 39.4975 0 2
195.469 39.5141 0 2
195.37 39.5294 0 2
195.271 39.5435 0 2
195.172 39.5563 0 2
195.072 39.5675 0 2
194.973 39.5769 0 2
194.873 39.5839 0 2
194.773 39.588 0 2
194.672 39.5885 0 2
194.571 39.5852 0 2
194.469 39.5788 0 2
194.364 39.5724 0 2
194.256 39.5726 0 2
194.147 39.5968 0 2
194.083 39.6961 0 2
194.04 39.8079 0 2
194.005 39.9214 0 2
193.972 40.0329 0 2
193.923 40.138 0 2
193.875 40.2443 0 2
193.83 40.3499 0 2
193.77 40.4477 0 2
193.712 40.5478 0 2
193.656 40.6481 0 2
193.586 40.7392 0 2
193.517 40.833 0 2
193.45 40.9272 0 2
193.37 41.0104 0 2
193.289 41.0966 0 2
193.211 41.1858 0 2
193.135 41.2745 0 2
193.046 41.3505 0 2
192.957 41.4282 0 2
192.869 41.5058 0 2
192.769 41.5688 0 2
192.667 41.6337 0 2
192.565 41.701 0 2
192.464 41.7694 0 2
192.363 41.8358 0 2
192.253 41.885 0 2
192.141 41.9341 0 2
192.027 41.9842 0 2
191.914 42.0345 0 2
191.802 42.0851 0 2
191.693 42.134 0 2
191.577 42.1649 0 2
191.46 42.196 0 2
191.345 42.2333 0 2
191.242 42.2924 0 2
191.217 42.4008 0 2
191.223 42.5083 0 2
191.245 42.6104 0 2
191.281 42.706 0 2
191.332 42.793 0 2
191.396 42.8699 0 2
191.47 42.9365 0 2
191.552 42.9939 0 2
191.638 43.0443 0 2
191.727 43.0901 0 2
191.817 43.1343 0 2
191.906 43.1797 0 2
191.993 43.229 0 2
192.076 43.2847 0 2
192.152 43.3487 0 2
192.22 43.4224 0 2
192.274 43.5057 0 2
192.313 43.5976 0 2
192.333 43.6954 0 2
192.33 43.7951 0 2
192.305 43.8916 0 2
192.258 43.9795 0 2
192.192 44.0539 0 2
192.11 44.1112 0 2
192.018 44.1489 0 2
191.92 44.1665 0 2
191.82 44.1647 0 2
191.722 44.1453 0 2
191.628 44.1105 0 2
191.54 44.0629 0 2
191.459 44.005 0 2
191.384 43.939 0 2
191.315 43.8669 0 2
191.25 43.7904 0 2
191.19 43.7109 0 2
191.131 43.6296 0 2
191.074 43.5476 0 2
191.017 43.4658 0 2
190.957 43.3854 0 2
190.895 43.3074 0 2
190.828 43.2329 0 2
190.756 43.1633 0 2
190.678 43.0995 0 2
190.594 43.042 0 2
190.502 42.9918 0 2
190.401 42.9527 0 2
190.291 42.94 0 2
190.202 43.0118 0 2
190.134 43.1035 0 2
190.074 43.1978 0 2
190.002 43.2824 0 2
189.932 43.3695 0 2
189.868 43.4579 0 2
189.79 43.5346 0 2
189.713 43.6112 0 2
189.624 43.6749 0 2
189.537 43.744 0 2
189.453 43.816 0 2
189.359 43.8745 0 2
189.265 43.9368 0 2
189.172 44.0007 0 2
189.07 44.0491 0 2
188.967 44.1006 0 2
188.866 44.1564 0 2
188.766 44.2123 0 2
188.659 44.2509 0 2
188.55 44.2912 0 2
188.444 44.3355 0 2
188.34 44.3805 0 2
188.23 44.4081 0 2
188.12 44.4375 0 2
188.011 44.4686 0 2
187.9 44.4818 0 2
187.787 44.4973 0 2
187.675 44.5144 0 2
187.561 44.5129 0 2
187.445 44.5131 0 2
187.328 44.5173 0 2
187.213 44.5218 0 2
187.098 44.5069 0 2
186.981 44.4917 0 2
186.862 44.4796 0 2
186.743 44.474 0 2
186.627 44.4933 0 2
186.564 44.5855 0 2
186.528 44.6875 0 2
186.509 44.7904 0 2
186.504 44.8926 0 2
186.514 44.993 0 2
186.538 45.0902 0 2
186.573 45.1838 0 2
186.616 45.2737 0 2
186.666 45.3606 0 2
186.719 45.4455 0 2
186.772 45.5299 0 2
186.824 45.6151 0 2
186.873 45.7027 0 2
186.915 45.7934 0 2
186.947 45.8879 0 2
186.968 45.9857 0 2
186.973 46.0854 0 2
186.96 46.1844 0 2
186.928 46.2788 0 2
186.875 46.3636 0 2
186.804 46.4334 0 2
186.718 46.4831 0 2
186.622 46.5092 0 2
186.522 46.5099 0 2
186.425 46.486 0 2
186.337 46.44 0 2
186.26 46.3758 0 2
186.198 46.2978 0 2
186.15 46.2101 0 2
186.116 46.1163 0 2
186.093 46.0189 0 2
186.08 45.9198 0 2
186.074 45.8199 0 2
186.072 45.7199 0 2
186.072 45.6199 0 2
186.071 45.5199 0 2
186.067 45.42 0 2
186.055 45.3207 0 2
186.035 45.2228 0 2
186.004 45.1278 0 2
185.959 45.0374 0 2
185.901 44.9533 0 2
185.83 44.8766 0 2
185.746 44.8101 0 2
185.643 44.7677 0 2
185.541 44.8128 0 2
185.455 44.8842 0 2
185.379 44.9614 0 2
185.292 45.0254 0 2
185.205 45.088 0 2
185.109 45.1353 0 2
185.015 45.1886 0 2
184.925 45.2467 0 2
184.827 45.2892 0 2
184.729 45.3315 0 2
184.624 45.3569 0 2
184.519 45.3878 0 2
184.414 45.4218 0 2
184.304 45.4381 0 2
184.193 45.4573 0 2
184.081 45.4814 0 2
183.971 45.506 0 2
183.859 45.5108 0 2
183.744 45.5163 0 2
183.629 45.5254 0 2
183.516 45.5346 0 2
183.403 45.5235 0 2
183.288 45.5123 0 2
183.173 45.5042 0 2
183.059 45.4959 0 2
182.949 45.467 0 2
182.836 45.437 0 2
182.722 45.4093 0 2
182.609 45.3846 0 2
182.498 45.3606 0 2
182.393 45.3174 0 2
182.287 45.2737 0 2
182.181 45.2302 0 2
182.084 45.1692 0 2
181.981 45.1106 0 2
181.867 45.0746 0 2
181.78 45.1465 0 2
181.719 45.2371 0 2
181.673 45.332 0 2
181.635 45.4278 0 2
181.6 45.5229 0 2
181.561 45.6152 0 2
181.511 45.7014 0 2
181.445 45.7754 0 2
181.361 45.8281 0 2
181.265 45.8501 0 2
181.167 45.8356 0 2
181.081 45.7867 0 2
181.016 45.7117 0 2
180.974 45.6215 0 2
180.952 45.5245 0 2
180.942 45.4253 0 0
180.937 45.3257 0 0
180.927 45.2256 0 0
180.907 45.1254 0 0
180.873 45.026 0 0
180.823 44.9288 0 0
180.747 44.8428 0 0
180.637 44.8348 0 0
180.534 44.8728 0 0
180.438 44.9214 0 0
180.346 44.9738 0 0
180.259 45.0304 0 0
180.177 45.0927 0 0
180.103 45.1607 0 0
180.033 45.2283 0 0
179.948 45.2737 0 0
179.863 45.3209 0 0
179.781 45.3701 0 0
179.69 45.3965 0 0
179.599 45.4266 0 0
179.51 45.4596 0 0
179.415 45.4698 0 0
179.32 45.4864 0 0
179.229 45.5173 0 0
179.142 45.5543 0 0
179.049 45.5697 0 0
178.957 45.59 0 0
178.867 45.6152 0 0
178.774 45.6188 0 0
178.681 45.629 0 0
178.589 45.6459 0 0
178.496 45.6425 0 0
178.403 45.646 0 0
178.311 45.6567 0 0
178.219 45.6473 0 0
178.125 45.6452 0 0
178.033 45.6503 0 0
177.942 45.635 0 0
177.849 45.6257 0 0
177.756 45.6225 0 0
177.666 45.5998 0 0
177.572 45.5858 0 0
177.478 45.5894 0 0
177.386 45.6023 0 0
177.294 45.5958 0 0
177.2 45.5956 0 0
177.109 45.602 0 0
177.017 45.5886 0 0
176.925 45.5828 0 0
176.833 45.585 0 0
176.742 45.5684 0 0
176.65 45.5596 0 0
176.558 45.5589 0 0
176.469 45.5395 0 0
176.377 45.5278 0 0
176.285 45.5242 0 0
176.196 45.5022 0 0
176.104 45.4879 0 0
176.013 45.4816 0 0
175.924 45.456 0 0
175.833 45.4368 0 0
175.742 45.4242 0 0
175.655 45.3933 0 0
175.563 45.3715 0 0
175.469 45.3678 0 0
175.377 45.3741 0 0
175.286 45.3617 0 0
175.193 45.3558 0 0
175.101 45.3568 0 0
175.011 45.3384 0 0
174.92 45.3276 0 0
174.828 45.325 0 0
174.739 45.3041 0 0
174.647 45.291 0 0
174.555 45.286 0 0
174.467 45.2628 0 0
174.375 45.2473 0 0
174.284 45.2397 0 0
174.196 45.213 0 0
174.106 45.1927 0 0
174.015 45.1789 0 0
173.928 45.1469 0 0
173.837 45.124 0 0
173.743 45.1194 0 0
173.65 45.1246 0 0
173.559 45.1112 0 0
173.467 45.1042 0 0
173.375 45.1041 0 0
173.286 45.0845 0 0
173.194 45.0724 0 0
173.102 45.0685 0 0
173.013 45.0461 0 0
172.922 45.0313 0 0
172.83 45.0247 0 0
172.742 44.9996 0 0
172.651 44.982 0 0
172.56 44.9723 0 0
172.473 44.9432 0 0
172.383 44.9204 0 0
172.292 44.9039 0 0
172.206 44.869 0 0
172.116 44.8428 0 0
172.022 44.8345 0 0
171.93 44.8359 0 0
171.839 44.8183 0 0
171.747 44.8067 0 0
171.655 44.8017 0 0
171.567 44.7769 0 0
171.476 44.7593 0 0
171.384 44.7495 0 0
171.297 44.7208 0 0
171.207 44.6992 0 0
171.116 44.6852 0 0
171.03 44.6522 0 0
170.941 44.6261 0 0
170.85 44.6075 0 0
170.766 44.57 0 0
170.679 44.5391 0 0
170.589 44.5153 0 0
170.508 44.4721 0 0
170.423 44.4339 0 0
170.336 44.4012 0 0
170.258 44.3499 0 0
170.174 44.3052 0 0
170.084 44.276 0 0
169.993 44.2552 0 0
169.91 44.2146 0 0
169.823 44.1784 0 0
169.735 44.1475 0 0
169.657 44.097 0 0
169.575 44.0514 0 0
169.491 44.0117 0 0
169.418 43.9537 0 0
169.341 43.8999 0 0
169.261 43.8516 0 0
169.195 43.7858 0 0
169.124 43.7236 0 0
169.05 43.666 0 0
168.993 43.5919 0 0
168.932 43.5194 0 0
168.868 43.4499 0 0
168.823 43.3662 0 0
168.773 43.284 0 0
168.711 43.2098 0 0
168.646 43.1401 0 0
168.602 43.0564 0 0
168.554 42.9731 0 0
168.505 42.8917 0 0
168.479 42.7997 0 0
168.451 42.707 0 0
168.42 42.6149 0 0
168.414 42.5165 0 0
168.404 42.4147 0 0
168.381 42.3114 0 0
168.341 42.2088 0 0
168.267 42.1218 0 0
168.164 42.0774 0 0
168.056 42.12 0 0
167.969 42.1863 0 0
167.897 42.2636 0 0
167.838 42.3481 0 0
167.786 42.4346 0 0
167.728 42.5151 0 0
167.65 42.5757 0 0
167.554 42.5946 0 0
167.464 42.5564 0 0
167.412 42.4737 0 0
167.404 42.3753 0 0
167.426 42.2782 0 0
167.458 42.1826 0 0
167.485 42.0842 0 0
167.5 41.9805 0 0
167.495 41.8726 0 0
167.458 41.7667 0 0
167.36 41.713 0 0
167.239 41.7208 0 0
167.125 41.7617 0 0
167.016 41.8099 0 0
166.911 41.8615 0 0
166.811 41.9168 0 0
166.717 41.9763 0 0
166.628 42.0368 0 0
166.531 42.08 0 0
166.435 42.1269 0 0
166.344 42.1775 0 0
166.245 42.2121 0 0
166.149 42.2526 0 0
166.057 42.2985 0 0
165.958 42.3293 0 0
165.861 42.3668 0 0
165.768 42.4101 0 0
165.67 42.4385 0 0
165.572 42.4739 0 0
165.478 42.5153 0 0
165.379 42.5417 0 0
165.281 42.5751 0 0
165.186 42.6145 0 0
165.086 42.6385 0 0
164.987 42.6691 0 0
164.889 42.7049 0 0
164.788 42.7244 0 0
164.685 42.7508 0 0
164.586 42.7878 0 0
164.491 42.83 0 0
164.391 42.8563 0 0
164.292 42.8883 0 0
164.197 42.9257 0 0
164.096 42.9477 0 0
163.997 42.9765 0 0
163.901 43.0115 0 0
163.8 43.0312 0 0
163.7 43.0581 0 0
163.604 43.0912 0 0
163.503 43.1089 0 0
163.402 43.1338 0 0
163.305 43.1649 0 0
163.203 43.1802 0 0
163.101 43.202 0 0
163.002 43.2293 0 0
162.899 43.24 0 0
162.795 43.2574 0 0
162.693 43.2857 0 0
162.595 43.3198 0 0
162.494 43.3373 0 0
162.392 43.3606 0 0
162.294 43.3898 0 0
162.193 43.403 0 0
162.091 43.4231 0 0
161.993 43.4498 0 0
161.891 43.4608 0 0
161.79 43.4789 0 0
161.691 43.5037 0 0
161.589 43.5129 0 0
161.487 43.5292 0 0
161.388 43.5522 0 0
161.286 43.5594 0 0
161.184 43.5737 0 0
161.084 43.5946 0 0
160.981 43.5994 0 0
160.878 43.6106 0 0
160.777 43.6274 0 0
160.673 43.6273 0 0
160.568 43.6338 0 0
160.464 43.6515 0 0
160.364 43.6753 0 0
160.261 43.6822 0 0
160.158 43.6948 0 0
160.057 43.7136 0 0
159.955 43.716 0 0
159.853 43.7254 0 0
159.752 43.7415 0 0
159.65 43.7416 0 0
159.547 43.7488 0 0
159.446 43.7628 0 0
159.344 43.7608 0 0
159.241 43.7657 0 0
159.14 43.7774 0 0
159.038 43.7726 0 0
158.934 43.7742 0 0
158.831 43.7815 0 0
158.729 43.7718 0 0
158.623 43.7685 0 0
158.518 43.7766 0 0
158.416 43.791 0 0
158.313 43.7884 0 0
158.21 43.7916 0 0
158.108 43.8011 0 0
158.006 43.794 0 0
157.903 43.7938 0 0
157.802 43.8004 0 0
157.701 43.7909 0 0
157.598 43.7884 0 0
157.496 43.7929 0 0
157.395 43.7813 0 0
157.293 43.7765 0 0
157.191 43.7788 0 0
157.09 43.7651 0 0
156.988 43.7581 0 0
156.886 43.7579 0 0
156.785 43.7412 0 0
156.682 43.7307 0 0
156.579 43.7259 0 0
156.479 43.7042 0 0
156.375 43.6887 0 0
156.27 43.6845 0 0
156.167 43.687 0 0
156.065 43.6724 0 0
155.962 43.6634 0 0
155.86 43.6609 0 0
155.76 43.6419 0 0
155.658 43.6295 0 0
155.556 43.6241 0 0
155.457 43.6026 0 0
155.356 43.5879 0 0
155.254 43.5802 0 0
155.156 43.5566 0 0
155.054 43.5395 0 0
154.953 43.5292 0 0
154.855 43.5026 0 0
154.753 43.4818 0 0
154.652 43.4667 0 0
154.554 43.4349 0 0
154.452 43.4088 0 0
154.348 43.3939 0 0
154.245 43.3858 0 0
154.146 43.3606 0 0
154.044 43.3407 0 0
153.943 43.3273 0 0
153.845 43.2973 0 0
153.745 43.2734 0 0
153.644 43.2559 0 0
153.548 43.2222 0 0
153.448 43.1941 0 0
153.347 43.172 0 0
153.252 43.1326 0 0
153.152 43.0972 0 0
153.051 43.0654 0 0
152.958 43.0148 0 0
152.859 42.9652 0 0
152.756 42.9199 0 0
152.65 42.8777 0 0
152.541 42.8372 0 0
152.429 42.7983 0 0
152.314 42.7666 0 0
152.197 42.775 0 0
152.118 42.8587 0 0
152.057 42.9504 0 0
151.999 43.0387 0 0
151.935 43.1187 0 0
151.859 43.1849 0 0
151.77 43.2311 0 0
151.673 43.2526 0 0
151.573 43.2475 0 0
151.479 43.2166 0 0
151.395 43.1631 0 0
151.325 43.0913 0 0
151.27 43.0067 0 0
151.225 42.9138 0 0
151.185 42.8163 0 0
151.139 42.7168 0 0
151.072 42.6247 0 0
150.953 42.6074 0 0
150.832 42.6316 0 0
150.716 42.6642 0 0
150.602 42.6996 0 0
150.491 42.7383 0 0
150.385 42.7813 0 0
150.284 42.8262 0 0
150.178 42.8537 0 0
150.073 42.8852 0 0
149.972 42.9212 0 0
149.866 42.9414 0 0
149.762 42.9675 0 0
149.66 42.9993 0 0
149.555 43.0157 0 0
149.449 43.0383 0 0
149.346 43.0661 0 0
149.24 43.0781 0 0
149.132 43.0965 0 0
149.027 43.1249 0 0
148.926 43.1587 0 0
148.821 43.1769 0 0
148.717 43.2009 0 0
148.615 43.2308 0 0
148.511 43.2455 0 0
148.407 43.2671 0 0
148.305 43.2951 0 0
148.201 43.3083 0 0
148.096 43.3285 0 0
147.994 43.3553 0 0
147.89 43.3673 0 0
147.785 43.3865 0 0
147.683 43.4122 0 0
147.578 43.423 0 0
147.473 43.4409 0 0
147.371 43.4652 0 0
147.266 43.4743 0 0
147.16 43.4899 0 0
147.056 43.5112 0 0
146.949 43.5165 0 0
146.842 43.5283 0 0
146.735 43.5505 0 0
146.633 43.5784 0 0
146.527 43.5905 0 0
146.422 43.6085 0 0
146.319 43.6325 0 0
146.214 43.6411 0 0
146.109 43.6567 0 0
146.006 43.6787 0 0
145.901 43.6858 0 0
145.796 43.6999 0 0
145.693 43.7207 0 0
145.588 43.7264 0 0
145.482 43.7391 0 0
145.379 43.7584 0 0
145.273 43.7622 0 0
145.167 43.7726 0 0
145.062 43.7886 0 0
144.956 43.7886 0 0
144.848 43.795 0 0
144.741 43.8119 0 0
144.637 43.8347 0 0
144.531 43.8416 0 0
144.425 43.8543 0 0
144.322 43.8731 0 0
144.217 43.8765 0 0
144.111 43.8868 0 0
144.007 43.9037 0 0
143.903 43.9056 0 0
143.797 43.9145 0 0
143.693 43.9302 0 0
143.589 43.9309 0 0
143.483 43.9386 0 0
143.379 43.9532 0 0
143.274 43.9526 0 0
143.168 43.959 0 0
143.064 43.9721 0 0
142.959 43.9696 0 0
142.852 43.9735 0 0
142.747 43.9833 0 0
142.641 43.9768 0 0
142.533 43.9766 0 0
142.425 43.9868 0 0
142.32 44.003 0 0
142.214 44.0029 0 0
142.107 44.0084 0 0
142.003 44.0199 0 0
141.898 44.0156 0 0
141.791 44.0178 0 0
141.687 44.0264 0 0
141.582 44.0195 0 0
141.476 44.0192 0 0
141.371 44.0254 0 0
141.266 44.0161 0 0
141.16 44.0134 0 0
141.055 44.0171 0 0
140.951 44.0052 0 0
140.844 43.9993 0 0
140.738 43.9991 0 0
140.634 43.9827 0 0
140.526 43.9723 0 0
140.418 43.9724 0 0
140.312 43.9787 0 0
140.207 43.9688 0 0
140.101 43.9647 0 0
139.996 43.9671 0 0
139.892 43.9539 0 0
139.786 43.9474 0 0
139.682 43.9479 0 0
139.578 43.9332 0 0
139.473 43.9253 0 0
139.368 43.9246 0 0
139.265 43.9087 0 0
139.16 43.8996 0 0
139.055 43.8975 0 0
138.952 43.8804 0 0
138.847 43.8699 0 0
138.742 43.8663 0 0
138.639 43.8473 0 0
138.533 43.8343 0 0
138.428 43.8273 0 0
138.325 43.8042 0 0
138.219 43.787 0 0
138.111 43.7802 0 0
138.005 43.78 0 0
137.901 43.7635 0 0
137.795 43.7527 0 0
137.691 43.7485 0 0
137.588 43.7288 0 0
137.483 43.7156 0 0
137.378 43.7094 0 0
137.276 43.688 0 0
137.172 43.6733 0 0
137.067 43.6656 0 0
136.965 43.6427 0 0
136.861 43.6263 0 0
136.756 43.6167 0 0
136.654 43.5916 0 0
136.55 43.5722 0 0
136.444 43.5584 0 0
136.342 43.5282 0 0
136.237 43.5033 0 0
136.129 43.4881 0 0
136.022 43.4781 0 0
135.918 43.4505 0 0
135.811 43.4266 0 0
135.703 43.4062 0 0
135.6 43.3671 0 0
135.493 43.3296 0 0
135.38 43.2964 0 0
135.265 43.2668 0 0
135.145 43.2453 0 0
135.026 43.2633 0 0
134.951 43.3509 0 0
134.89 43.4435 0 0
134.829 43.5305 0 0
134.759 43.6074 0 0
134.677 43.6694 0 0
134.586 43.7123 0 0
134.487 43.7344 0 0
134.387 43.7358 0 0
134.288 43.7176 0 0
134.194 43.6804 0 0
134.11 43.6245 0 0
134.038 43.5521 0 0
133.978 43.4675 0 0
133.926 43.3746 0 0
133.873 43.2774 0 0
133.803 43.1857 0 0
133.683 43.1644 0 0
133.56 43.1823 0 0
133.439 43.2074 0 0
133.32 43.2343 0 0
133.203 43.2627 0 0
133.088 43.2938 0 0
132.977 43.3286 0 0
132.871 43.3646 0 0
132.76 43.3821 0 0
132.649 43.4028 0 0
132.54 43.4312 0 0
132.436 43.464 0 0
132.329 43.4807 0 0
132.222 43.5027 0 0
132.118 43.5302 0 0
132.012 43.5426 0 0
131.906 43.5616 0 0
131.802 43.5868 0 0
131.696 43.5973 0 0
131.59 43.6147 0 0
131.487 43.6384 0 0
131.381 43.6474 0 0
131.274 43.6633 0 0
131.17 43.6857 0 0
131.064 43.6931 0 0
130.957 43.7071 0 0
130.851 43.7267 0 0
130.743 43.7308 0 0
130.634 43.7412 0 0
130.527 43.7618 0 0
130.422 43.788 0 0
130.315 43.7988 0 0
130.209 43.8155 0 0
130.105 43.8381 0 0
129.998 43.8459 0 0
129.892 43.8605 0 0
129.788 43.8816 0 0
129.682 43.888 0 0
129.576 43.9015 0 0
129.472 43.9215 0 0
129.367 43.9269 0 0
129.26 43.9392 0 0
129.156 43.9583 0 0
129.05 43.9626 0 0
128.944 43.9739 0 0
128.839 43.9917 0 0
128.732 43.9946 0 0
128.625 44.0039 0 0
128.519 44.019 0 0
128.411 44.0184 0 0
128.302 44.0242 0 0
128.194 44.0401 0 0
128.088 44.0619 0 0
127.981 44.0681 0 0
127.874 44.0802 0 0
127.769 44.0985 0 0
127.663 44.1016 0 0
127.556 44.1116 0 0
127.452 44.1283 0 0
127.346 44.13 0 0
127.239 44.1387 0 0
127.135 44.154 0 0
127.029 44.1545 0 0
126.922 44.1618 0 0
126.816 44.1758 0 0
126.71 44.1747 0 0
126.602 44.1799 0 0
126.496 44.1911 0 0
126.389 44.1865 0 0
126.279 44.1882 0 0
126.171 44.2001 0 0
126.065 44.2179 0 0
125.958 44.2201 0 0
125.85 44.2282 0 0
125.745 44.2425 0 0
125.639 44.2416 0 0
125.532 44.2476 0 0
125.427 44.2603 0 0
125.321 44.258 0 0
125.214 44.2625 0 0
125.109 44.2736 0 0
125.003 44.2696 0 0
124.896 44.2722 0 0
124.791 44.2813 0 0
124.685 44.2751 0 0
124.578 44.2755 0 0
124.472 44.2823 0 0
124.366 44.2735 0 0
124.258 44.2707 0 0
124.151 44.2734 0 0
124.044 44.2601 0 0
123.935 44.2524 0 0
123.826 44.2547 0 0
123.719 44.263 0 0
123.612 44.2552 0 0
123.504 44.2533 0 0
123.398 44.2578 0 0
123.293 44.2469 0 0
123.186 44.2427 0 0
123.08 44.2453 0 0
122.975 44.233 0 0
122.868 44.2275 0 0
122.762 44.2289 0 0
122.657 44.2153 0 0
122.551 44.2084 0 0
122.445 44.2084 0 0
122.34 44.1931 0 0
122.233 44.184 0 0
122.126 44.1809 0 0
122.02 44.162 0 0
121.912 44.1491 0 0
121.803 44.1465 0 0
121.696 44.1502 0 0
121.59 44.1382 0 0
121.483 44.1319 0 0
121.377 44.1322 0 0
121.272 44.1173 0 0
121.165 44.109 0 0
121.06 44.1077 0 0
120.956 44.0915 0 0
120.849 44.0821 0 0
120.744 44.0796 0 0
120.64 44.0624 0 0
120.534 44.0519 0 0
120.428 44.0484 0 0
120.324 44.03 0 0
120.218 44.0183 0 0
120.112 44.0134 0 0
120.008 43.9934 0 0
119.902 43.9795 0 0
119.795 43.9715 0 0
119.691 43.9478 0 0
119.583 43.9298 0 0
119.475 43.922 0 0
119.367 43.9205 0 0
119.262 43.9029 0 0
119.154 43.8909 0 0
119.048 43.8851 0 0
118.943 43.8636 0 0
118.836 43.8481 0 0
118.729 43.8385 0 0
118.625 43.8129 0 0
118.517 43.7921 0 0
118.409 43.7755 0 0
118.303 43.7408 0 0
118.193 43.7083 0 0
118.079 43.6804 0 0
117.962 43.6555 0 0
117.843 43.633 0 0
117.72 43.6179 0 0
117.601 43.6411 0 0
117.528 43.7312 0 0
117.469 43.8254 0 0
117.407 43.9135 0 0
117.338 43.9911 0 0
117.257 44.0544 0 0
117.166 44.0997 0 0
117.068 44.1258 0 0
116.967 44.1323 0 0
116.866 44.1203 0 0
116.77 44.0893 0 0
116.681 44.0398 0 0
116.602 43.9734 0 0
116.535 43.8936 0 0
116.476 43.8043 0 0
116.417 43.7098 0 0
116.344 43.6201 0 0
116.223 43.5993 0 0
116.1 43.6168 0 0
115.979 43.6411 0 0
115.859 43.6671 0 0
115.742 43.6949 0 0
115.628 43.7255 0 0
115.518 43.7606 0 0
115.413 43.7977 0 0
115.303 43.8174 0 0
115.195 43.8413 0 0
115.091 43.87 0 0
114.983 43.8831 0 0
114.876 43.9023 0 0
114.772 43.9274 0 0
114.666 43.9376 0 0
114.559 43.9544 0 0
114.454 43.9774 0 0
114.348 43.9852 0 0
114.24 43.9995 0 0
114.134 44.0194 0 0
114.026 44.0238 0 0
113.917 44.0345 0 0
113.809 44.0552 0 0
113.704 44.0815 0 0
113.597 44.0924 0 0
113.49 44.1092 0 0
113.386 44.132 0 0
113.279 44.1399 0 0
113.172 44.1547 0 0
113.068 44.1759 0 0
112.962 44.1824 0 0
112.855 44.1959 0 0
112.751 44.2159 0 0
112.645 44.2212 0 0
112.538 44.2333 0 0
112.433 44.2521 0 0
112.326 44.2559 0 0
112.218 44.2661 0 0
112.112 44.2822 0 0
112.004 44.2826 0 0
111.895 44.2894 0 0
111.786 44.3063 0 0
111.681 44.329 0 0
111.574 44.3361 0 0
111.466 44.3492 0 0
111.361 44.3684 0 0
111.255 44.3727 0 0
111.148 44.3837 0 0
111.043 44.4014 0 0
110.937 44.4043 0 0
110.83 44.4143 0 0
110.725 44.4309 0 0
110.62 44.4328 0 0
110.513 44.4417 0 0
110.408 44.4573 0 0
110.302 44.4582 0 0
110.194 44.466 0 0
110.089 44.4805 0 0
109.982 44.4799 0 0
109.874 44.4857 0 0
109.767 44.4974 0 0
109.66 44.4935 0 0
109.55 44.4958 0 0
109.441 44.5082 0 0
109.335 44.5265 0 0
109.227 44.5292 0 0
109.119 44.5379 0 0
109.014 44.5526 0 0
108.907 44.5523 0 0
108.8 44.5587 0 0
108.694 44.5715 0 0
108.588 44.5693 0 0
108.48 44.5735 0 0
108.375 44.5842 0 0
108.268 44.5795 0 0
108.161 44.5813 0 0
108.054 44.5894 0 0
107.948 44.582 0 0
107.839 44.5805 0 0
107.732 44.5845 0 0
107.625 44.5724 0 0
107.515 44.5658 0 0
107.405 44.569 0 0
107.298 44.578 0 0
107.19 44.571 0 0
107.082 44.5698 0 0
106.976 44.5748 0 0
106.87 44.5646 0 0
106.762 44.5611 0 0
106.656 44.5644 0 0
106.551 44.5529 0 0
106.444 44.5482 0 0
106.338 44.5505 0 0
106.233 44.5379 0 0
106.126 44.5321 0 0
106.02 44.5333 0 0
105.915 44.5197 0 0
105.808 44.5128 0 0
105.701 44.5127 0 0
105.596 44.4976 0 0
105.489 44.4886 0 0
105.381 44.4856 0 0
105.275 44.4669 0 0
105.167 44.4542 0 0
105.057 44.4517 0 0
104.95 44.4554 0 0
104.843 44.4434 0 0
104.735 44.4373 0 0
104.629 44.4377 0 0
104.523 44.4229 0 0
104.416 44.4149 0 0
104.31 44.4137 0 0
104.206 44.3976 0 0
104.099 44.3882 0 0
103.993 44.3857 0 0
103.888 44.3684 0 0
103.781 44.3577 0 0
103.675 44.3538 0 0
103.57 44.3349 0 0
103.463 44.3221 0 0
103.356 44.3152 0 0
103.251 44.2928 0 0
103.143 44.2762 0 0
103.033 44.2697 0 0
102.926 44.2696 0 0
102.82 44.2538 0 0
102.712 44.2439 0 0
102.606 44.2404 0 0
102.501 44.2218 0 0
102.395 44.2099 0 0
102.289 44.2048 0 0
102.185 44.185 0 0
102.078 44.1717 0 0
101.972 44.1653 0 0
101.869 44.1441 0 0
101.762 44.1294 0 0
101.656 44.1215 0 0
101.552 44.0986 0 0
101.445 44.0819 0 0
101.338 44.0713 0 0
101.233 44.045 0 0
101.125 44.0236 0 0
101.016 44.0064 0 0
100.911 43.9715 0 0
100.8 43.9388 0 0
100.686 43.9106 0 0
100.569 43.8854 0 0
100.45 43.8619 0 0
100.329 43.8401 0 0
100.205 43.8252 0 0
100.085 43.8482 0 0
100.012 43.9384 0 0
99.953 44.0327 0 0
99.8918 44.1208 0 0
99.8218 44.1985 0 0
99.7409 44.262 0 0
99.6499 44.3079 0 0
99.5521 44.3351 0 0
99.4511 44.3435 0 0
99.3502 44.3339 0 0
99.2527 44.3056 0 0
99.1623 44.2587 0 0
99.082 44.1944 0 0
99.0126 44.1162 0 0
98.9521 44.0276 0 0
98.8935 43.9331 0 0
98.8209 43.8426 0 0
98.7012 43.8192 0 0
98.5779 43.8341 0 0
98.4576 43.8563 0 0
98.3396 43.8808 0 0
98.2243 43.9082 0 0
98.1131 43.94 0 0
98.0067 43.9738 0 0
97.8967 43.9895 0 0
97.7872 44.0087 0 0
97.6803 44.0319 0 0
97.5711 44.0381 0 0
97.4609 44.0496 0 0
97.3525 44.0705 0 0
97.2478 44.0967 0 0
97.1406 44.107 0 0
97.0335 44.1232 0 0
96.9293 44.1453 0 0
96.823 44.1522 0 0
96.7164 44.166 0 0
96.6124 44.1863 0 0
96.5065 44.1918 0 0
96.4002 44.2044 0 0
96.2962 44.2236 0 0
96.1905 44.2281 0 0
96.084 44.2395 0 0
95.9798 44.2576 0 0
95.874 44.2609 0 0
95.7672 44.2712 0 0
95.6623 44.2881 0 0
95.5561 44.2899 0 0
95.4485 44.2982 0 0
95.3423 44.3124 0 0
95.2349 44.3109 0 0
95.1256 44.3157 0 0
95.0171 44.3308 0 0
94.9118 44.3517 0 0
94.8048 44.357 0 0
94.6975 44.3683 0 0
94.5926 44.3857 0 0
94.4864 44.3881 0 0
94.3795 44.3973 0 0
94.2749 44.4131 0 0
94.169 44.4141 0 0
94.0622 44.422 0 0
93.9573 44.4366 0 0
93.8514 44.4363 0 0
93.7444 44.4429 0 0
93.639 44.4562 0 0
93.5327 44.4544 0 0
93.4249 44.459 0 0
93.3182 44.4695 0 0
93.211 44.4643 0 0
93.1016 44.4653 0 0
92.9927 44.4766 0 0
92.8868 44.4939 0 0
92.7796 44.4955 0 0
92.672 44.5031 0 0
92.5666 44.5169 0 0
92.4604 44.5156 0 0
92.3533 44.5211 0 0
92.2482 44.5334 0 0
92.1425 44.5308 0 0
92.0355 44.5351 0 0
91.9303 44.5462 0 0
91.8246 44.5424 0 0
91.7176 44.5456 0 0
91.6121 44.5556 0 0
91.5063 44.5507 0 0
91.3989 44.5524 0 0
91.2928 44.5608 0 0
91.1866 44.5538 0 0
91.0786 44.5529 0 0
90.9713 44.5575 0 0
90.8643 44.5461 0 0
90.7548 44.5405 0 0
90.6452 44.5447 0 0
90.5381 44.5546 0 0
90.4309 44.5485 0 0
90.3229 44.548 0 0
90.2165 44.5535 0 0
90.1106 44.5436 0 0
90.0032 44.5401 0 0
89.8973 44.5434 0 0
89.792 44.5316 0 0
89.6849 44.5264 0 0
89.579 44.5281 0 0
89.4738 44.5149 0 0
89.3667 44.5084 0 0
89.2604 44.5087 0 0
89.1552 44.4938 0 0
89.0476 44.4851 0 0
88.9405 44.4825 0 0
88.8347 44.4641 0 0
88.7259 44.4517 0 0
88.6165 44.4495 0 0
88.5092 44.4536 0 0
88.4026 44.442 0 0
88.2949 44.4363 0 0
88.1886 44.437 0 0
88.0833 44.4227 0 0
87.9763 44.415 0 0
87.8705 44.4143 0 0
87.7658 44.3987 0 0
87.6592 44.39 0 0
87.5535 44.3882 0 0
87.4491 44.3716 0 0
87.3426 44.3618 0 0
87.2368 44.359 0 0
87.1324 44.3414 0 0
87.0257 44.3305 0 0
86.9195 44.3264 0 0
86.8149 44.3073 0 0
86.7078 44.2943 0 0
86.6009 44.2873 0 0
86.4959 44.2647 0 0
86.3877 44.2479 0 0
86.2784 44.2413 0 0
86.171 44.2411 0 0
86.065 44.2252 0 0
85.9575 44.2151 0 0
85.8513 44.2116 0 0
85.7466 44.1929 0 0
85.64 44.1809 0 0
85.5342 44.1758 0 0
85.4301 44.1559 0 0
85.3238 44.1426 0 0
85.218 44.1362 0 0
85.1142 44.115 0 0
85.0078 44.1004 0 0
84.9017 44.0925 0 0
84.7978 44.0697 0 0
84.691 44.0528 0 0
84.5842 44.0418 0 0
84.4799 44.0152 0 0
84.3721 43.9942 0 0
84.2626 43.9829 0 0
84.1545 43.9778 0 0
84.0486 43.9566 0 0
83.9405 43.9406 0 0
83.8326 43.9301 0 0
83.7276 43.9035 0 0
83.6193 43.8817 0 0
83.5102 43.8641 0 0
83.405 43.8288 0 0
83.2949 43.7959 0 0
83.1809 43.7678 0 0
83.0645 43.7431 0 0
82.9465 43.721 0 0
82.8276 43.701 0 0
82.7077 43.6844 0 0
82.5868 43.6798 0 0
82.4806 43.7239 0 0
82.4118 43.8135 0 0
82.3545 43.9059 0 0
82.2948 43.9929 0 0
82.2263 44.07 0 0
82.1464 44.1331 0 0
82.0563 44.1789 0 0
81.9592 44.2062 0 0
81.8588 44.215 0 0
81.7585 44.2048 0 0
81.6622 44.1747 0 0
81.5742 44.1246 0 0
81.4979 44.0564 0 0
81.4339 43.9743 0 0
81.3791 43.8828 0 0
81.3256 43.7858 0 0
81.2564 43.6932 0 0
81.1371 43.6685 0 0
81.0134 43.6822 0 0
80.8919 43.7029 0 0
80.7721 43.7251 0 0
80.6536 43.7484 0 0
80.537 43.7736 0 0
80.4229 43.8019 0 0
80.3129 43.8348 0 0
80.2078 43.8699 0 0
80.0989 43.8872 0 0
79.9911 43.9087 0 0
79.8868 43.9352 0 0
79.7797 43.9458 0 0
79.6729 43.9626 0 0
79.5688 43.9854 0 0
79.4625 43.9932 0 0
79.3557 44.0076 0 0
79.2513 44.0283 0 0
79.1449 44.0338 0 0
79.0375 44.0457 0 0
78.9318 44.0632 0 0
78.8245 44.0649 0 0
78.7154 44.0731 0 0
78.6076 44.0914 0 0
78.5031 44.1155 0 0
78.3963 44.124 0 0
78.2895 44.1385 0 0
78.1853 44.1591 0 0
78.0793 44.1647 0 0
77.9729 44.1772 0 0
77.8688 44.1963 0 0
77.7632 44.2006 0 0
77.6568 44.212 0 0
77.5527 44.2301 0 0
77.447 44.2334 0 0
77.3405 44.2437 0 0
77.2362 44.2607 0 0
77.1304 44.263 0 0
77.0236 44.2722 0 0
76.9187 44.2881 0 0
76.8124 44.2889 0 0
76.7049 44.2962 0 0
76.5986 44.3094 0 0
76.4913 44.3069 0 0
76.382 44.3107 0 0
76.2735 44.3248 0 0
76.1681 44.3448 0 0
76.061 44.3491 0 0
75.9537 44.3594 0 0
75.8487 44.3759 0 0
75.7425 44.3773 0 0
75.6356 44.3856 0 0
75.5309 44.4005 0 0
75.425 44.4005 0 0
75.3181 44.4075 0 0
75.2132 44.4212 0 0
75.1073 44.4199 0 0
75.0002 44.4256 0 0
74.8946 44.4379 0 0
74.7883 44.4351 0 0
74.6804 44.4387 0 0
74.5736 44.448 0 0
74.4663 44.4416 0 0
74.3567 44.4411 0 0
74.2475 44.4507 0 0
74.141 44.4659 0 0
74.0337 44.465 0 0
73.9256 44.4698 0 0
73.8196 44.4804 0 0
73.7132 44.4756 0 0
73.6057 44.4772 0 0
73.4999 44.4852 0 0
73.394 44.478 0 0
73.2868 44.4774 0 0
73.181 44.4834 0 0
73.0755 44.4742 0 0
72.9683 44.4716 0 0
72.8624 44.4756 0 0
72.757 44.4646 0 0
72.6497 44.4601 0 0
72.5433 44.4624 0 0
72.4377 44.4495 0 0
72.3299 44.4428 0 0
72.2226 44.4421 0 0
72.1164 44.4257 0 0
72.0074 44.4153 0 0
71.8978 44.4151 0 0
71.7905 44.4212 0 0
71.6837 44.4116 0 0
71.5757 44.4078 0 0
71.4693 44.4105 0 0
71.3637 44.3981 0 0
71.2565 44.3924 0 0
71.1505 44.3936 0 0
71.0454 44.3799 0 0
70.9384 44.3729 0 0
70.8324 44.3729 0 0
70.7274 44.358 0 0
70.6203 44.3497 0 0
70.5139 44.3483 0 0
70.4088 44.3319 0 0
70.3012 44.3216 0 0
70.194 44.3173 0 0
70.0883 44.2974 0 0
69.9796 44.2834 0 0
69.87 44.2796 0 0
69.7625 44.2821 0 0
69.656 44.269 0 0
69.5481 44.2617 0 0
69.4417 44.2608 0 0
69.3364 44.245 0 0
69.2294 44.2358 0 0
69.1234 44.2335 0 0
69.0188 44.2165 0 0
68.9121 44.2063 0 0
68.8063 44.2031 0 0
68.702 44.1852 0 0
68.5955 44.1739 0 0
68.4895 44.1697 0 0
68.3852 44.1508 0 0
68.2784 44.1384 0 0
68.1721 44.133 0 0
68.0675 44.1126 0 0
67.9603 44.0982 0 0
67.8532 44.0898 0 0
67.7483 44.066 0 0
67.64 44.0478 0 0
67.5306 44.0399 0 0
67.4229 44.0382 0 0
67.3169 44.021 0 0
67.2093 44.0096 0 0
67.1028 44.0046 0 0
66.9981 43.9845 0 0
66.8911 43.9709 0 0
66.7849 43.9641 0 0
66.6807 43.9424 0 0
66.5739 43.9272 0 0
66.4674 43.9188 0 0
66.3632 43.8954 0 0
66.256 43.8781 0 0
66.1485 43.867 0 0
66.0438 43.8402 0 0
65.9355 43.8184 0 0
65.8261 43.8007 0 0
65.7204 43.7654 0 0
65.6096 43.7324 0 0
65.4945 43.7039 0 0
65.3765 43.6784 0 0
65.2561 43.6554 0 0
65.1327 43.6396 0 0
65.0127 43.6623 0 0
64.9404 43.7529 0 0
64.8826 43.8479 0 0
64.8231 43.9371 0 0
64.755 44.0165 0 0
64.6759 44.0823 0 0
64.5866 44.1312 0 0
64.4898 44.1618 0 0
64.3892 44.1738 0 0
64.288 44.1677 0 0
64.1897 44.1426 0 0
64.098 44.0983 0 0
64.0162 44.0359 0 0
63.9455 43.9588 0 0
63.8838 43.871 0 0
63.8244 43.7769 0 0
63.7512 43.6867 0 0
63.6316 43.6631 0 0
63.5082 43.6775 0 0
63.3875 43.6986 0 0
63.2686 43.7214 0 0
63.1516 43.7459 0 0
63.0372 43.7734 0 0
62.9269 43.8053 0 0
62.8214 43.8394 0 0
62.7122 43.8554 0 0
62.6038 43.8754 0 0
62.4986 43.9001 0 0
62.3909 43.9085 0 0
62.2828 43.9223 0 0
62.1767 43.9413 0 0
62.0688 43.9441 0 0
61.9594 43.9529 0 0
61.8515 43.9716 0 0
61.7469 43.9959 0 0
61.6402 44.0044 0 0
61.5333 44.0188 0 0
61.4292 44.0393 0 0
61.3232 44.0446 0 0
61.2167 44.0566 0 0
61.1125 44.0753 0 0
61.0068 44.0791 0 0
60.9003 44.0898 0 0
60.7959 44.1071 0 0
60.6901 44.1096 0 0
60.5834 44.1189 0 0
60.4785 44.1348 0 0
60.3724 44.1355 0 0
60.2649 44.1427 0 0
60.1587 44.1557 0 0
60.0516 44.153 0 0
59.9424 44.1565 0 0
59.834 44.1703 0 0
59.7286 44.1901 0 0
59.6216 44.1941 0 0
59.5144 44.204 0 0
59.4094 44.2202 0 0
59.3033 44.2212 0 0
59.1965 44.2291 0 0
59.0917 44.2436 0 0
58.986 44.2434 0 0
58.8792 44.25 0 0
58.7744 44.2634 0 0
58.6687 44.262 0 0
58.5618 44.2675 0 0
58.4567 44.2798 0 0
58.3509 44.2772 0 0
58.2438 44.2814 0 0
58.1381 44.2924 0 0
58.0319 44.2883 0 0
57.924 44.2904 0 0
57.8171 44.2984 0 0
57.7099 44.2904 0 0
57.6004 44.2884 0 0
57.4911 44.2964 0 0
57.3844 44.31 0 0
57.2771 44.3076 0 0
57.169 44.3108 0 0
57.0628 44.3198 0 0
56.9565 44.3133 0 0
56.849 44.3132 0 0
56.7431 44.3195 0 0
56.6374 44.3105 0 0
56.53 44.3079 0 0
56.424 44.3118 0 0
56.3185 44.3005 0 0
56.2112 44.2957 0 0
56.1048 44.2975 0 0
55.9991 44.284 0 0
55.8914 44.2766 0 0
55.7841 44.2752 0 0
55.6779 44.258 0 0
55.5689 44.2468 0 0
55.4593 44.2457 0 0
55.352 44.2509 0 0
55.2452 44.2404 0 0
55.1373 44.2357 0 0
55.0309 44.2374 0 0
54.9254 44.224 0 0
54.8182 44.2173 0 0
54.7122 44.2175 0 0
54.6072 44.2028 0 0
54.5004 44.195 0 0
54.3947 44.1941 0 0
54.29 44.1784 0 0
54.1833 44.1695 0 0
54.0773 44.1675 0 0
53.9726 44.1508 0 0
53.8656 44.1407 0 0
53.7592 44.1374 0 0
53.6543 44.119 0 0
53.5469 44.1068 0 0
53.4397 44.1005 0 0
53.3343 44.0787 0 0
53.2258 44.0627 0 0
53.1162 44.0567 0 0
53.0085 44.0571 0 0
52.9022 44.0419 0 0
52.7944 44.0324 0 0
52.6879 44.0295 0 0
52.5828 44.0114 0 0
52.4759 44 0 0
52.3698 43.9955 0 0
52.2654 43.9762 0 0
52.1586 43.9634 0 0
52.0526 43.9576 0 0
51.9484 43.937 0 0
51.8417 43.9229 0 0
51.7353 43.9157 0 0
51.631 43.8935 0 0
51.5239 43.8773 0 0
51.4168 43.867 0 0
51.3122 43.8413 0 0
51.2042 43.8213 0 0
51.0947 43.8113 0 0
50.987 43.8076 0 0
50.8811 43.7884 0 0
50.7736 43.775 0 0
50.6671 43.768 0 0
50.5627 43.7462 0 0
50.4561 43.7308 0 0
50.3501 43.7224 0 0
50.2463 43.6993 0 0
50.1402 43.6828 0 0
50.0344 43.6734 0 0
49.931 43.6493 0 0
49.825 43.6317 0 0
49.7191 43.621 0 0
49.6157 43.5958 0 0
49.5094 43.5769 0 0
49.4031 43.5647 0 0
49.2995 43.5377 0 0
49.1929 43.5163 0 0
49.0857 43.5008 0 0
48.9819 43.4696 0 0
48.8741 43.4436 0 0
48.764 43.4266 0 0
48.6547 43.4149 0 0
48.5485 43.3866 0 0
48.4395 43.3621 0 0
48.3298 43.3412 0 0
48.2245 43.3025 0 0
48.1142 43.2658 0 0
47.9997 43.2332 0 0
47.8824 43.2035 0 0
47.7626 43.1762 0 0
47.6397 43.1563 0 0
47.5195 43.1758 0 0
47.4478 43.2661 0 0
47.3928 43.362 0 0
47.338 43.4536 0 0
47.2755 43.5367 0 0
47.2016 43.6074 0 0
47.1163 43.6619 0 0
47.0222 43.6981 0 0
46.9229 43.7158 0 0
46.822 43.7141 0 0
46.7236 43.6915 0 0
46.632 43.6481 0 0
46.5509 43.5855 0 0
46.4813 43.5081 0 0
46.4204 43.4203 0 0
46.3611 43.3266 0 0
46.2874 43.2371 0 0
46.1685 43.2158 0 0
46.0468 43.2331 0 0
45.9282 43.2573 0 0
45.8115 43.2831 0 0
45.6968 43.3108 0 0
45.5849 43.3416 0 0
45.4773 43.377 0 0
45.3746 43.4145 0 0
45.2676 43.4337 0 0
45.1617 43.457 0 0
45.0593 43.4851 0 0
44.954 43.4968 0 0
44.849 43.5145 0 0
44.7468 43.5385 0 0
44.6423 43.547 0 0
44.5374 43.5623 0 0
44.4351 43.5842 0 0
44.3308 43.5909 0 0
44.2258 43.6047 0 0
44.1233 43.6252 0 0
44.0188 43.6305 0 0
43.9136 43.6429 0 0
43.8105 43.6619 0 0
43.7057 43.6654 0 0
43.5997 43.6754 0 0
43.4953 43.6911 0 0
43.3894 43.6908 0 0
43.2817 43.6968 0 0
43.1751 43.7134 0 0
43.0716 43.7359 0 0
42.9662 43.7423 0 0
42.8604 43.7547 0 0
42.7571 43.7732 0 0
42.6522 43.7762 0 0
42.5466 43.7862 0 0
42.4433 43.8028 0 0
42.3386 43.8043 0 0
42.2331 43.8129 0 0
42.1295 43.8282 0 0
42.0248 43.8284 0 0
41.9189 43.8356 0 0
41.8149 43.8494 0 0
41.7099 43.8478 0 0
41.6033 43.8526 0 0
41.4981 43.8633 0 0
41.3922 43.8578 0 0
41.2842 43.8586 0 0
41.1767 43.8699 0 0
41.072 43.8872 0 0
40.9662 43.8884 0 0
40.8597 43.8955 0 0
40.7553 43.9087 0 0
40.6502 43.9063 0 0
40.544 43.9105 0 0
40.4396 43.9213 0 0
40.3348 43.9167 0 0
40.2286 43.9187 0 0
40.1241 43.9274 0 0
40.0193 43.9207 0 0
39.9131 43.9206 0 0
39.8083 43.927 0 0
39.7036 43.918 0 0
39.5973 43.9155 0 0
39.492 43.9194 0 0
39.3873 43.9076 0 0
39.2806 43.9018 0 0
39.1745 43.9016 0 0
39.0695 43.8851 0 0
38.9618 43.8747 0 0
38.8535 43.8747 0 0
38.7475 43.881 0 0
38.642 43.8711 0 0
38.5353 43.8671 0 0
38.4301 43.8695 0 0
38.3257 43.8564 0 0
38.2195 43.8499 0 0
38.1145 43.8504 0 0
38.0105 43.8359 0 0
37.9046 43.8281 0 0
37.7996 43.8273 0 0
37.6957 43.8114 0 0
37.5897 43.8023 0 0
37.4845 43.7999 0 0
37.3807 43.7822 0 0
37.2744 43.7707 0 0
37.1685 43.765 0 0
37.0644 43.7434 0 0
36.9572 43.7277 0 0
36.849 43.7225 0 0
36.7427 43.7237 0 0
36.6376 43.7089 0 0
36.531 43.6999 0 0
36.4257 43.6974 0 0
36.3218 43.6795 0 0
36.2159 43.6681 0 0
36.1109 43.6638 0 0
36.0076 43.6446 0 0
35.902 43.632 0 0
35.7971 43.6266 0 0
35.694 43.6063 0 0
35.5885 43.5927 0 0
35.4835 43.5861 0 0
35.3806 43.5647 0 0
35.275 43.5498 0 0
35.1699 43.5418 0 0
35.067 43.5186 0 0
34.9612 43.5014 0 0
34.8556 43.4901 0 0
34.7526 43.463 0 0
34.6461 43.4417 0 0
34.5381 43.4307 0 0
34.4317 43.4262 0 0
34.3273 43.4059 0 0
34.2211 43.3912 0 0
34.1158 43.383 0 0
34.0128 43.3596 0 0
33.9075 43.3427 0 0
33.8026 43.3327 0 0
33.7002 43.308 0 0
33.5951 43.2897 0 0
33.4903 43.2785 0 0
33.3882 43.2525 0 0
33.2832 43.2329 0 0
33.1783 43.2202 0 0
33.0764 43.1923 0 0
32.9714 43.1703 0 0
32.866 43.1543 0 0
32.7641 43.1226 0 0
32.6585 43.0964 0 0
32.5508 43.0805 0 0
32.4444 43.071 0 0
32.3407 43.0458 0 0
32.235 43.026 0 0
32.1298 43.0126 0 0
32.0276 42.9841 0 0
31.9226 42.9617 0 0
31.8176 42.9459 0 0
31.716 42.9151 0 0
31.6112 42.8901 0 0
31.5057 42.8711 0 0
31.4042 42.8365 0 0
31.2989 42.8065 0 0
31.1922 42.7805 0 0
31.0907 42.7371 0 0
30.9841 42.6955 0 0
30.873 42.6584 0 0
30.7589 42.6244 0 0
30.6426 42.5926 0 0
30.5243 42.5631 0 0
30.4027 42.5417 0 0
30.284 42.5614 0 0
30.2184 42.655 0 0
30.1744 42.7554 0 0
30.1355 42.8538 0 0
30.0928 42.9475 0 0
30.0395 43.0333 0 0
29.9715 43.1067 0 0
29.8887 43.1622 0 0
29.7948 43.1951 0 0
29.6955 43.2022 0 0
29.5978 43.1826 0 0
29.5084 43.138 0 0
29.4311 43.0731 0 0
29.3651 42.9944 0 0
29.3054 42.9073 0 0
29.2429 42.8171 0 0
29.1622 42.7355 0 0
29.0446 42.7306 0 0
28.9308 42.7662 0 0
28.8217 42.8094 0 0
28.7158 42.8549 0 0
28.6134 42.9033 0 0
28.5161 42.9558 0 0
28.4238 43.0091 0 0
28.3238 43.0437 0 0
28.2254 43.0818 0 0
28.1309 43.1237 0 0
28.0308 43.1484 0 0
27.9317 43.179 0 0
27.8362 43.2153 0 0
27.736 43.2354 0 0
27.6363 43.2619 0 0
27.5395 43.2944 0 0
27.4386 43.3104 0 0
27.3375 43.3328 0 0
27.2386 43.3605 0 0
27.1361 43.3713 0 0
27.0326 43.3887 0 0
26.9317 43.4173 0 0
26.8346 43.4516 0 0
26.7334 43.4691 0 0
26.6327 43.4923 0 0
26.535 43.5214 0 0
26.434 43.5341 0 0
26.333 43.5536 0 0
26.2349 43.5796 0 0
26.1339 43.5896 0 0
26.0327 43.6067 0 0
25.934 43.6304 0 0
25.8327 43.6382 0 0
25.731 43.653 0 0
25.6313 43.6742 0 0
25.5295 43.679 0 0
25.4266 43.6902 0 0
25.3253 43.7071 0 0
25.2222 43.7069 0 0
25.1175 43.7133 0 0
25.014 43.7311 0 0
24.9138 43.755 0 0
24.8112 43.7619 0 0
24.7085 43.7746 0 0
24.6082 43.7934 0 0
24.5063 43.7957 0 0
24.4038 43.8048 0 0
24.3034 43.8207 0 0
24.2018 43.8204 0 0
24.0993 43.8272 0 0
23.9986 43.8408 0 0
23.8971 43.8383 0 0
23.7944 43.8429 0 0
23.6934 43.8543 0 0
23.5919 43.8497 0 0
23.4889 43.8519 0 0
23.3872 43.8609 0 0
23.2854 43.8534 0 0
23.1818 43.8521 0 0
23.0789 43.8567 0 0
22.9765 43.8441 0 0
22.8715 43.838 0 0
22.7664 43.8432 0 0
22.6639 43.8548 0 0
22.561 43.8494 0 0
22.4573 43.8497 0 0
22.3554 43.8563 0 0
22.2537 43.8464 0 0
22.1506 43.8432 0 0
22.0488 43.847 0 0
21.9477 43.8346 0 0
21.8448 43.8292 0 0
21.7429 43.8308 0 0
21.6421 43.8163 0 0
21.5391 43.8086 0 0
21.437 43.8078 0 0
21.3363 43.7906 0 0
21.2331 43.7796 0 0
21.1302 43.7743 0 0
21.0294 43.7521 0 0
20.9254 43.7359 0 0
20.8202 43.731 0 0
20.717 43.7326 0 0
20.615 43.7173 0 0
20.5117 43.7076 0 0
20.4095 43.7043 0 0
20.3092 43.6848 0 0
20.2067 43.6719 0 0
20.1049 43.6661 0 0
20.0053 43.6444 0 0
19.9032 43.6295 0 0
19.8016 43.6217 0 0
19.7024 43.5982 0 0
19.6006 43.5813 0 0
19.4991 43.5716 0 0
19.4003 43.5462 0 0
19.2987 43.5273 0 0
19.197 43.5153 0 0
19.0986 43.4873 0 0
18.9971 43.4652 0 0
18.8951 43.4488 0 0
18.797 43.4159 0 0
18.6951 43.3886 0 0
18.5909 43.3724 0 0
18.4878 43.3628 0 0
18.3879 43.3366 0 0
18.286 43.3158 0 0
18.1845 43.3016 0 0
18.0866 43.2714 0 0
17.9858 43.2476 0 0
17.885 43.2308 0 0
17.788 43.1986 0 0
17.6878 43.1727 0 0
17.5873 43.1539 0 0
17.4909 43.1197 0 0
17.3911 43.0917 0 0
17.2907 43.0707 0 0
17.195 43.034 0 0
17.0956 43.0028 0 0
16.9953 42.9773 0 0
16.9004 42.9358 0 0
16.8011 42.8996 0 0
16.6985 42.874 0 0
16.5965 42.8552 0 0
16.4992 42.8201 0 0
16.3993 42.7902 0 0
16.2993 42.7669 0 0
16.2043 42.7282 0 0
16.1058 42.6954 0 0
16.0066 42.6696 0 0
15.9126 42.6288 0 0
15.8149 42.594 0 0
15.7162 42.5662 0 0
15.623 42.5234 0 0
15.5259 42.4865 0 0
15.4275 42.4563 0 0
15.335 42.411 0 0
15.2384 42.371 0 0
15.1401 42.337 0 0
15.0487 42.287 0 0
14.9529 42.2408 0 0
14.8551 42.1984 0 0
14.7662 42.1387 0 0
14.6721 42.0801 0 0
14.5726 42.026 0 0
14.4693 41.9757 0 0
14.3631 41.9288 0 0
14.2544 41.8851 0 0
14.1427 41.8457 0 0
14.0265 41.8178 0 0
13.9125 41.8389 0 0
13.8659 41.9424 0 0
13.8551 42.0511 0 0
13.8648 42.1561 0 0
13.8886 42.2562 0 0
13.9185 42.3527 0 0
13.941 42.4499 0 0
13.9371 42.5487 0 0
13.8906 42.6348 0 0
13.8043 42.6799 0 0
13.7073 42.6678 0 0
13.6264 42.6112 0 0
13.5656 42.5326 0 0
13.5126 42.4468 0 0
13.4545 42.3621 0 0
13.3836 42.2841 0 0
13.2965 42.2172 0 0
13.1891 42.1744 0 0
13.0871 42.2199 0 0
13.0163 42.3084 0 0
12.9825 42.4117 0 0
12.9672 42.5145 0 0
12.9585 42.6137 0 0
12.9258 42.7058 0 0
12.8948 42.7982 0 0
12.8656 42.8894 0 0
12.8125 42.9693 0 0
12.7626 43.0525 0 0
12.7246 43.1413 0 0
12.6922 43.2307 0 0
12.6383 43.3084 0 0
12.5868 43.3886 0 0
12.5394 43.4697 0 0
12.473 43.5362 0 0
12.41 43.6067 0 0
12.3518 43.68 0 0
12.2777 43.7372 0 0
12.2067 43.7991 0 0
12.1404 43.8647 0 0
12.0604 43.9127 0 0
11.9831 43.9662 0 0
11.9103 44.0241 0 0
11.8261 44.0637 0 0
11.7441 44.1093 0 0
11.6662 44.1598 0 0
11.5786 44.1908 0 0
11.4922 44.2272 0 0
11.4088 44.268 0 0
11.3178 44.2892 0 0
11.2277 44.3188 0 0
11.1445 44.3639 0 0
11.067 44.4156 0 0
10.9805 44.4488 0 0
10.8955 44.4876 0 0
10.8142 44.5313 0 0
10.7252 44.5557 0 0
10.6377 44.5872 0 0
10.5538 44.6252 0 0
10.4637 44.6445 0 0
10.3747 44.6713 0 0
10.289 44.7048 0 0
10.1982 44.7196 0 0
10.108 44.742 0 0
10.0208 44.7713 0 0
9.92923 44.7808 0 0
9.83766 44.7969 0 0
9.74813 44.8189 0 0
9.65543 44.8218 0 0
9.56212 44.8343 0 0
9.47295 44.8644 0 0
9.38869 44.903 0 0
9.29883 44.9232 0 0
9.20987 44.9498 0 0
9.12395 44.9824 0 0
9.03309 44.9958 0 0
8.94291 45.0169 0 0
8.85575 45.0455 0 0
8.76457 45.0557 0 0
8.67382 45.0739 0 0
8.58581 45.0996 0 0
8.49438 45.1069 0 0
8.4031 45.1221 0 0
8.3143 45.1451 0 0
8.2227 45.1495 0 0
8.13097 45.162 0 0
8.04141 45.1821 0 0
7.94957 45.1828 0 0
7.85709 45.1902 0 0
7.76609 45.204 0 0
7.67363 45.1991 0 0
7.57973 45.2042 0 0
7.48858 45.2273 0 0
7.40174 45.2594 0 0
7.31074 45.2733 0 0
7.22021 45.2936 0 0
7.13232 45.3203 0 0
7.04081 45.3278 0 0
6.94949 45.3432 0 0
6.8607 45.3663 0 0
6.76907 45.371 0 0
6.67737 45.3839 0 0
6.58797 45.4045 0 0
6.49624 45.4067 0 0
6.40418 45.4169 0 0
6.3141 45.4349 0 0
6.22222 45.4334 0 0
6.12953 45.4387 0 0
6.03819 45.4505 0 0
5.94579 45.4436 0 0
5.85174 45.4465 0 0
5.76002 45.4675 0 0
5.6724 45.4976 0 0
5.58104 45.5095 0 0
5.49001 45.5278 0 0
5.4015 45.5526 0 0
5.30979 45.5582 0 0
5.21811 45.5717 0 0
5.12881 45.593 0 0
5.03705 45.5959 0 0
4.94505 45.6069 0 0
4.85519 45.6257 0 0
4.76338 45.626 0 0
4.67107 45.6343 0 0
4.58065 45.6506 0 0
4.48882 45.6483 0 0
4.39623 45.654 0 0
4.30522 45.6674 0 0
4.21338 45.6613 0 0
4.12035 45.6619 0 0
4.0283 45.6689 0 0
3.93622 45.657 0 0
3.84192 45.6545 0 0
3.74881 45.67 0 0
3.65912 45.6944 0 0
3.56686 45.6999 0 0
3.4744 45.7117 0 0
3.3839 45.7298 0 0
3.29166 45.7281 0 0
3.19873 45.734 0 0
3.10743 45.7474 0 0
3.01532 45.7416 0 0
2.92213 45.7435 0 0
2.83016 45.7528 0 0
2.73829 45.7427 0 0
2.64492 45.7399 0 0
2.55231 45.7444 0 0
2.46097 45.7283 0 0
2.3677 45.7182 0 0
2.27459 45.7136 0 0
2.18426 45.6887 0 0
2.0905 45.6715 0 0
1.99501 45.6704 0 0
1.90102 45.677 0 0
1.8085 45.6622 0 0
1.71439 45.6521 0 0
1.62059 45.6471 0 0
1.5307 45.6201 0 0
1.43829 45.5983 0 0
1.34532 45.5822 0 0
1.259 45.5442 0 0
1.16958 45.5103 0 0
1.079 45.4806 0 0
0.998957 45.4284 0 0
0.915699 45.3779 0 0
0.83097 45.3292 0 0
0.761314 45.259 0 0
0.687243 45.1882 0 0
0.603972 45.123 0 0
0.508775 45.0701 0 0
0.399113 45.064 0 0
0.313302 45.1402 0 0
0.251749 45.2306 0 0
0.206541 45.3256 0 0
0.177914 45.4238 0 0
0.168587 45.5241 0 0
0.177157 45.6236 0 0
0.198867 45.7213 0 2
0.229039 45.8167 0 2
0.263263 45.9107 0 2
0.297346 46.0048 0 2
0.327118 46.1003 0 2
0.348245 46.1981 0 2
0.356188 46.2977 0 2
0.346481 46.3971 0 2
0.315442 46.4918 0 2
0.261336 46.5755 0 2
0.185664 46.6401 0 2
0.0938672 46.6784 0 2
-0.00530657 46.6857 0 2
-0.101864 46.6617 0 2
-0.187139 46.6103 0 2
-0.25561 46.5378 0 2
-0.305325 46.4513 0 2
-0.337232 46.3566 0 2
-0.354112 46.258 0 2
-0.359636 46.1581 0 2
-0.357764 46.0581 0 2
-0.352472 45.9581 0 2
-0.347682 45.8581 0 2
-0.3473 45.758 0 2
-0.35524 45.6582 0 2
-0.375055 45.5592 0 2
-0.40831 45.4623 0 2
-0.456025 45.3693 0 2
-0.520478 45.2833 0 2
-0.609886 45.2179 0 2
-0.716116 45.241 0 2
-0.809863 45.2934 0 2
-0.906987 45.3375 0 2
-1.00402 45.3816 0 2
-1.10725 45.4085 0 2
-1.21111 45.4406 0 2
-1.31302 45.4766 0 2
-1.41942 45.4958 0 2
-1.52687 45.519 0 2
-1.63289 45.5451 0 2
-1.74183 45.5531 0 2
-1.85242 45.564 0 2
-1.9623 45.5768 0 2
-2.07294 45.5705 0 2
-2.18616 45.566 0 2
-2.30003 45.5662 0 2
-2.41239 45.5671 0 2
-2.52311 45.5479 0 2
-2.63588 45.529 0 2
-2.74929 45.5139 0 2
-2.86097 45.4995 0 2
-2.96826 45.4653 0 2
-3.07736 45.4312 0 2
-3.18748 45.4011 0 2
-3.29588 45.3728 0 2
-3.39747 45.3259 0 2
-3.50057 45.2793 0 2
-3.60316 45.2337 0 2
-3.69624 45.1707 0 2
-3.79199 45.1072 0 2
-3.89022 45.0465 0 2
-3.98746 44.9859 0 2
-4.07241 44.9083 0 2
-4.15974 44.8282 0 2
-4.25201 44.7504 0 2
-4.3572 44.6898 0 2
-4.4617 44.7354 0 2
-4.54723 44.8038 0 2
-4.62007 44.8803 0 2
-4.6819 44.9626 0 2
-4.73193 45.0505 0 2
-4.76991 45.1432 0 2
-4.79721 45.2394 0 2
-4.81599 45.3375 0 2
-4.82851 45.4367 0 2
-4.83713 45.5363 0 2
-4.84427 45.6361 0 2
-4.85231 45.7358 0 2
-4.86361 45.8352 0 2
-4.88051 45.9337 0 2
-4.90525 46.0306 0 2
-4.9399 46.1243 0 2
-4.98615 46.2129 0 2
-5.04512 46.2935 0 2
-5.11702 46.3628 0 2
-5.20085 46.417 0 2
-5.29414 46.4523 0 2
-5.39295 46.4657 0 2
-5.49211 46.4554 0 2
-5.58582 46.4215 0 2
-5.66847 46.3657 0 2
-5.73543 46.2919 0 2
-5.78368 46.2046 0 2
-5.81203 46.1089 0 2
-5.82093 46.0095 0 2
-5.81211 45.9101 0 2
-5.78806 45.8131 0 2
-5.7516 45.7201 0 2
-5.70556 45.6313 0 2
-5.6526 45.5465 0 2
-5.59517 45.4647 0 2
-5.53549 45.3844 0 2
-5.47571 45.3043 0 2
-5.41796 45.2227 0 2
-5.36448 45.1383 0 2
-5.31773 45.05 0 2
-5.28038 44.9574 0 2
-5.25522 44.8606 0 2
-5.24452 44.7603 0 2
-5.24884 44.6582 0 2
-5.26795 44.5555 0 2
-5.30402 44.4541 0 2
-5.3681 44.3632 0 2
-5.48048 44.346 0 2
-5.59394 44.3576 0 2
-5.70381 44.377 0 2
-5.81483 44.3807 0 2
-5.92608 44.388 0 2
-6.03478 44.3999 0 2
-6.14361 44.3941 0 2
-6.25256 44.388 0 2
-6.35943 44.3642 0 2
-6.46959 44.3448 0 2
-6.58012 44.3286 0 2
-6.68695 44.2951 0 2
-6.79712 44.2631 0 2
-6.90919 44.2356 0 2
-7.02007 44.2093 0 2
-7.12498 44.1647 0 2
-7.23208 44.1201 0 2
-7.34082 44.0789 0 2
-7.44808 44.0391 0 2
-7.54708 43.9817 0 2
-7.64797 43.9241 0 2
-7.75056 43.8704 0 2
-7.85189 43.8189 0 2
-7.94317 43.7515 0 2
-8.03614 43.6842 0 2
-8.12889 43.6185 0 2
-8.20948 43.5381 0 2
-8.29275 43.457 0 2
-8.37909 43.3782 0 2
-8.46455 43.3001 0 2
-8.53538 43.2081 0 2
-8.60766 43.1137 0 2
-8.68232 43.0193 0 2
-8.75845 42.9258 0 2
-8.83826 42.8362 0 2
-8.93246 42.7659 0 2
-9.04338 42.7828 0 2
-9.14317 42.8247 0 2
-9.23424 42.8766 0 2
-9.31797 42.9357 0 2
-9.39483 43.0011 0 2
-9.46521 43.0722 0 2
-9.53026 43.148 0 2
-9.59107 43.2273 0 2
-9.64882 43.3089 0 2
-9.70487 43.3917 0 2
-9.76063 43.4746 0 2
-9.81756 43.5568 0 2
-9.87708 43.6372 0 2
-9.94053 43.7144 0 2
-10.0091 43.7872 0 2
-10.0837 43.8538 0 2
-10.1649 43.9121 0 2
-10.2526 43.9598 0 2
-10.3463 43.9945 0 2
-10.4444 44.0135 0 2
-10.5442 44.0146 0 2
-10.6422 43.9959 0 2
-10.734 43.9569 0 2
-10.8147 43.8982 0 2
-10.8794 43.8225 0 2
-10.9244 43.7335 0 2
-10.9471 43.6365 0 2
-10.9469 43.5368 0 2
-10.9251 43.4395 0 2
-10.8841 43.3485 0 2
-10.8274 43.2665 0 2
-10.7584 43.1942 0 2
-10.6807 43.1315 0 2
-10.597 43.077 0 2
-10.5096 43.0286 0 2
-10.4203 42.9837 0 2
-10.3307 42.9396 0 2
-10.2422 42.8932 0 2
-10.1565 42.8419 0 2
-10.0759 42.7831 0 2
-10.0032 42.7148 0 2
-9.9417 42.636 0 2
-9.89414 42.547 0 2
-9.86162 42.4501 0 2
-9.8438 42.3471 0 2
-9.84288 42.2395 0 2
-9.87253 42.1325 0 2
-9.9748 42.0792 0 2
-10.0875 42.0519 0 2
-10.1995 42.0328 0 2
-10.3075 41.9993 0 2
-10.4169 41.9689 0 2
-10.5254 41.9434 0 2
-10.6284 41.9022 0 2
-10.7315 41.8608 0 2
-10.8276 41.8041 0 2
-10.928 41.7502 0 2
-11.0297 41.6991 0 2
-11.1231 41.6334 0 2
-11.22 41.5683 0 2
-11.3198 41.5069 0 2
-11.419 41.4479 0 2
-11.5079 41.3744 0 2
-11.5988 41.3009 0 2
-11.6897 41.229 0 2
-11.7685 41.1437 0 2
-11.8499 41.0575 0 2
-11.9342 40.9733 0 2
-12.0176 40.8902 0 2
-12.0867 40.7949 0 2
-12.1571 40.6976 0 2
-12.23 40.6013 0 2
-12.3044 40.5075 0 2
-12.3776 40.4164 0 2
-12.4356 40.3151 0 2
-12.4947 40.2138 0 2
-12.5539 40.1142 0 2
-12.5971 40.0065 0 2
-12.6423 39.8976 0 2
-12.6912 39.7902 0 2
-12.7402 39.6852 0 2
-12.7733 39.574 0 2
-12.8121 39.463 0 2
-12.8738 39.3642 0 2
-12.9826 39.34 0 2
-13.0906 39.3418 0 2
-13.1948 39.3527 0 2
-13.2964 39.3669 0 2
-13.3963 39.3821 0 2
-13.4954 39.3974 0 2
-13.5943 39.4125 0 2
-13.6932 39.4275 0 2
-13.7921 39.4421 0 2
-13.8911 39.4563 0 2
-13.9903 39.4695 0 2
-14.0896 39.4813 0 2
-14.1892 39.4912 0 2
-14.2889 39.4985 0 2
-14.3889 39.5023 0 2
-14.489 39.5018 0 2
-14.5889 39.4957 0 2
-14.6881 39.483 0 2
-14.786 39.4623 0 2
-14.8814 39.4323 0 2
-14.9727 39.3915 0 2
-15.0578 39.339 0 2
-15.1338 39.2741 0 2
-15.1972 39.197 0 2
-15.2444 39.1091 0 2
-15.2716 39.0131 0 2
-15.2758 38.9135 0 2
-15.2555 38.816 0 2
-15.2114 38.7267 0 2
-15.1464 38.6513 0 2
-15.065 38.5939 0 2
-14.9728 38.5561 0 2
-14.8748 38.5378 0 2
-14.775 38.5364 0 2
-14.676 38.5488 0 2
-14.5786 38.571 0 2
-14.4827 38.599 0 2
-14.3873 38.6287 0 2
-14.2912 38.6559 0 2
-14.1934 38.6763 0 2
-14.0941 38.6854 0 2
-13.9947 38.6785 0 2
-13.8983 38.6517 0 2
-13.8093 38.6042 0 2
-13.7302 38.5389 0 2
-13.6621 38.459 0 2
-13.6075 38.3653 0 2
-13.5822 38.2562 0 2
-13.6653 38.1652 0 2
-13.7613 38.0927 0 2
-13.8492 38.0117 0 2
-13.9379 37.9315 0 2
-14.0262 37.8544 0 2
-14.1031 37.7665 0 2
-14.1826 37.6801 0 2
-14.2637 37.5981 0 2
-14.3324 37.506 0 2
-14.4011 37.4137 0 2
-14.4566 37.3125 0 2
-14.5165 37.2111 0 2
-14.5783 37.111 0 2
-14.626 37.0031 0 2
-14.6765 36.8937 0 2
-14.7305 36.7857 0 2
-14.7848 36.6798 0 2
-14.8235 36.5674 0 2
-14.8636 36.4541 0 2
-14.9042 36.3422 0 2
-14.9286 36.2255 0 2
-14.9547 36.107 0 2
-14.9842 35.9892 0 2
-15.0143 35.8736 0 2
-15.0277 35.755 0 2
-15.0422 35.6354 0 2
-15.0574 35.5168 0 2
-15.0553 35.397 0 2
-15.0543 35.2748 0 2
-15.0559 35.1522 0 2
-15.0575 35.0309 0 2
-15.0412 34.9106 0 2
-15.0241 34.7878 0 2
-15.0086 34.6641 0 2
-14.9978 34.5404 0 2
-15.0094 34.4196 0 2
-15.0956 34.3482 0 2
-15.1915 34.2977 0 2
-15.2865 34.2529 0 2
-15.3785 34.207 0 2
-15.4665 34.1567 0 2
-15.5503 34.1011 0 2
-15.6304 34.0409 0 2
-15.7078 33.9771 0 2
-15.7829 33.9108 0 2
-15.8564 33.8426 0 2
-15.9286 33.7731 0 2
-16 33.7027 0 2
-16.0707 33.6317 0 2
-16.1408 33.56 0 2
-16.2103 33.4878 0 2
-16.2791 33.4149 0 2
-16.3467 33.341 0 2
-16.4129 33.2657 0 2
-16.4769 33.1886 0 2
-16.5378 33.109 0 2
-16.5945 33.0264 0 2
-16.6456 32.9403 0 2
-16.6892 32.8501 0 2
-16.7231 32.7559 0 2
-16.7447 32.6582 0 2
-16.751 32.5585 0 2
-16.7393 32.4593 0 2
-16.7073 32.3647 0 2
-16.6543 32.2803 0 2
-16.5816 32.2122 0 2
-16.4933 32.1663 0 2
-16.3958 32.1464 0 2
-16.2965 32.1538 0 2
-16.2023 32.1863 0 2
-16.1182 32.2397 0 2
-16.0462 32.3088 0 2
-15.9859 32.3884 0 2
-15.9353 32.4746 0 2
-15.8907 32.5641 0 2
-15.8482 32.6546 0 2
-15.8034 32.744 0 2
-15.7518 32.8296 0 2
-15.6897 32.9079 0 2
-15.6146 32.9735 0 2
-15.526 33.02 0 2
-15.4277 33.0436 0 2
-15.3249 33.0445 0 2
-15.2215 33.025 0 2
-15.1203 32.9855 0 2
-15.033 32.9148 0 2
-15.0428 32.7863 0 2
-15.0725 32.6622 0 2
-15.1046 32.5423 0 2
-15.1208 32.4198 0 2
-15.1369 32.297 0 2
-15.1531 32.1758 0 2
-15.1527 32.0537 0 2
-15.1531 31.9299 0 2
-15.1565 31.8066 0 2
-15.162 31.6862 0 2
-15.1509 31.5666 0 2
-15.1379 31.4471 0 2
-15.1084 31.33 0 2
-15.0801 31.2094 0 2
-15.0542 31.0874 0 2
-15.0282 30.9666 0 2
-14.9855 30.8504 0 2
-14.9415 30.7319 0 2
-14.8979 30.6124 0 2
-14.8527 30.4943 0 2
-14.7907 30.3838 0 2
-14.7253 30.2711 0 2
-14.6574 30.1572 0 2
-14.5864 30.0436 0 2
-14.5116 29.9312 0 2
-14.4331 29.8208 0 2
-14.3509 29.7129 0 2
-14.2653 29.6076 0 2
-14.1767 29.5049 0 2
-14.0869 29.4035 0 2
-14.0082 29.2945 0 2
-14.0319 29.1805 0 2
-14.0722 29.0757 0 2
-14.1108 28.9742 0 2
-14.142 28.8729 0 2
-14.1635 28.7708 0 2
-14.1756 28.6682 0 2
-14.1798 28.5656 0 2
-14.1786 28.4629 0 2
-14.1732 28.3603 0 2
-14.1639 28.258 0 2
-14.15 28.1563 0 2
-14.1299 28.0557 0 2
-14.1005 27.9574 0 2
-14.0572 27.8643 0 2
-13.9977 27.78 0 2
-13.9222 27.7083 0 2
-13.8334 27.6508 0 2
-13.7347 27.6059 0 2
