-8.50196 25.2064 0 1
-8.3902 25.18 0 1
-8.32502 25.0815 0 1
-8.29495 24.9645 0 1
-8.27099 24.8474 0 1
-8.24679 24.7315 0 1
-8.2218 24.617 0 1
-8.19669 24.5037 0 1
-8.17297 24.3917 0 1
-8.1525 24.2814 0 1
-8.13314 24.1745 0 1
-8.0924 24.0744 0 1
-8.05247 23.9738 0 1
-8.01453 23.8743 0 1
-7.95768 23.7842 0 1
-7.90248 23.6915 0 1
-7.85419 23.5954 0 1
-7.80987 23.4995 0 1
-7.74828 23.4139 0 1
-7.68845 23.3261 0 1
-7.63159 23.2376 0 1
-7.55894 23.1613 0 1
-7.48788 23.0812 0 1
-7.42311 22.9958 0 1
-7.36182 22.9098 0 1
-7.28527 22.8371 0 1
-7.20998 22.7611 0 1
-7.14107 22.6795 0 1
-7.07649 22.5968 0 1
-6.99773 22.5278 0 1
-6.92043 22.4558 0 1
-6.84601 22.3822 0 1
-6.75889 22.3238 0 1
-6.67257 22.2611 0 1
-6.59141 22.1914 0 1
-6.51354 22.1201 0 1
-6.42307 22.0659 0 1
-6.33209 22.0091 0 1
-6.24162 21.9514 0 1
-6.1402 21.914 0 1
-6.03521 21.8749 0 1
-5.92846 21.832 0 1
-5.81962 21.7873 0 1
-5.7092 21.7394 0 1
-5.60771 21.6736 0 1
-5.52008 21.5944 0 1
-5.49084 21.4806 0 1
-5.46854 21.3706 0 1
-5.43447 21.2677 0 1
-5.38028 21.1768 0 1
-5.304 21.1054 0 1
-5.21024 21.0593 0 1
-5.1067 21.0389 0 1
-4.99904 21.039 0 1
-4.88853 21.0484 0 1
-4.77376 21.0454 0 1
-4.68944 20.9704 0 1
-4.62585 20.8765 0 1
-4.57299 20.7779 0 1
-4.52517 20.6803 0 1
-4.46121 20.5931 0 1
-4.39937 20.5038 0 1
-4.34105 20.4138 0 1
-4.268 20.3352 0 1
-4.19703 20.2525 0 1
-4.1329 20.1646 0 1
-4.07369 20.0758 0 1
-4.00026 19.9986 0 1
-3.92892 19.9182 0 1
-3.86108 19.8362 0 1
-3.78004 19.767 0 1
-3.70067 19.6932 0 1
-3.62761 19.6131 0 1
-3.55934 19.5315 0 1
-3.47818 19.463 0 1
-3.39872 19.3911 0 1
-3.32252 19.3172 0 1
-3.23455 19.2576 0 1
-3.1477 19.1931 0 1
-3.06646 19.1217 0 1
-2.98976 19.0483 0 1
-2.90161 18.9895 0 1
-2.81473 18.9271 0 1
-2.7308 18.8625 0 1
-2.63671 18.8135 0 1
-2.54312 18.7596 0 1
-2.45423 18.6983 0 1
-2.3695 18.6344 0 1
-2.275 18.5867 0 1
-2.18117 18.5354 0 1
-2.08979 18.4816 0 1
-1.99012 18.445 0 1
-1.89005 18.4037 0 1
-1.79325 18.3548 0 1
-1.69935 18.3034 0 1
-1.5975 18.2706 0 1
-1.49472 18.2351 0 1
-1.39243 18.1982 0 1
-1.28411 18.1823 0 1
-1.172 18.1647 0 1
-1.05774 18.1434 0 1
-0.941421 18.1199 0 1
-0.823939 18.0905 0 1
-0.720579 18.0291 0 1
-0.675978 17.9213 0 1
-0.643149 17.815 0 1
-0.604941 17.7148 0 1
-0.554097 17.6235 0 1
-0.487651 17.5452 0 1
-0.406639 17.4838 0 1
-0.314751 17.4411 0 1
-0.216351 17.4178 0 1
-0.115361 17.4131 0 1
-0.0152806 17.427 0 1
0.0803789 17.4606 0 1
0.168426 17.5128 0 1
0.247843 17.58 0 1
0.321044 17.6577 0 1
0.394798 17.74 0 1
0.483 17.8139 0 1
0.604672 17.8097 0 1
0.721543 17.7682 0 1
0.833642 17.7207 0 1
0.942063 17.6717 0 1
1.04694 17.6241 0 1
1.15812 17.5962 0 1
1.26988 17.5675 0 1
1.3797 17.5343 0 1
1.48677 17.4998 0 1
1.59798 17.4842 0 1
1.71015 17.4667 0 1
1.82162 17.4482 0 1
1.93506 17.4498 0 1
2.05198 17.4504 0 1
2.17092 17.4479 0 1
2.29073 17.4405 0 1
2.40816 17.4165 0 1
2.4984 17.3379 0 1
2.5839 17.2603 0 1
2.67523 17.1951 0 1
2.77466 17.1478 0 1
2.88068 17.122 0 1
2.98964 17.1195 0 1
3.09755 17.1394 0 1
3.20202 17.1783 0 1
3.3034 17.2308 0 1
3.40815 17.2853 0 1
3.52791 17.2966 0 1
3.64809 17.2658 0 1
3.76445 17.2268 0 1
3.87763 17.1856 0 1
3.98757 17.1453 0 1
4.10232 17.1245 0 1
4.21785 17.1032 0 1
4.33195 17.0779 0 1
4.44331 17.0513 0 1
4.55736 17.0432 0 1
4.67255 17.0338 0 1
4.78714 17.0234 0 1
4.90227 17.0326 0 1
5.02097 17.0413 0 1
5.14188 17.0477 0 1
5.26386 17.0527 0 1
5.3863 17.0543 0 1
5.5071 17.0397 0 1
5.60239 16.9673 0 1
5.69226 16.8947 0 1
5.78684 16.8341 0 1
5.88819 16.7905 0 1
5.99499 16.7673 0 1
6.10415 16.7665 0 1
6.21192 16.7873 0 1
6.31613 16.8264 0 1
6.4175 16.8785 0 1
6.52236 16.932 0 1
6.64217 16.9419 0 1
6.76158 16.9092 0 1
6.87594 16.8675 0 1
6.98673 16.8258 0 1
7.10253 16.8027 0 1
7.21928 16.7794 0 1
7.33464 16.7529 0 1
7.44756 16.7258 0 1
7.56329 16.7172 0 1
7.68054 16.7074 0 1
7.79713 16.6933 0 1
7.91143 16.6776 0 1
8.02662 16.6804 0 1
8.14347 16.682 0 1
8.26001 16.683 0 1
8.37533 16.7033 0 1
8.49475 16.7223 0 1
8.61767 16.7314 0 1
8.73379 16.6995 0 1
8.82841 16.6287 0 1
8.92016 16.5604 0 1
9.01698 16.5049 0 1
9.12014 16.4669 0 1
9.22802 16.4496 0 1
9.33735 16.4541 0 1
9.44482 16.4792 0 1
9.54869 16.5218 0 1
9.65036 16.5761 0 1
9.7576 16.6282 0 1
9.87982 16.6162 0 1
10.0004 16.5873 0 1
10.1202 16.555 0 1
10.239 16.5221 0 1
10.3556 16.4883 0 1
10.4693 16.4555 0 1
10.5864 16.4421 0 1
10.7046 16.4286 0 1
10.8219 16.4117 0 1
10.9366 16.3939 0 1
11.0526 16.3947 0 1
11.1701 16.3945 0 1
11.2872 16.3941 0 1
11.4032 16.4131 0 1
11.5229 16.4324 0 1
11.6454 16.4491 0 1
11.77 16.4579 0 1
11.8869 16.4267 0 1
11.9817 16.3561 0 1
12.0735 16.2878 0 1
12.1701 16.2319 0 1
12.2728 16.1931 0 1
12.3802 16.1749 0 1
12.4891 16.179 0 1
12.5962 16.2041 0 1
12.6995 16.2468 0 1
12.8007 16.3011 0 1
12.9078 16.3527 0 1
13.0294 16.3391 0 1
13.149 16.3082 0 1
13.2677 16.2738 0 1
13.3852 16.2387 0 1
13.5002 16.2023 0 1
13.6118 16.1665 0 1
13.7273 16.1496 0 1
13.8432 16.1321 0 1
13.9574 16.1139 0 1
14.0733 16.1144 0 1
14.1913 16.1135 0 1
14.3098 16.1092 0 1
14.4271 16.105 0 1
14.5437 16.1206 0 1
14.6632 16.1368 0 1
14.7846 16.1512 0 1
14.9069 16.1613 0 1
15.0286 16.1542 0 1
15.1266 16.0863 0 1
15.2186 16.0169 0 1
15.3145 15.9591 0 1
15.4167 15.918 0 1
15.5237 15.8972 0 1
15.6327 15.8984 0 1
15.7401 15.9207 0 1
15.8441 15.961 0 1
15.9452 16.0139 0 1
16.0501 16.0678 0 1
16.1708 16.078 0 1
16.2927 16.0469 0 1
16.4111 16.0082 0 1
16.5263 15.9677 0 1
16.6378 15.9281 0 1
16.7538 15.9071 0 1
16.8698 15.8859 0 1
16.9839 15.864 0 1
17.1001 15.8605 0 1
17.2182 15.8555 0 1
17.336 15.8467 0 1
17.4517 15.8366 0 1
17.5674 15.845 0 1
17.6848 15.8528 0 1
17.8021 15.8604 0 1
17.917 15.8868 0 1
18.0358 15.9123 0 1
18.1584 15.9283 0 1
18.2757 15.9024 0 1
18.3722 15.835 0 1
18.465 15.7691 0 1
18.5622 15.7153 0 1
18.6653 15.6787 0 1
18.7729 15.6627 0 1
18.8815 15.6693 0 1
18.9876 15.697 0 1
19.0896 15.7426 0 1
19.1891 15.7998 0 1
19.2946 15.8546 0 1
19.4169 15.8451 0 1
19.5384 15.819 0 1
19.6596 15.7905 0 1
19.7805 15.7627 0 1
19.9005 15.7355 0 1
20.0182 15.7076 0 1
20.1324 15.6808 0 1
20.249 15.6737 0 1
20.3661 15.6667 0 1
20.4817 15.6594 0 1
20.5969 15.6714 0 1
20.7146 15.6828 0 1
20.8329 15.6915 0 1
20.9502 15.7009 0 1
21.0645 15.7301 0 1
21.182 15.7595 0 1
21.3033 15.7793 0 1
21.4201 15.756 0 1
21.5157 15.6891 0 1
21.6074 15.6232 0 1
21.7035 15.5695 0 1
21.8058 15.5339 0 1
21.9124 15.5204 0 1
22.0194 15.5301 0 1
22.123 15.562 0 1
22.2214 15.6121 0 1
22.317 15.6735 0 1
22.4195 15.7313 0 1
22.5399 15.7228 0 1
22.6592 15.6963 0 1
22.7776 15.6665 0 1
22.8952 15.6364 0 1
23.0104 15.6054 0 1
23.1225 15.5754 0 1
23.2375 15.5656 0 1
23.353 15.5559 0 1
23.4671 15.5459 0 1
23.5813 15.5555 0 1
23.6978 15.5646 0 1
23.8149 15.5706 0 1
23.9308 15.5771 0 1
24.044 15.6041 0 1
24.1597 15.6327 0 1
24.2772 15.6598 0 1
24.3958 15.6826 0 1
24.5154 15.6863 0 1
24.6139 15.6228 0 1
24.7045 15.5552 0 1
24.7982 15.498 0 1
24.8984 15.4585 0 1
25.0037 15.4418 0 1
25.11 15.4499 0 1
25.2126 15.4815 0 1
25.3093 15.5324 0 1
25.4021 15.5954 0 1
25.4999 15.6581 0 1
25.6172 15.675 0 1
25.7377 15.6488 0 1
25.8552 15.6146 0 1
25.9704 15.5793 0 1
26.0827 15.546 0 1
26.1988 15.5335 0 1
26.3159 15.522 0 1
26.4322 15.5079 0 1
26.546 15.4936 0 1
26.6605 15.4994 0 1
26.7761 15.5052 0 1
26.8911 15.5114 0 1
27.0035 15.5382 0 1
27.119 15.5662 0 1
27.2366 15.5934 0 1
27.3549 15.6202 0 1
27.4738 15.6435 0 1
27.5932 15.6474 0 1
27.6893 15.582 0 1
27.7759 15.5109 0 1
27.8657 15.4495 0 1
27.963 15.4061 0 1
28.0667 15.3861 0 1
28.1719 15.3926 0 1
28.2734 15.424 0 1
28.3685 15.4755 0 1
28.4595 15.5393 0 1
28.5558 15.602 0 1
28.6715 15.6164 0 1
28.7878 15.5849 0 1
28.8993 15.544 0 1
29.0078 15.5041 0 1
29.1213 15.4852 0 1
29.236 15.4675 0 1
29.35 15.4475 0 1
29.4619 15.4281 0 1
29.5754 15.4297 0 1
29.6903 15.4316 0 1
29.805 15.4302 0 1
29.9177 15.4285 0 1
30.0288 15.4472 0 1
30.1411 15.4663 0 1
30.2529 15.4859 0 1
30.3598 15.5258 0 1
30.4705 15.5656 0 1
30.5862 15.5942 0 1
30.6997 15.5747 0 1
30.7897 15.5046 0 1
30.8726 15.4319 0 1
30.9602 15.3703 0 1
31.0566 15.3284 0 1
31.1596 15.3132 0 1
31.2627 15.3277 0 1
31.3597 15.3687 0 1
31.4487 15.4289 0 1
31.5348 15.4988 0 1
31.6312 15.5617 0 1
31.7477 15.5508 0 1
31.8621 15.519 0 1
31.9756 15.4834 0 1
32.0885 15.4476 0 1
32.1999 15.4117 0 1
32.3089 15.3784 0 1
32.422 15.3672 0 1
32.5363 15.3572 0 1
32.6498 15.3443 0 1
32.7612 15.3316 0 1
32.8728 15.3401 0 1
32.9856 15.349 0 1
33.0976 15.3585 0 1
33.2061 15.3895 0 1
33.3173 15.4218 0 1
33.4305 15.4523 0 1
33.5453 15.4777 0 1
33.6614 15.4812 0 1
33.7539 15.4124 0 1
33.8358 15.3375 0 1
33.9209 15.2718 0 1
34.0149 15.2243 0 1
34.1168 15.2026 0 1
34.2205 15.2105 0 1
34.3193 15.246 0 1
34.4102 15.3024 0 1
34.4968 15.3704 0 1
34.5905 15.4356 0 1
34.7054 15.4493 0 1
34.8214 15.4157 0 1
34.9338 15.3733 0 1
35.0439 15.3298 0 1
35.1518 15.2891 0 1
35.2651 15.27 0 1
35.3798 15.2525 0 1
35.4939 15.2331 0 1
35.6063 15.2151 0 1
35.7201 15.2188 0 1
35.8356 15.2237 0 1
35.9512 15.2265 0 1
36.0655 15.2307 0 1
36.177 15.2571 0 1
36.2907 15.2859 0 1
36.4057 15.3137 0 1
36.5219 15.3371 0 1
36.639 15.3395 0 1
36.7315 15.2706 0 1
36.8137 15.1957 0 1
36.8992 15.1301 0 1
36.9935 15.0827 0 1
37.0956 15.0605 0 1
37.1997 15.0674 0 1
37.2993 15.1012 0 1
37.3916 15.1558 0 1
37.4796 15.2224 0 1
37.5741 15.2865 0 1
37.6891 15.2998 0 1
37.8049 15.2664 0 1
37.9166 15.2239 0 1
38.0256 15.18 0 1
38.1316 15.1381 0 1
38.2431 15.1173 0 1
38.3551 15.0974 0 1
38.4656 15.0779 0 1
38.5778 15.0794 0 1
38.6918 15.0807 0 1
38.8057 15.0785 0 1
38.9178 15.0761 0 1
39.0283 15.0946 0 1
39.1402 15.1137 0 1
39.2515 15.1336 0 1
39.3578 15.1743 0 1
39.4676 15.2153 0 1
39.5826 15.2457 0 1
39.6964 15.2282 0 1
39.7878 15.1599 0 1
39.8722 15.0891 0 1
39.9612 15.0293 0 1
40.0584 14.9896 0 1
40.1617 14.9767 0 1
40.2645 14.9934 0 1
40.3606 15.0364 0 1
40.4484 15.0985 0 1
40.5332 15.17 0 1
40.6286 15.2345 0 1
40.7461 15.2257 0 1
40.8623 15.1969 0 1
40.9783 15.1652 0 1
41.0944 15.1346 0 1
41.21 15.1054 0 1
41.3237 15.0764 0 1
41.4345 15.0498 0 1
41.5478 15.0452 0 1
41.6617 15.0419 0 1
41.7744 15.0395 0 1
41.8856 15.0587 0 1
41.9986 15.0786 0 1
42.1125 15.0964 0 1
42.2249 15.1157 0 1
42.332 15.1566 0 1
42.4418 15.1986 0 1
42.5564 15.2301 0 1
42.6698 15.2132 0 1
42.7599 15.144 0 1
42.8423 15.0716 0 1
42.9291 15.0099 0 1
43.0249 14.968 0 1
43.1274 14.954 0 1
43.2295 14.9711 0 1
43.3242 15.0157 0 1
43.41 15.0796 0 1
43.493 15.1526 0 1
43.5871 15.218 0 1
43.7029 15.2086 0 1
43.8167 15.1777 0 1
43.9298 15.143 0 1
44.0421 15.1084 0 1
44.1527 15.0736 0 1
44.2607 15.0412 0 1
44.3725 15.031 0 1
44.485 15.0221 0 1
44.5963 15.0141 0 1
44.7072 15.0282 0 1
44.8199 15.0429 0 1
44.9333 15.0552 0 1
45.0452 15.069 0 1
45.1524 15.1052 0 1
45.2613 15.1442 0 1
45.3718 15.1822 0 1
45.4839 15.2154 0 1
45.5987 15.2258 0 1
45.6916 15.1594 0 1
45.7723 15.0846 0 1
45.8558 15.0184 0 1
45.9485 14.9706 0 1
46.0496 14.9506 0 1
46.1517 14.9632 0 1
46.2468 15.0052 0 1
46.3325 15.0678 0 1
46.4136 15.141 0 1
46.5032 15.2104 0 1
46.6163 15.2265 0 1
46.731 15.194 0 1
46.8419 15.1522 0 1
46.9506 15.1094 0 1
47.0573 15.0699 0 1
47.1693 15.0533 0 1
47.2827 15.0385 0 1
47.3952 15.0216 0 1
47.5058 15.0057 0 1
47.6171 15.0123 0 1
47.7295 15.0201 0 1
47.841 15.0294 0 1
47.9489 15.0613 0 1
48.0591 15.0957 0 1
48.171 15.1301 0 1
48.2834 15.1644 0 1
48.3967 15.1947 0 1
48.5117 15.2025 0 1
48.602 15.133 0 1
48.6793 15.0551 0 1
48.7595 14.9854 0 1
48.8499 14.9341 0 1
48.9498 14.9108 0 1
49.0518 14.9212 0 1
49.147 14.962 0 1
49.2326 15.0239 0 1
49.314 15.0962 0 1
49.4044 15.1636 0 1
49.5169 15.1754 0 1
49.6276 15.1365 0 1
49.7325 15.0867 0 1
49.8347 15.0384 0 1
49.944 15.0118 0 1
50.0548 14.9868 0 1
50.1645 14.9595 0 1
50.2721 14.933 0 1
50.3825 14.9286 0 1
50.4939 14.925 0 1
50.6044 14.9222 0 1
50.7134 14.9417 0 1
50.8247 14.9619 0 1
50.9368 14.9798 0 1
51.0475 14.9994 0 1
51.1524 15.0414 0 1
51.26 15.0849 0 1
51.3727 15.1176 0 1
51.4846 15.1 0 1
51.572 15.0284 0 1
51.6505 14.9528 0 1
51.7338 14.8874 0 1
51.8275 14.8428 0 1
51.9291 14.8281 0 1
52.0302 14.8469 0 1
52.1229 14.8942 0 1
52.2064 14.96 0 1
52.2874 15.0342 0 1
52.3807 15.0995 0 1
52.4957 15.0869 0 1
52.6081 15.0521 0 1
52.7196 15.0136 0 1
52.8308 14.9754 0 1
52.9407 14.9378 0 1
53.0488 14.9037 0 1
53.1612 14.8927 0 1
53.2749 14.8837 0 1
53.3879 14.8725 0 1
53.499 14.8624 0 1
53.6097 14.8746 0 1
53.7213 14.888 0 1
53.832 14.9027 0 1
53.9379 14.9396 0 1
54.046 14.9788 0 1
54.1559 15.0167 0 1
54.2676 15.0495 0 1
54.382 15.0592 0 1
54.4735 14.9913 0 1
54.5521 14.9147 0 1
54.6335 14.8462 0 1
54.7247 14.7962 0 1
54.8251 14.7748 0 1
54.927 14.787 0 1
55.0215 14.8295 0 1
55.1063 14.8929 0 1
55.1865 14.9667 0 1
55.2757 15.0363 0 1
55.3886 15.0517 0 1
55.5027 15.018 0 1
55.6129 14.975 0 1
55.721 14.9315 0 1
55.8275 14.8917 0 1
55.9396 14.8753 0 1
56.0531 14.8611 0 1
56.1662 14.8456 0 1
56.2777 14.8322 0 1
56.3895 14.8422 0 1
56.5027 14.8542 0 1
56.6162 14.8646 0 1
56.7281 14.8771 0 1
56.8352 14.9129 0 1
56.9436 14.9521 0 1
57.0533 14.9907 0 1
57.1646 15.0245 0 1
57.2787 15.0352 0 1
57.3705 14.9679 0 1
57.4492 14.8916 0 1
57.5307 14.8234 0 1
57.622 14.7739 0 1
57.7224 14.7532 0 1
57.824 14.7667 0 1
57.9176 14.8109 0 1
58.001 14.8758 0 1
58.0797 14.951 0 1
58.1678 15.0219 0 1
58.2801 15.0385 0 1
58.394 15.0056 0 1
58.5037 14.963 0 1
58.6108 14.9191 0 1
58.7154 14.8781 0 1
58.8255 14.8595 0 1
58.9363 14.8425 0 1
59.046 14.8268 0 1
59.1566 14.8335 0 1
59.2689 14.8409 0 1
59.3813 14.8452 0 1
59.4919 14.8498 0 1
59.5992 14.8765 0 1
59.7074 14.9046 0 1
59.8147 14.9341 0 1
59.9145 14.9848 0 1
60.0176 15.0362 0 1
60.1272 15.076 0 1
60.2386 15.0635 0 1
60.326 14.9934 0 1
60.4034 14.9177 0 1
60.4851 14.8518 0 1
60.5776 14.807 0 1
60.6785 14.7941 0 1
60.7774 14.8177 0 1
60.8656 14.8711 0 1
60.943 14.9429 0 1
61.0177 15.0223 0 1
61.1068 15.0922 0 1
61.2204 15.083 0 1
61.3317 15.0504 0 1
61.4422 15.0139 0 1
61.5524 14.9779 0 1
61.6616 14.9428 0 1
61.7694 14.9119 0 1
61.881 14.9057 0 1
61.994 14.9021 0 1
62.1067 14.8972 0 1
62.2178 14.8947 0 1
62.3267 14.9166 0 1
62.4367 14.941 0 1
62.5472 14.964 0 1
62.6558 14.9893 0 1
62.757 15.0375 0 1
62.8602 15.0876 0 1
62.9695 15.1264 0 1
63.0799 15.1119 0 1
63.1648 15.0392 0 1
63.2384 14.9605 0 1
63.3165 14.8911 0 1
63.4068 14.8432 0 1
63.5067 14.8286 0 1
63.6052 14.8517 0 1
63.6924 14.9057 0 1
63.7688 14.978 0 1
63.8432 15.0573 0 1
63.9328 15.1259 0 1
64.0457 15.1127 0 1
64.1552 15.0752 0 1
64.2636 15.0335 0 1
64.3715 14.9919 0 1
64.4779 14.9505 0 1
64.5824 14.9125 0 1
64.6922 14.8979 0 1
64.8028 14.8852 0 1
64.9125 14.8744 0 1
65.0222 14.8871 0 1
65.1336 14.9013 0 1
65.2456 14.9136 0 1
65.3559 14.9279 0 1
65.4609 14.9661 0 1
65.5669 15.0079 0 1
65.6742 15.0492 0 1
65.7833 15.0852 0 1
65.8958 15.0963 0 1
65.9839 15.026 0 1
66.0565 14.9452 0 1
66.1312 14.8713 0 1
66.2171 14.8152 0 1
66.3149 14.7894 0 1
66.4153 14.8009 0 1
66.507 14.8459 0 1
66.5871 14.9129 0 1
66.6628 14.9897 0 1
66.7495 15.0604 0 1
66.8606 15.0723 0 1
66.9706 15.0319 0 1
67.0757 14.9813 0 1
67.1785 14.9298 0 1
67.2801 14.8823 0 1
67.3891 14.858 0 1
67.4996 14.8358 0 1
67.6091 14.8116 0 1
67.7169 14.7887 0 1
67.8267 14.7889 0 1
67.9373 14.7904 0 1
68.047 14.793 0 1
68.1539 14.8187 0 1
68.2626 14.8457 0 1
68.3722 14.8709 0 1
68.4801 14.8979 0 1
68.5819 14.9444 0 1
68.6899 14.982 0 1
68.7999 14.9664 0 1
68.8855 14.894 0 1
68.961 14.8165 0 1
69.0413 14.7487 0 1
69.133 14.7022 0 1
69.2336 14.6872 0 1
69.3333 14.7083 0 1
69.4231 14.7592 0 1
69.5028 14.8285 0 1
69.58 14.9056 0 1
69.6713 14.9727 0 1
69.7859 14.9591 0 1
69.8979 14.923 0 1
70.0095 14.8836 0 1
70.1217 14.8458 0 1
70.2336 14.8097 0 1
70.3441 14.7745 0 1
70.4522 14.7427 0 1
70.5641 14.7341 0 1
70.6767 14.7275 0 1
70.7881 14.7228 0 1
70.8984 14.7409 0 1
71.0104 14.7606 0 1
71.1231 14.7786 0 1
71.2343 14.7989 0 1
71.3394 14.8417 0 1
71.4468 14.8862 0 1
71.5593 14.9201 0 1
71.6711 14.9034 0 1
71.7576 14.8314 0 1
71.8345 14.7547 0 1
71.916 14.688 0 1
72.0085 14.6422 0 1
72.1095 14.6269 0 1
72.2099 14.6462 0 1
72.3014 14.6947 0 1
72.3833 14.7618 0 1
72.4627 14.837 0 1
72.5552 14.9029 0 1
72.6695 14.89 0 1
72.781 14.8546 0 1
72.8917 14.8157 0 1
73.0022 14.7774 0 1
73.1116 14.7401 0 1
73.2195 14.7068 0 1
73.3317 14.6973 0 1
73.4452 14.6901 0 1
73.5581 14.6811 0 1
73.669 14.6735 0 1
73.7788 14.6888 0 1
73.8895 14.7058 0 1
73.9991 14.7243 0 1
74.103 14.7654 0 1
74.2085 14.8092 0 1
74.3159 14.852 0 1
74.4252 14.8896 0 1
74.5382 14.9031 0 1
74.6293 14.836 0 1
74.7061 14.7585 0 1
74.7849 14.6883 0 1
74.8739 14.6362 0 1
74.9731 14.6136 0 1
75.0737 14.6276 0 1
75.1656 14.6735 0 1
75.2462 14.7407 0 1
75.3221 14.8179 0 1
75.4084 14.8899 0 1
75.5198 14.9061 0 1
75.6324 14.8714 0 1
75.7409 14.827 0 1
75.8473 14.7819 0 1
75.9522 14.7409 0 1
76.0631 14.7236 0 1
76.1755 14.7086 0 1
76.2872 14.6919 0 1
76.3971 14.6768 0 1
76.5075 14.6852 0 1
76.6188 14.6953 0 1
76.7293 14.7075 0 1
76.8351 14.7431 0 1
76.9429 14.782 0 1
77.0521 14.8213 0 1
77.1617 14.861 0 1
77.2723 14.8968 0 1
77.3858 14.9094 0 1
77.4769 14.842 0 1
77.5539 14.7647 0 1
77.6331 14.6949 0 1
77.7226 14.6436 0 1
77.822 14.6219 0 1
77.9226 14.6367 0 1
78.0143 14.6832 0 1
78.0948 14.7506 0 1
78.1707 14.8278 0 1
78.2571 14.8996 0 1
78.3689 14.9148 0 1
78.4817 14.8795 0 1
78.59 14.8343 0 1
78.6959 14.7878 0 1
78.7994 14.7444 0 1
78.909 14.7235 0 1
79.0195 14.7043 0 1
79.1288 14.6867 0 1
79.2396 14.6917 0 1
79.352 14.6976 0 1
79.4645 14.7006 0 1
79.5751 14.7043 0 1
79.6826 14.7303 0 1
79.791 14.758 0 1
79.8984 14.7872 0 1
79.9983 14.8378 0 1
80.1014 14.889 0 1
80.2108 14.9287 0 1
80.3219 14.9158 0 1
80.4082 14.8447 0 1
80.484 14.7677 0 1
80.5642 14.7003 0 1
80.6557 14.654 0 1
80.7562 14.6401 0 1
80.855 14.663 0 1
80.9432 14.7161 0 1
81.0206 14.7876 0 1
81.0957 14.8664 0 1
81.1855 14.9352 0 1
81.2987 14.9235 0 1
81.4091 14.8883 0 1
81.5187 14.8492 0 1
81.6281 14.8107 0 1
81.7365 14.7732 0 1
81.8437 14.74 0 1
81.9552 14.7313 0 1
82.0682 14.7255 0 1
82.1809 14.7185 0 1
82.292 14.714 0 1
82.4015 14.734 0 1
82.512 14.7567 0 1
82.623 14.778 0 1
82.7321 14.8019 0 1
82.8341 14.8488 0 1
82.9381 14.8977 0 1
83.0479 14.9356 0 1
83.1586 14.9208 0 1
83.244 14.8486 0 1
83.3187 14.7706 0 1
83.3979 14.7023 0 1
83.4889 14.6553 0 1
83.5891 14.6411 0 1
83.6879 14.664 0 1
83.7758 14.7172 0 1
83.853 14.7888 0 1
83.9281 14.8674 0 1
84.0183 14.9355 0 1
84.1317 14.9216 0 1
84.2418 14.8841 0 1
84.351 14.8426 0 1
84.4597 14.8014 0 1
84.5671 14.7607 0 1
84.6725 14.7231 0 1
84.7829 14.7088 0 1
84.8942 14.6964 0 1
85.0045 14.6859 0 1
85.1147 14.6985 0 1
85.2267 14.7126 0 1
85.3392 14.7249 0 1
85.4502 14.7393 0 1
85.5559 14.7773 0 1
85.6627 14.8188 0 1
85.7708 14.8599 0 1
85.8806 14.896 0 1
85.9938 14.9079 0 1
86.083 14.8387 0 1
86.1574 14.7592 0 1
86.2338 14.6867 0 1
86.321 14.6322 0 1
86.4194 14.6073 0 1
86.5201 14.619 0 1
86.6124 14.6634 0 1
86.6936 14.7295 0 1
86.7703 14.8056 0 1
86.8573 14.8762 0 1
86.9686 14.8894 0 1
87.0795 14.851 0 1
87.1855 14.8024 0 1
87.2888 14.7527 0 1
87.3901 14.7061 0 1
87.4984 14.6823 0 1
87.6076 14.6604 0 1
87.7159 14.6403 0 1
87.8262 14.6433 0 1
87.9382 14.6475 0 1
88.0504 14.6492 0 1
88.1611 14.6527 0 1
88.2687 14.6797 0 1
88.3774 14.7091 0 1
88.4867 14.7372 0 1
88.5942 14.7673 0 1
88.6949 14.8167 0 1
88.8019 14.8575 0 1
88.9123 14.8449 0 1
88.9988 14.7742 0 1
89.075 14.6978 0 1
89.1555 14.6309 0 1
89.2473 14.5851 0 1
89.3477 14.5713 0 1
89.4467 14.5939 0 1
89.5351 14.6467 0 1
89.6127 14.7179 0 1
89.6878 14.7968 0 1
89.7774 14.8659 0 1
89.8916 14.8547 0 1
90.0038 14.8207 0 1
90.1156 14.7836 0 1
90.2279 14.748 0 1
90.3401 14.7143 0 1
90.4507 14.6816 0 1
90.559 14.6522 0 1
90.6706 14.6467 0 1
90.7828 14.6434 0 1
90.8938 14.6421 0 1
91.0029 14.664 0 1
91.1137 14.6877 0 1
91.2251 14.7098 0 1
91.3348 14.7342 0 1
91.4376 14.7812 0 1
91.5425 14.8301 0 1
91.653 14.8683 0 1
91.7646 14.8551 0 1
91.8527 14.7854 0 1
91.9309 14.7105 0 1
92.0136 14.6456 0 1
92.1068 14.6019 0 1
92.2078 14.5897 0 1
92.307 14.6131 0 1
92.3958 14.6658 0 1
92.4742 14.7367 0 1
92.5501 14.8152 0 1
92.6399 14.8843 0 1
92.7542 14.8742 0 1
92.8664 14.8412 0 1
92.9778 14.8046 0 1
93.0891 14.7688 0 1
93.1993 14.734 0 1
93.308 14.7032 0 1
93.4203 14.6965 0 1
93.534 14.6922 0 1
93.6471 14.6863 0 1
93.7582 14.6816 0 1
93.8676 14.7 0 1
93.9778 14.7202 0 1
94.0869 14.7419 0 1
94.1895 14.786 0 1
94.2937 14.833 0 1
94.3996 14.879 0 1
94.5077 14.9199 0 1
94.6202 14.9363 0 1
94.7116 14.8701 0 1
94.7882 14.7928 0 1
94.8665 14.7224 0 1
94.9551 14.6702 0 1
95.0541 14.6481 0 1
95.1542 14.6632 0 1
95.2447 14.711 0 1
95.3231 14.7803 0 1
95.3965 14.8596 0 1
95.4804 14.9338 0 1
95.5909 14.952 0 1
95.7031 14.9186 0 1
95.8111 14.8753 0 1
95.917 14.8313 0 1
96.0215 14.7914 0 1
96.1318 14.7759 0 1
96.2434 14.7628 0 1
96.3543 14.7477 0 1
96.4633 14.7341 0 1
96.5723 14.7441 0 1
96.682 14.7555 0 1
96.7906 14.7682 0 1
96.8943 14.8038 0 1
96.9994 14.8411 0 1
97.1056 14.8765 0 1
97.2099 14.9135 0 1
97.3063 14.9692 0 1
97.4099 15.0158 0 1
97.5196 15.0071 0 1
97.6059 14.9369 0 1
97.6802 14.8593 0 1
97.7585 14.7905 0 1
97.849 14.7435 0 1
97.949 14.7312 0 1
98.0465 14.7579 0 1
98.1315 14.8156 0 1
98.2051 14.8913 0 1
98.2768 14.974 0 1
98.3645 15.0468 0 1
98.4809 15.0353 0 1
98.5873 14.9847 0 1
98.6883 14.9315 0 1
98.797 14.9001 0 1
98.9074 14.8723 0 1
99.017 14.8443 0 1
99.1252 14.8195 0 1
99.2359 14.8191 0 1
99.348 14.821 0 1
99.4598 14.8209 0 1
99.5697 14.822 0 1
99.6767 14.8468 0 1
99.7844 14.8736 0 1
99.8909 14.9023 0 1
99.9896 14.9531 0 1
100.091 15.005 0 1
100.199 15.0449 0 1
100.309 15.0308 0 1
100.393 14.9575 0 1
100.466 14.8778 0 1
100.542 14.8071 0 1
100.631 14.7579 0 1
100.731 14.7427 0 1
100.829 14.7659 0 1
100.916 14.8206 0 1
100.991 14.8937 0 1
101.065 14.9736 0 1
101.154 15.0428 0 1
101.267 15.0293 0 1
101.376 14.9914 0 1
101.484 14.9493 0 1
101.592 14.9076 0 1
101.699 14.8667 0 1
101.805 14.83 0 1
101.916 14.8178 0 1
102.028 14.8081 0 1
102.14 14.7966 0 1
102.25 14.787 0 1
102.359 14.8013 0 1
102.469 14.8178 0 1
102.579 14.8363 0 1
102.682 14.8784 0 1
102.787 14.9238 0 1
102.895 14.9681 0 1
103.007 15.0022 0 1
103.117 14.9846 0 1
103.201 14.9104 0 1
103.274 14.8311 0 1
103.352 14.7615 0 1
103.443 14.7132 0 1
103.543 14.6977 0 1
103.642 14.7193 0 1
103.731 14.7712 0 1
103.809 14.8416 0 1
103.886 14.9191 0 1
103.977 14.9858 0 1
104.09 14.9708 0 1
104.199 14.932 0 1
104.307 14.8891 0 1
104.415 14.8465 0 1
104.521 14.8043 0 1
104.626 14.7655 0 1
104.736 14.75 0 1
104.847 14.7365 0 1
104.957 14.7248 0 1
105.067 14.7363 0 1
105.179 14.7493 0 1
105.291 14.7603 0 1
105.402 14.7736 0 1
105.508 14.8106 0 1
105.615 14.8512 0 1
105.723 14.8914 0 1
105.833 14.9266 0 1
105.946 14.9379 0 1
106.036 14.8691 0 1
106.111 14.7904 0 1
106.189 14.719 0 1
106.277 14.6658 0 1
106.376 14.6422 0 1
106.477 14.6552 0 1
106.569 14.7003 0 1
106.651 14.7666 0 1
106.728 14.8428 0 1
106.815 14.9135 0 1
106.927 14.9275 0 1
107.039 14.8908 0 1
107.146 14.844 0 1
107.251 14.796 0 1
107.354 14.7511 0 1
107.463 14.7287 0 1
107.573 14.7081 0 1
107.682 14.6893 0 1
107.793 14.6931 0 1
107.906 14.698 0 1
108.019 14.7006 0 1
108.13 14.7047 0 1
108.238 14.732 0 1
108.347 14.7615 0 1
108.457 14.7897 0 1
108.565 14.8198 0 1
108.667 14.869 0 1
108.775 14.9094 0 1
108.886 14.8971 0 1
108.974 14.8275 0 1
109.052 14.7525 0 1
109.134 14.6874 0 1
109.227 14.6435 0 1
109.328 14.631 0 1
109.427 14.6542 0 1
109.516 14.7068 0 1
109.595 14.7775 0 1
109.671 14.8562 0 1
109.76 14.9258 0 1
109.875 14.9168 0 1
109.988 14.8853 0 1
110.1 14.8507 0 1
110.213 14.8178 0 1
110.326 14.7866 0 1
110.437 14.7563 0 1
110.546 14.7293 0 1
110.657 14.7261 0 1
110.77 14.725 0 1
110.88 14.7258 0 1
110.989 14.7497 0 1
111.099 14.7753 0 1
111.21 14.7991 0 1
111.319 14.825 0 1
111.421 14.8733 0 1
111.526 14.9234 0 1
111.636 14.9625 0 1
111.747 14.95 0 1
111.835 14.8806 0 1
111.913 14.8057 0 1
111.996 14.741 0 1
112.089 14.6975 0 1
112.19 14.6859 0 1
112.289 14.7103 0 1
112.377 14.7641 0 1
112.455 14.836 0 1
112.53 14.9153 0 1
112.619 14.9854 0 1
112.733 14.9764 0 1
112.844 14.9442 0 1
112.955 14.9081 0 1
113.066 14.8723 0 1
113.175 14.8369 0 1
113.282 14.8045 0 1
113.393 14.7957 0 1
113.504 14.7887 0 1
113.615 14.7835 0 1
113.724 14.8013 0 1
113.835 14.8206 0 1
113.947 14.838 0 1
114.057 14.8572 0 1
114.16 14.8997 0 1
114.265 14.9457 0 1
114.371 14.9911 0 1
114.479 15.0313 0 1
114.592 15.0472 0 1
114.683 14.9809 0 1
114.76 14.9037 0 1
114.839 14.8336 0 1
114.927 14.7817 0 1
115.026 14.76 0 1
115.127 14.7751 0 1
115.217 14.8228 0 1
115.296 14.8918 0 1
115.37 14.9706 0 1
115.454 15.0444 0 1
115.565 15.0617 0 1
115.677 15.0275 0 1
115.785 14.9831 0 1
115.891 14.938 0 1
115.996 14.8968 0 1
116.106 14.8795 0 1
116.218 14.8644 0 1
116.329 14.8474 0 1
116.439 14.832 0 1
116.549 14.8401 0 1
116.66 14.8499 0 1
116.77 14.8617 0 1
116.876 14.897 0 1
116.983 14.9355 0 1
117.092 14.9743 0 1
117.202 15.0132 0 1
117.312 15.0481 0 1
117.426 15.0595 0 1
117.516 14.9911 0 1
117.592 14.913 0 1
117.671 14.8424 0 1
117.76 14.7902 0 1
117.859 14.768 0 1
117.959 14.7821 0 1
118.051 14.828 0 1
118.132 14.8948 0 1
118.209 14.9712 0 1
118.296 15.0421 0 1
118.408 15.0555 0 1
118.519 15.0174 0 1
118.624 14.9685 0 1
118.727 14.9211 0 1
118.837 14.8958 0 1
118.948 14.8726 0 1
119.059 14.8478 0 1
119.169 14.8251 0 1
119.281 14.8252 0 1
119.394 14.8268 0 1
119.507 14.8259 0 1
119.618 14.8258 0 1
119.727 14.848 0 1
119.837 14.8718 0 1
119.945 14.897 0 1
120.048 14.9437 0 1
120.153 14.9911 0 1
120.264 15.0271 0 1
120.376 15.0119 0 1
120.463 14.9409 0 1
120.541 14.8648 0 1
120.623 14.7988 0 1
120.716 14.7538 0 1
120.817 14.7393 0 1
120.917 14.7594 0 1
121.008 14.8086 0 1
121.09 14.8766 0 1
121.168 14.9527 0 1
121.26 15.0196 0 1
121.374 15.0077 0 1
121.486 14.9732 0 1
121.597 14.9348 0 1
121.707 14.8969 0 1
121.817 14.8597 0 1
121.924 14.8261 0 1
122.036 14.8162 0 1
122.15 14.8084 0 1
122.263 14.7986 0 1
122.373 14.7897 0 1
122.483 14.8037 0 1
122.594 14.8191 0 1
122.704 14.8359 0 1
122.809 14.8751 0 1
122.915 14.9166 0 1
123.024 14.9569 0 1
123.134 14.9921 0 1
123.248 15.0038 0 1
123.34 14.9372 0 1
123.419 14.8614 0 1
123.501 14.7938 0 1
123.593 14.7449 0 1
123.694 14.7251 0 1
123.795 14.7395 0 1
123.888 14.7842 0 1
123.972 14.8496 0 1
124.05 14.9252 0 1
124.138 14.9965 0 1
124.251 15.0138 0 1
124.365 14.9821 0 1
124.477 14.9411 0 1
124.586 14.8995 0 1
124.693 14.8617 0 1
124.806 14.8472 0 1
124.92 14.8351 0 1
125.034 14.8217 0 1
125.146 14.8104 0 1
125.258 14.8221 0 1
125.372 14.8359 0 1
125.486 14.8482 0 1
125.598 14.8625 0 1
125.705 14.8997 0 1
125.813 14.9403 0 1
125.923 14.9804 0 1
126.035 15.0159 0 1
126.149 15.0286 0 1
126.242 14.9634 0 1
126.323 14.8893 0 1
126.407 14.8237 0 1
126.5 14.777 0 1
126.601 14.759 0 1
126.703 14.7742 0 1
126.797 14.819 0 1
126.88 14.8839 0 1
126.96 14.9591 0 1
127.048 15.0302 0 1
127.16 15.0479 0 1
127.275 15.0167 0 1
127.386 14.9758 0 1
127.494 14.9335 0 1
127.599 14.8939 0 1
127.71 14.8765 0 1
127.821 14.8604 0 1
127.931 14.8455 0 1
128.042 14.8525 0 1
128.155 14.8599 0 1
128.268 14.8642 0 1
128.379 14.8686 0 1
128.487 14.8947 0 1
128.596 14.922 0 1
128.704 14.9506 0 1
128.805 15.0002 0 1
128.91 15.0506 0 1
129.021 15.0906 0 1
129.134 15.0813 0 1
129.228 15.0178 0 1
129.314 14.9501 0 1
129.405 14.8936 0 1
129.503 14.8579 0 1
129.606 14.8511 0 1
129.707 14.8755 0 1
129.799 14.9264 0 1
129.882 14.9952 0 1
129.961 15.0727 0 1
130.053 15.1432 0 1
130.174 15.138 0 1
130.287 15.0968 0 1
130.395 15.0531 0 1
130.509 15.0305 0 1
130.623 15.0108 0 1
130.737 14.9899 0 1
130.848 14.9703 0 1
130.96 14.9727 0 1
131.073 14.976 0 1
131.185 14.9802 0 1
131.294 15.0058 0 1
131.405 15.0322 0 1
131.518 15.0566 0 1
131.629 15.0825 0 1
131.733 15.1296 0 1
131.84 15.1779 0 1
131.952 15.2157 0 1
132.065 15.2035 0 1
132.155 15.1354 0 1
132.236 15.0626 0 1
132.322 15.0001 0 1
132.417 14.958 0 1
132.519 14.9459 0 1
132.619 14.9672 0 1
132.711 15.0169 0 1
132.792 15.0854 0 1
132.87 15.1625 0 1
132.961 15.2316 0 1
133.076 15.2248 0 1
133.189 15.1957 0 1
133.302 15.1628 0 1
133.414 15.1298 0 1
133.524 15.0968 0 1
133.631 15.0662 0 1
133.742 15.0586 0 1
133.854 15.0524 0 1
133.965 15.0474 0 1
134.074 15.0648 0 1
134.186 15.0832 0 1
134.298 15.099 0 1
134.409 15.1162 0 1
134.514 15.1562 0 1
134.62 15.1992 0 1
134.728 15.2413 0 1
134.838 15.2781 0 1
134.952 15.2913 0 1
135.045 15.2257 0 1
135.125 15.1507 0 1
135.207 15.0838 0 1
135.299 15.0359 0 1
135.4 15.0171 0 1
135.501 15.0324 0 1
135.594 15.078 0 1
135.677 15.144 0 1
135.755 15.2202 0 1
135.842 15.2921 0 1
135.955 15.3101 0 1
136.07 15.2789 0 1
136.181 15.238 0 1
136.289 15.1961 0 1
136.396 15.1576 0 1
136.508 15.1421 0 1
136.622 15.1284 0 1
136.734 15.1125 0 1
136.845 15.0977 0 1
136.956 15.1053 0 1
137.069 15.1141 0 1
137.18 15.1243 0 1
137.288 15.157 0 1
137.398 15.1922 0 1
137.51 15.2273 0 1
137.623 15.2624 0 1
137.736 15.2937 0 1
137.851 15.303 0 1
137.944 15.2361 0 1
138.024 15.1613 0 1
138.108 15.0952 0 1
138.201 15.048 0 1
138.302 15.0291 0 1
138.404 15.0427 0 1
138.499 15.0854 0 1
138.585 15.1481 0 1
138.666 15.2212 0 1
138.756 15.2904 0 1
138.869 15.3058 0 1
138.982 15.2716 0 1
139.089 15.2268 0 1
139.194 15.1832 0 1
139.305 15.1613 0 1
139.417 15.1409 0 1
139.528 15.1178 0 1
139.637 15.0952 0 1
139.748 15.094 0 1
139.86 15.0933 0 1
139.971 15.093 0 1
140.081 15.1144 0 1
140.192 15.1361 0 1
140.305 15.1553 0 1
140.416 15.176 0 1
140.522 15.2183 0 1
140.631 15.262 0 1
140.744 15.2957 0 1
140.858 15.2814 0 1
140.951 15.2156 0 1
141.037 15.1472 0 1
141.128 15.0903 0 1
141.227 15.0541 0 1
141.33 15.0455 0 1
141.432 15.0667 0 1
141.526 15.1139 0 1
141.611 15.1795 0 1
141.693 15.2542 0 1
141.786 15.3219 0 1
141.904 15.3168 0 1
142.021 15.2911 0 1
142.137 15.262 0 1
142.253 15.2331 0 1
142.368 15.2045 0 1
142.48 15.1786 0 1
142.595 15.1749 0 1
142.711 15.1726 0 1
142.826 15.1681 0 1
142.939 15.1638 0 1
143.052 15.1806 0 1
143.165 15.1982 0 1
143.277 15.2168 0 1
143.385 15.2565 0 1
143.496 15.2981 0 1
143.609 15.3381 0 1
143.725 15.3691 0 1
143.84 15.353 0 1
143.932 15.2855 0 1
144.016 15.2151 0 1
144.105 15.1555 0 1
144.202 15.1157 0 1
144.305 15.1029 0 1
144.408 15.12 0 1
144.503 15.1638 0 1
144.589 15.2272 0 1
144.671 15.3013 0 1
144.76 15.3733 0 1
144.873 15.3963 0 1
144.991 15.3731 0 1
145.107 15.3411 0 1
145.22 15.3083 0 1
145.33 15.2783 0 1
145.444 15.2709 0 1
145.56 15.2653 0 1
145.675 15.2577 0 1
145.788 15.2513 0 1
145.9 15.2669 0 1
146.014 15.2837 0 1
146.128 15.2982 0 1
146.241 15.314 0 1
146.349 15.3516 0 1
146.458 15.3917 0 1
146.569 15.4307 0 1
146.682 15.4649 0 1
146.798 15.4775 0 1
146.895 15.4154 0 1
146.981 15.3458 0 1
147.07 15.2854 0 1
147.167 15.2441 0 1
147.27 15.2291 0 1
147.373 15.244 0 1
147.469 15.2859 0 1
147.556 15.3478 0 1
147.638 15.421 0 1
147.728 15.492 0 1
147.841 15.5131 0 1
147.959 15.4872 0 1
148.073 15.452 0 1
148.184 15.4149 0 1
148.292 15.3796 0 1
148.404 15.3658 0 1
148.517 15.3526 0 1
148.628 15.3397 0 1
148.74 15.3477 0 1
148.853 15.3555 0 1
148.967 15.3595 0 1
149.079 15.3629 0 1
149.188 15.387 0 1
149.299 15.4114 0 1
149.41 15.4363 0 1
149.514 15.4814 0 1
149.622 15.5268 0 1
149.736 15.5615 0 1
149.851 15.5482 0 1
149.945 15.4836 0 1
150.032 15.4163 0 1
150.123 15.3605 0 1
150.222 15.3252 0 1
150.326 15.3168 0 1
150.429 15.3374 0 1
150.524 15.3834 0 1
150.61 15.4478 0 1
150.693 15.5215 0 1
150.787 15.5886 0 1
150.905 15.5839 0 1
151.022 15.5588 0 1
151.139 15.53 0 1
151.254 15.5011 0 1
151.369 15.4721 0 1
151.481 15.4457 0 1
151.596 15.4411 0 1
151.712 15.4379 0 1
151.828 15.4324 0 1
151.942 15.4279 0 1
152.055 15.4445 0 1
152.17 15.4623 0 1
152.285 15.4779 0 1
152.4 15.4948 0 1
152.509 15.5327 0 1
152.621 15.5716 0 1
152.738 15.601 0 1
152.854 15.5844 0 1
152.949 15.5197 0 1
153.038 15.4538 0 1
153.132 15.4003 0 1
153.233 15.3665 0 1
153.338 15.3577 0 1
153.442 15.3754 0 1
153.54 15.4169 0 1
153.631 15.4766 0 1
153.719 15.5465 0 1
153.815 15.6113 0 1
153.934 15.6065 0 1
154.052 15.582 0 1
154.17 15.554 0 1
154.286 15.5255 0 1
154.401 15.4961 0 1
154.512 15.468 0 1
154.627 15.4607 0 1
154.742 15.4536 0 1
154.855 15.4466 0 1
154.969 15.4597 0 1
155.084 15.4725 0 1
155.201 15.4823 0 1
155.316 15.4928 0 1
155.427 15.524 0 1
155.542 15.5569 0 1
155.657 15.5886 0 1
155.775 15.6161 0 1
155.894 15.6245 0 1
155.994 15.5648 0 1
156.087 15.5007 0 1
156.183 15.4473 0 1
156.285 15.4122 0 1
156.391 15.4003 0 1
156.497 15.413 0 1
156.598 15.4491 0 1
156.693 15.5038 0 1
156.783 15.5705 0 1
156.878 15.6373 0 1
156.995 15.6594 0 1
157.117 15.6384 0 1
157.236 15.6094 0 1
157.353 15.5789 0 1
157.467 15.5502 0 1
157.584 15.5422 0 1
157.701 15.535 0 1
157.819 15.5252 0 1
157.933 15.5149 0 1
158.048 15.5243 0 1
158.164 15.5335 0 1
158.28 15.5429 0 1
158.392 15.5722 0 1
158.508 15.6027 0 1
158.626 15.6324 0 1
158.745 15.6616 0 1
158.865 15.6877 0 1
158.986 15.696 0 1
159.088 15.6379 0 1
159.184 15.5764 0 1
159.282 15.5262 0 1
159.386 15.494 0 1
159.493 15.4838 0 1
159.6 15.4968 0 1
159.702 15.5316 0 1
159.799 15.5846 0 1
159.891 15.6497 0 1
159.987 15.716 0 1
160.104 15.7388 0 1
160.225 15.7185 0 1
160.343 15.6887 0 1
160.457 15.6591 0 1
160.574 15.6493 0 1
160.692 15.6401 0 1
160.809 15.6278 0 1
160.923 15.6147 0 1
161.038 15.6206 0 1
161.154 15.6257 0 1
161.269 15.6299 0 1
161.382 15.6529 0 1
161.498 15.6754 0 1
161.615 15.6948 0 1
161.731 15.7148 0 1
161.843 15.754 0 1
161.958 15.7936 0 1
162.077 15.8243 0 1
162.197 15.8126 0 1
162.3 15.7567 0 1
162.399 15.7019 0 1
162.501 15.6598 0 1
162.608 15.636 0 1
162.716 15.6338 0 1
162.823 15.6542 0 1
162.924 15.6953 0 1
163.02 15.7534 0 1
163.111 15.8225 0 1
163.209 15.8895 0 1
163.331 15.8942 0 1
163.454 15.8818 0 1
163.577 15.8664 0 1
163.699 15.8506 0 1
163.82 15.8341 0 1
163.937 15.8185 0 1
164.055 15.823 0 1
164.174 15.8279 0 1
164.292 15.8295 0 1
164.408 15.83 0 1
164.523 15.8491 0 1
164.639 15.8677 0 1
164.754 15.8859 0 1
164.866 15.9228 0 1
164.98 15.9602 0 1
165.097 15.9957 0 1
165.216 16.0269 0 1
165.337 16.0404 0 1
165.444 15.9884 0 1
165.545 15.9334 0 1
165.647 15.8897 0 1
165.754 15.8636 0 1
165.863 15.8584 0 1
165.971 15.8756 0 1
166.074 15.9133 0 1
166.171 15.9682 0 1
166.263 16.0354 0 1
166.359 16.1047 0 1
166.477 16.1343 0 1
166.602 16.1239 0 1
166.725 16.1061 0 1
166.845 16.0866 0 1
166.962 16.0681 0 1
167.081 16.0697 0 1
167.2 16.0718 0 1
167.319 16.0706 0 1
167.435 16.0683 0 1
167.55 16.0848 0 1
167.666 16.1006 0 1
167.783 16.1159 0 1
167.895 16.1502 0 1
168.011 16.1851 0 1
168.129 16.2189 0 1
168.249 16.2519 0 1
168.369 16.2816 0 1
168.491 16.2942 0 1
168.598 16.2421 0 1
168.699 16.1875 0 1
168.803 16.1444 0 1
168.91 16.1189 0 1
169.019 16.1141 0 1
169.127 16.1312 0 1
169.23 16.1687 0 1
169.328 16.2232 0 1
169.421 16.29 0 1
169.517 16.3592 0 1
169.634 16.3889 0 1
169.759 16.3784 0 1
169.881 16.36 0 1
170 16.3391 0 1
170.116 16.3183 0 1
170.233 16.3167 0 1
170.35 16.3145 0 1
170.466 16.3112 0 1
170.58 16.326 0 1
170.697 16.3394 0 1
170.815 16.3482 0 1
170.93 16.3551 0 1
171.043 16.3801 0 1
171.158 16.4042 0 1
171.273 16.4277 0 1
171.383 16.4693 0 1
171.497 16.5103 0 1
171.617 16.5423 0 1
171.738 16.5332 0 1
171.845 16.4818 0 1
171.948 16.4323 0 1
172.054 16.3962 0 1
172.163 16.378 0 1
172.273 16.3804 0 1
172.381 16.4037 0 1
172.483 16.4461 0 1
172.58 16.505 0 1
172.672 16.5755 0 1
172.77 16.6457 0 1
172.893 16.6573 0 1
173.018 16.6527 0 1
173.142 16.6449 0 1
173.266 16.6364 0 1
173.388 16.6266 0 1
173.507 16.6172 0 1
173.626 16.6271 0 1
173.746 16.6372 0 1
173.866 16.6442 0 1
173.984 16.6502 0 1
174.099 16.6748 0 1
174.217 16.699 0 1
174.336 16.7203 0 1
174.454 16.7416 0 1
174.567 16.7812 0 1
174.684 16.8208 0 1
174.805 16.8518 0 1
174.926 16.8415 0 1
175.032 16.7888 0 1
175.135 16.7378 0 1
175.241 16.6997 0 1
175.349 16.6793 0 1
175.46 16.6793 0 1
175.568 16.7005 0 1
175.671 16.7417 0 1
175.769 16.7996 0 1
175.861 16.87 0 1
175.959 16.9407 0 1
176.081 16.9551 0 1
176.204 16.9541 0 1
176.327 16.9499 0 1
176.449 16.9443 0 1
176.569 16.9365 0 1
176.685 16.9281 0 1
176.8 16.9389 0 1
176.916 16.9488 0 1
177.031 16.9569 0 1
177.143 16.9832 0 1
177.258 17.0081 0 1
177.374 17.0289 0 1
177.489 17.0487 0 1
177.599 17.0874 0 1
177.713 17.1267 0 1
177.829 17.1636 0 1
177.948 17.1959 0 1
178.069 17.2103 0 1
178.177 17.1608 0 1
178.281 17.1092 0 1
178.386 17.07 0 1
178.495 17.0486 0 1
178.605 17.0483 0 1
178.713 17.0699 0 1
178.814 17.1125 0 1
178.909 17.1733 0 1
178.996 17.248 0 1
179.085 17.3276 0 1
179.196 17.375 0 1
179.319 17.3858 0 1
179.44 17.3888 0 1
179.559 17.3888 0 1
179.674 17.3882 0 1
179.786 17.408 0 1
179.899 17.4269 0 1
180.011 17.4443 0 1
180.119 17.4803 0 1
180.229 17.5152 0 1
180.341 17.5458 0 1
180.452 17.5758 0 1
180.558 17.625 0 1
180.666 17.6757 0 1
180.778 17.725 0 1
180.895 17.7688 0 1
181.018 17.7759 0 1
181.108 17.7047 0 1
181.186 17.6252 0 1
181.262 17.5507 0 1
181.345 17.4871 0 1
181.436 17.4385 0 1
181.533 17.4081 0 1
181.634 17.3965 0 1
181.735 17.4031 0 1
181.833 17.4274 0 1
181.925 17.4706 0 1
182.006 17.5327 0 1
182.072 17.6116 0 1
182.123 17.7035 0 1
182.16 17.8044 0 1
182.191 17.9116 0 1
182.233 18.0209 0 1
182.334 18.0865 0 1
182.45 18.1215 0 1
182.566 18.1508 0 1
182.679 18.1778 0 1
182.791 18.2012 0 1
182.898 18.2227 0 1
182.999 18.2647 0 1
183.1 18.3053 0 1
183.2 18.3432 0 1
183.292 18.3992 0 1
183.387 18.4528 0 1
183.485 18.4991 0 1
183.583 18.5406 0 1
183.672 18.5988 0 1
183.763 18.6547 0 1
183.856 18.707 0 1
183.938 18.7749 0 1
184.024 18.8405 0 1
184.115 18.8989 0 1
184.207 18.9524 0 1
184.288 19.0211 0 1
184.372 19.0876 0 1
184.458 19.1506 0 1
184.531 19.2277 0 1
184.609 19.3029 0 1
184.693 19.3715 0 1
184.778 19.4354 0 1
184.851 19.5129 0 1
184.927 19.5885 0 1
185.006 19.6608 0 1
185.07 19.7457 0 1
185.14 19.8291 0 1
185.216 19.9068 0 1
185.294 19.9798 0 1
185.358 20.0649 0 1
185.426 20.1486 0 1
185.495 20.2292 0 1
185.551 20.3208 0 1
185.611 20.4116 0 1
185.678 20.4975 0 1
185.747 20.5794 0 1
185.802 20.6718 0 1
185.86 20.7637 0 1
185.92 20.8535 0 1
185.964 20.9528 0 1
186.013 21.0529 0 1
186.074 21.1479 0 1
186.157 21.2228 0 1
186.271 21.2197 0 1
186.379 21.2004 0 1
186.485 21.1874 0 1
186.589 21.1933 0 1
186.687 21.2261 0 1
186.769 21.2872 0 1
186.829 21.3712 0 1
186.866 21.4695 0 1
186.884 21.5756 0 1
186.894 21.687 0 1
186.915 21.8024 0 1
187.002 21.8845 0 1
187.109 21.9389 0 1
187.217 21.9894 0 1
187.323 22.041 0 1
187.427 22.094 0 1
187.53 22.1474 0 1
187.631 22.2004 0 1
187.732 22.251 0 1
187.832 22.2975 0 1
187.929 22.3417 0 1
188.015 22.4053 0 1
188.101 22.4678 0 1
188.188 22.5277 0 1
188.261 22.6037 0 1
188.337 22.6781 0 1
188.419 22.7459 0 1
188.502 22.8093 0 1
188.571 22.8872 0 1
188.644 22.9636 0 1
188.718 23.037 0 1
188.777 23.1232 0 1
188.84 23.2083 0 1
188.911 23.2877 0 1
188.984 23.363 0 1
189.04 23.4505 0 1
189.101 23.5371 0 1
189.163 23.6213 0 1
189.208 23.716 0 1
189.257 23.8107 0 1
189.314 23.9013 0 1
189.372 23.9887 0 1
189.413 24.0856 0 1
189.457 24.1825 0 1
189.502 24.278 0 1
189.528 24.3808 0 1
189.557 24.4853 0 1
189.593 24.5884 0 1
189.629 24.6905 0 1
189.644 24.7982 0 1
189.659 24.9088 0 1
189.678 25.021 0 1
189.702 25.134 0 1
189.731 25.2468 0 1
189.784 25.3512 0 1
189.897 25.3653 0 1
190.006 25.3474 0 2
190.106 25.3133 0 2
190.198 25.2673 0 2
190.282 25.2116 0 2
190.361 25.15 0 2
190.438 25.0874 0 2
190.519 25.0295 0 2
190.607 24.9827 0 2
190.702 24.9537 0 2
190.801 24.9488 0 2
190.898 24.972 0 2
190.983 25.0233 0 2
191.048 25.098 0 2
191.089 25.1886 0 2
191.104 25.2869 0 2
191.097 25.3863 0 2
191.071 25.4825 0 2
191.03 25.5736 0 2
190.979 25.6596 0 2
190.922 25.7412 0 2
190.86 25.82 0 2
190.798 25.8977 0 2
190.736 25.9759 0 2
190.676 26.0559 0 2
190.62 26.1387 0 2
190.57 26.2248 0 2
190.526 26.3145 0 2
190.488 26.4081 0 2
190.457 26.5055 0 2
190.432 26.607 0 2
190.418 26.7136 0 2
190.43 26.8239 0 2
190.522 26.8954 0 2
190.628 26.9451 0 2
190.735 26.9884 0 2
190.835 27.0461 0 2
190.936 27.1031 0 2
191.037 27.1578 0 2
191.128 27.2267 0 2
191.222 27.2946 0 2
191.316 27.3597 0 2
191.4 27.4375 0 2
191.486 27.5143 0 2
191.573 27.588 0 2
191.649 27.6731 0 2
191.727 27.7566 0 2
191.808 27.8359 0 2
191.875 27.9259 0 2
191.943 28.0163 0 2
191.996 28.1161 0 2
192.055 28.2162 0 2
192.115 28.3149 0 2
192.16 28.4216 0 2
192.208 28.5301 0 2
192.26 28.6374 0 2
192.312 28.7428 0 2
192.348 28.8547 0 2
192.385 28.9678 0 2
192.422 29.08 0 2
192.442 29.1968 0 2
192.463 29.316 0 2
192.487 29.4356 0 2
192.51 29.5545 0 2
192.515 29.676 0 2
192.519 29.8008 0 2
192.525 29.9275 0 2
192.533 30.0554 0 2
192.561 30.1803 0 2
192.667 30.2215 0 2
192.776 30.2291 0 2
192.881 30.2158 0 2
192.979 30.1817 0 2
193.063 30.1252 0 2
193.127 30.0479 0 2
193.166 29.9561 0 2
193.184 29.8575 0 2
193.183 29.7573 0 2
193.17 29.6579 0 2
193.149 29.5598 0 2
193.125 29.4625 0 2
193.102 29.365 0 2
193.083 29.2665 0 2
193.074 29.1668 0 2
193.082 29.0673 0 2
193.113 28.9727 0 2
193.172 28.8926 0 2
193.255 28.8393 0 2
193.353 28.8227 0 2
193.45 28.8452 0 2
193.532 28.9012 0 2
193.592 28.9805 0 2
193.63 29.0732 0 2
193.647 29.1719 0 2
193.648 29.2722 0 2
193.637 29.372 0 2
193.617 29.4705 0 2
193.592 29.5678 0 2
193.564 29.6643 0 2
193.534 29.7604 0 2
193.505 29.8564 0 2
193.476 29.9528 0 2
193.449 30.0497 0 2
193.424 30.1471 0 2
193.401 30.245 0 2
193.38 30.3434 0 2
193.361 30.4422 0 2
193.343 30.5412 0 2
193.325 30.6401 0 2
193.305 30.7389 0 2
193.283 30.837 0 2
193.255 30.9339 0 2
193.22 31.0287 0 2
193.176 31.1205 0 2
193.122 31.2091 0 2
193.063 31.2962 0 2
193.002 31.3862 0 2
192.956 31.4885 0 2
192.993 31.6019 0 2
193.051 31.7071 0 2
193.113 31.8086 0 2
193.16 31.9175 0 2
193.209 32.0276 0 2
193.261 32.1356 0 2
193.315 32.24 0 2
193.352 32.3505 0 2
193.388 32.4617 0 2
193.408 32.5774 0 2
193.431 32.6956 0 2
193.458 32.8134 0 2
193.486 32.9295 0 2
193.497 33.0484 0 2
193.508 33.169 0 2
193.52 33.2892 0 2
193.514 33.4101 0 2
193.508 33.5343 0 2
193.503 33.66 0 2
193.499 33.7859 0 2
193.492 33.9103 0 2
193.466 34.0324 0 2
193.438 34.1571 0 2
193.408 34.2834 0 2
193.376 34.4102 0 2
193.341 34.5364 0 2
193.303 34.6617 0 2
193.264 34.7855 0 2
193.224 34.9075 0 2
193.183 35.0263 0 2
193.126 35.1382 0 2
193.07 35.2527 0 2
193.032 35.375 0 2
193.103 35.4624 0 2
193.195 35.5219 0 2
193.293 35.5607 0 2
193.395 35.5778 0 2
193.495 35.5691 0 2
193.589 35.533 0 2
193.669 35.4727 0 2
193.732 35.395 0 2
193.78 35.307 0 2
193.815 35.2134 0 2
193.843 35.117 0 2
193.866 35.0196 0 2
193.89 34.9223 0 2
193.919 34.8262 0 2
193.955 34.733 0 2
194.004 34.6459 0 2
194.069 34.5698 0 2
194.149 34.5113 0 2
194.243 34.4775 0 2
194.342 34.4739 0 2
194.437 34.5023 0 2
194.519 34.5596 0 2
194.579 34.639 0 2
194.615 34.7321 0 2
194.627 34.8312 0 2
194.618 34.9309 0 2
194.593 35.0276 0 2
194.553 35.1199 0 2
194.504 35.2072 0 2
194.448 35.29 0 2
194.386 35.369 0 2
194.32 35.445 0 2
194.252 35.5188 0 2
194.182 35.5912 0 2
194.112 35.6627 0 2
194.041 35.7338 0 2
193.97 35.8049 0 2
193.899 35.8761 0 2
193.828 35.9474 0 2
193.758 36.0189 0 2
193.687 36.0902 0 2
193.616 36.1612 0 2
193.544 36.2312 0 2
193.47 36.2997 0 2
193.394 36.3657 0 2
193.315 36.428 0 2
193.232 36.4851 0 2
193.144 36.5359 0 2
193.051 36.5809 0 2
192.955 36.623 0 2
192.856 36.6688 0 2
192.765 36.7343 0 2
192.742 36.8515 0 2
192.742 36.9727 0 2
192.748 37.0932 0 2
192.756 37.2109 0 2
192.748 37.3281 0 2
192.74 37.446 0 2
192.735 37.5623 0 2
192.713 37.6767 0 2
192.693 37.7926 0 2
192.675 37.9077 0 2
192.642 38.0192 0 2
192.609 38.1328 0 2
192.579 38.2462 0 2
192.532 38.3542 0 2
192.486 38.4652 0 2
192.443 38.5777 0 2
192.402 38.6889 0 2
192.344 38.7928 0 2
192.287 38.8984 0 2
192.23 39.0037 0 2
192.158 39.0994 0 2
192.084 39.1977 0 2
192.01 39.298 0 2
191.937 39.3987 0 2
191.865 39.4972 0 2
191.777 39.5832 0 2
191.687 39.67 0 2
191.597 39.7578 0 2
191.506 39.8454 0 2
191.417 39.9324 0 2
191.33 40.017 0 2
191.231 40.0875 0 2
191.131 40.1588 0 2
191.035 40.2348 0 2
190.958 40.327 0 2
190.977 40.4366 0 2
191.026 40.5326 0 2
191.092 40.6147 0 2
191.169 40.6817 0 2
191.257 40.7312 0 2
191.353 40.7621 0 2
191.452 40.7758 0 2
191.552 40.7763 0 2
191.651 40.7681 0 2
191.751 40.7551 0 2
191.85 40.7414 0 2
191.949 40.7308 0 2
192.049 40.727 0 2
192.149 40.7338 0 2
192.247 40.7546 0 2
192.339 40.7921 0 2
192.422 40.8477 0 2
192.49 40.9207 0 2
192.538 41.0082 0 2
192.561 41.105 0 2
192.559 41.2046 0 2
192.532 41.3005 0 2
192.483 41.3873 0 2
192.416 41.4614 0 2
192.336 41.5211 0 2
192.246 41.5663 0 2
192.151 41.5978 0 2
192.053 41.6172 0 2
191.953 41.6264 0 2
191.853 41.6271 0 2
191.753 41.6209 0 2
191.654 41.6093 0 2
191.555 41.5936 0 2
191.456 41.5748 0 2
191.358 41.5538 0 2
191.26 41.5312 0 2
191.163 41.5076 0 2
191.065 41.4834 0 2
190.968 41.4589 0 2
190.871 41.4343 0 2
190.774 41.4096 0 2
190.676 41.3847 0 2
190.578 41.3597 0 2
190.478 41.3353 0 2
190.375 41.3137 0 2
190.268 41.3001 0 2
190.157 41.312 0 2
190.085 41.4024 0 2
190.036 41.5076 0 2
189.995 41.6136 0 2
189.941 41.7126 0 2
189.889 41.8136 0 2
189.842 41.9145 0 2
189.781 42.0069 0 2
189.72 42.0993 0 2
189.645 42.1819 0 2
189.573 42.2693 0 2
189.505 42.3588 0 2
189.424 42.4377 0 2
189.344 42.5201 0 2
189.265 42.6036 0 2
189.175 42.6747 0 2
189.084 42.7489 0 2
188.995 42.8266 0 2
188.908 42.904 0 2
188.81 42.9669 0 2
188.711 43.0315 0 2
188.614 43.0992 0 2
188.52 43.1668 0 2
188.417 43.2191 0 2
188.313 43.2732 0 2
188.212 43.3283 0 2
188.104 43.3675 0 2
187.995 43.409 0 2
187.887 43.4516 0 2
187.774 43.4773 0 2
187.658 43.505 0 2
187.543 43.5363 0 2
187.429 43.5675 0 2
187.312 43.5806 0 2
187.192 43.5942 0 2
187.071 43.6108 0 2
186.952 43.6337 0 2
186.843 43.6801 0 2
186.808 43.7861 0 2
186.805 43.8941 0 2
186.822 43.9975 0 2
186.857 44.0939 0 2
186.909 44.1808 0 2
186.975 44.2562 0 2
187.052 44.3203 0 2
187.136 44.3754 0 2
187.223 44.4241 0 2
187.312 44.4695 0 2
187.402 44.5149 0 2
187.489 44.5633 0 2
187.573 44.6178 0 2
187.651 44.6807 0 2
187.719 44.7538 0 2
187.774 44.8375 0 2
187.81 44.9304 0 2
187.824 45.029 0 2
187.814 45.1281 0 2
187.778 45.221 0 2
187.718 45.3011 0 2
187.64 45.3632 0 2
187.549 45.4042 0 2
187.451 45.4235 0 2
187.352 45.4223 0 2
187.253 45.4032 0 2
187.159 45.3689 0 2
187.071 45.3226 0 2
186.987 45.2669 0 2
186.909 45.2041 0 2
186.836 45.1359 0 2
186.766 45.064 0 2
186.699 44.9895 0 2
186.634 44.9134 0 2
186.569 44.8364 0 2
186.505 44.7592 0 2
186.441 44.6825 0 2
186.375 44.6068 0 2
186.307 44.5327 0 2
186.237 44.4608 0 2
186.164 44.3913 0 2
186.086 44.3244 0 2
186.002 44.2616 0 2
185.909 44.2066 0 2
185.802 44.1748 0 2
185.704 44.229 0 2
185.623 44.3074 0 2
185.552 44.3907 0 2
185.47 44.4618 0 2
185.388 44.5319 0 2
185.295 44.5878 0 2
185.205 44.6496 0 2
185.12 44.7157 0 2
185.026 44.7675 0 2
184.931 44.8194 0 2
184.828 44.8556 0 2
184.725 44.8975 0 2
184.624 44.9426 0 2
184.516 44.9712 0 2
184.406 45.0031 0 2
184.297 45.0399 0 2
184.189 45.0771 0 2
184.077 45.0956 0 2
183.963 45.1153 0 2
183.849 45.1388 0 2
183.736 45.1625 0 2
183.622 45.1667 0 2
183.505 45.1714 0 2
183.388 45.1794 0 2
183.273 45.1874 0 2
183.158 45.1753 0 2
183.041 45.1628 0 2
182.923 45.1528 0 2
182.806 45.1457 0 2
182.691 45.1392 0 2
182.579 45.1133 0 2
182.466 45.0873 0 2
182.353 45.0616 0 2
182.246 45.0177 0 2
182.133 44.977 0 2
182.014 44.9596 0 2
181.938 45.0434 0 2
181.889 45.1411 0 2
181.853 45.2401 0 2
181.821 45.3379 0 2
181.787 45.4334 0 2
181.746 45.5243 0 2
181.691 45.6076 0 2
181.621 45.6782 0 2
181.536 45.7294 0 2
181.44 45.7554 0 2
181.341 45.7527 0 2
181.247 45.722 0 2
181.164 45.6675 0 2
181.095 45.5954 0 2
181.041 45.5118 0 2
180.999 45.4216 0 0
180.964 45.328 0 0
180.932 45.2327 0 0
180.897 45.1363 0 0
180.856 45.0395 0 0
180.804 44.9435 0 0
180.73 44.8558 0 0
180.618 44.8382 0 0
180.507 44.8605 0 0
180.4 44.8894 0 0
180.295 44.9193 0 0
180.193 44.9513 0 0
180.094 44.9879 0 0
180 45.0302 0 0
179.91 45.073 0 0
179.813 45.0917 0 0
179.716 45.113 0 0
179.623 45.1377 0 0
179.526 45.1399 0 0
179.428 45.1466 0 0
179.332 45.1577 0 0
179.236 45.1475 0 0
179.138 45.1441 0 0
179.041 45.1551 0 0
178.947 45.1734 0 0
178.851 45.1719 0 0
178.755 45.1763 0 0
178.661 45.1869 0 0
178.567 45.1784 0 0
178.471 45.1771 0 0
178.377 45.1832 0 0
178.284 45.1711 0 0
178.189 45.1665 0 0
178.095 45.1696 0 0
178.002 45.1549 0 0
177.907 45.1478 0 0
177.813 45.1483 0 0
177.72 45.1303 0 0
177.625 45.1187 0 0
177.53 45.1136 0 0
177.438 45.0902 0 0
177.342 45.0748 0 0
177.246 45.0754 0 0
177.151 45.0846 0 0
177.056 45.0754 0 0
176.961 45.0725 0 0
176.867 45.0765 0 0
176.774 45.0621 0 0
176.679 45.0554 0 0
176.585 45.0566 0 0
176.492 45.0404 0 0
176.398 45.032 0 0
176.304 45.0316 0 0
176.212 45.0139 0 0
176.117 45.004 0 0
176.023 45.002 0 0
175.931 44.9828 0 0
175.837 44.9713 0 0
175.743 44.9675 0 0
175.651 44.9456 0 0
175.556 44.9303 0 0
175.462 44.9214 0 0
175.37 44.8945 0 0
175.275 44.8756 0 0
175.178 44.8726 0 0
175.083 44.8781 0 0
174.989 44.8655 0 0
174.894 44.8591 0 0
174.799 44.8597 0 0
174.706 44.8421 0 0
174.612 44.8319 0 0
174.518 44.8297 0 0
174.426 44.8102 0 0
174.331 44.7983 0 0
174.237 44.7944 0 0
174.145 44.7733 0 0
174.051 44.7597 0 0
173.957 44.7539 0 0
173.865 44.7299 0 0
173.771 44.7125 0 0
173.677 44.7015 0 0
173.586 44.6725 0 0
173.491 44.6515 0 0
173.394 44.6461 0 0
173.298 44.6493 0 0
173.204 44.6342 0 0
173.109 44.6255 0 0
173.014 44.6237 0 0
172.922 44.6038 0 0
172.828 44.5913 0 0
172.733 44.5868 0 0
172.642 44.565 0 0
172.547 44.5508 0 0
172.453 44.5446 0 0
172.362 44.5211 0 0
172.268 44.5052 0 0
172.174 44.4971 0 0
172.083 44.4709 0 0
171.989 44.4511 0 0
171.895 44.4378 0 0
171.804 44.4066 0 0
171.71 44.3832 0 0
171.613 44.3753 0 0
171.517 44.376 0 0
171.424 44.3585 0 0
171.328 44.3473 0 0
171.234 44.3431 0 0
171.142 44.3209 0 0
171.048 44.306 0 0
170.953 44.2992 0 0
170.862 44.2752 0 0
170.768 44.2588 0 0
170.674 44.2504 0 0
170.583 44.225 0 0
170.49 44.2071 0 0
170.396 44.1971 0 0
170.305 44.1702 0 0
170.212 44.1506 0 0
170.118 44.1388 0 0
170.028 44.1091 0 0
169.935 44.0857 0 0
169.841 44.0687 0 0
169.752 44.0339 0 0
169.658 44.0067 0 0
169.562 43.9947 0 0
169.466 43.9913 0 0
169.373 43.9697 0 0
169.278 43.9542 0 0
169.184 43.9456 0 0
169.093 43.9189 0 0
168.999 43.8995 0 0
168.905 43.8878 0 0
168.815 43.859 0 0
168.722 43.8374 0 0
168.628 43.8236 0 0
168.539 43.7926 0 0
168.446 43.7686 0 0
168.352 43.7521 0 0
168.264 43.7176 0 0
168.172 43.689 0 0
168.078 43.6663 0 0
167.991 43.6257 0 0
167.899 43.5918 0 0
167.803 43.572 0 0
167.707 43.5599 0 0
167.616 43.5287 0 0
167.522 43.5025 0 0
167.428 43.482 0 0
167.34 43.4422 0 0
167.249 43.4074 0 0
167.156 43.3783 0 0
167.072 43.3297 0 0
166.983 43.2842 0 0
166.893 43.2414 0 0
166.815 43.1779 0 0
166.731 43.1143 0 0
166.64 43.0558 0 0
166.539 43.0083 0 0
166.427 43.0053 0 0
166.344 43.0836 0 0
166.283 43.1739 0 0
166.23 43.2647 0 0
166.175 43.3508 0 0
166.108 43.425 0 0
166.024 43.4758 0 0
165.927 43.4911 0 0
165.832 43.4647 0 0
165.756 43.4027 0 0
165.704 43.3184 0 0
165.672 43.2235 0 0
165.651 43.1241 0 0
165.63 43.0222 0 0
165.598 42.9192 0 0
165.542 42.8218 0 0
165.439 42.7766 0 0
165.318 42.7892 0 0
165.205 42.8326 0 0
165.096 42.8817 0 0
164.992 42.9331 0 0
164.891 42.9873 0 0
164.796 43.0452 0 0
164.706 43.1039 0 0
164.607 43.1445 0 0
164.511 43.1888 0 0
164.419 43.2368 0 0
164.32 43.2684 0 0
164.222 43.3059 0 0
164.129 43.3489 0 0
164.03 43.3765 0 0
163.933 43.4108 0 0
163.839 43.451 0 0
163.74 43.476 0 0
163.642 43.5081 0 0
163.547 43.5463 0 0
163.448 43.5693 0 0
163.349 43.5995 0 0
163.253 43.6358 0 0
163.153 43.6564 0 0
163.053 43.6836 0 0
162.955 43.7161 0 0
162.853 43.7323 0 0
162.75 43.7552 0 0
162.651 43.7892 0 0
162.555 43.8286 0 0
162.455 43.8518 0 0
162.355 43.8807 0 0
162.259 43.9154 0 0
162.159 43.9342 0 0
162.059 43.9601 0 0
161.962 43.9924 0 0
161.862 44.0091 0 0
161.762 44.033 0 0
161.664 44.0635 0 0
161.564 44.0783 0 0
161.463 44.1003 0 0
161.365 44.1288 0 0
161.263 44.1413 0 0
161.162 44.1604 0 0
161.062 44.185 0 0
160.959 44.1929 0 0
160.855 44.2077 0 0
160.753 44.2336 0 0
160.655 44.2655 0 0
160.553 44.2807 0 0
160.451 44.3019 0 0
160.353 44.329 0 0
160.252 44.34 0 0
160.15 44.358 0 0
160.051 44.3827 0 0
159.95 44.3916 0 0
159.849 44.4078 0 0
159.75 44.4308 0 0
159.648 44.438 0 0
159.547 44.4526 0 0
159.447 44.4739 0 0
159.346 44.4795 0 0
159.244 44.4922 0 0
159.143 44.5115 0 0
159.041 44.5146 0 0
158.938 44.5242 0 0
158.836 44.5396 0 0
158.733 44.5381 0 0
158.628 44.5434 0 0
158.525 44.56 0 0
158.424 44.5829 0 0
158.321 44.589 0 0
158.218 44.6009 0 0
158.118 44.6189 0 0
158.016 44.6206 0 0
157.913 44.629 0 0
157.813 44.6441 0 0
157.711 44.6431 0 0
157.608 44.6492 0 0
157.508 44.6621 0 0
157.406 44.6591 0 0
157.303 44.663 0 0
157.202 44.6737 0 0
157.1 44.668 0 0
156.996 44.6687 0 0
156.894 44.6753 0 0
156.791 44.6649 0 0
156.686 44.6611 0 0
156.582 44.6688 0 0
156.48 44.683 0 0
156.377 44.6802 0 0
156.273 44.6833 0 0
156.172 44.6929 0 0
156.07 44.686 0 0
155.968 44.686 0 0
155.866 44.693 0 0
155.765 44.684 0 0
155.663 44.6822 0 0
155.561 44.6875 0 0
155.461 44.6769 0 0
155.358 44.6734 0 0
155.257 44.677 0 0
155.156 44.6647 0 0
155.053 44.6594 0 0
154.952 44.6609 0 0
154.851 44.6461 0 0
154.748 44.6375 0 0
154.645 44.6349 0 0
154.544 44.6154 0 0
154.44 44.6022 0 0
154.335 44.6005 0 0
154.232 44.6056 0 0
154.13 44.5937 0 0
154.027 44.5876 0 0
153.925 44.5881 0 0
153.825 44.5721 0 0
153.723 44.5628 0 0
153.621 44.5607 0 0
153.521 44.5426 0 0
153.419 44.5313 0 0
153.318 44.5273 0 0
153.218 44.5073 0 0
153.117 44.4941 0 0
153.015 44.4878 0 0
152.916 44.4652 0 0
152.814 44.4486 0 0
152.712 44.438 0 0
152.612 44.4105 0 0
152.51 44.3891 0 0
152.405 44.379 0 0
152.302 44.3758 0 0
152.202 44.3555 0 0
152.099 44.3408 0 0
151.997 44.3326 0 0
151.898 44.3078 0 0
151.797 44.2893 0 0
151.695 44.2775 0 0
151.597 44.2492 0 0
151.496 44.227 0 0
151.394 44.2108 0 0
151.296 44.1773 0 0
151.195 44.1481 0 0
151.092 44.1227 0 0
150.995 44.0782 0 0
150.894 44.0352 0 0
150.788 43.997 0 0
150.679 43.9621 0 0
150.567 43.9293 0 0
150.453 43.8986 0 0
150.336 43.8755 0 0
150.219 43.8933 0 0
150.147 43.983 0 0
150.094 44.0792 0 0
150.043 44.1718 0 0
149.985 44.2568 0 0
149.915 44.3293 0 0
149.831 44.3834 0 0
149.736 44.4143 0 0
149.637 44.4196 0 0
149.539 44.399 0 0
149.45 44.3546 0 0
149.373 44.2902 0 0
149.311 44.2107 0 0
149.26 44.1214 0 0
149.214 44.0261 0 0
149.164 43.9283 0 0
149.094 43.8375 0 0
148.977 43.8204 0 0
148.859 43.845 0 0
148.745 43.8781 0 0
148.634 43.9143 0 0
148.526 43.954 0 0
148.423 43.9983 0 0
148.325 44.0444 0 0
148.222 44.0721 0 0
148.119 44.1038 0 0
148.021 44.1399 0 0
147.917 44.1593 0 0
147.815 44.1847 0 0
147.716 44.2159 0 0
147.613 44.2311 0 0
147.509 44.2525 0 0
147.408 44.2794 0 0
147.304 44.2898 0 0
147.199 44.3068 0 0
147.096 44.3344 0 0
146.997 44.3677 0 0
146.894 44.3848 0 0
146.792 44.4077 0 0
146.693 44.4365 0 0
146.59 44.4496 0 0
146.488 44.4698 0 0
146.389 44.4965 0 0
146.286 44.508 0 0
146.184 44.5267 0 0
146.084 44.5521 0 0
145.982 44.5622 0 0
145.879 44.5796 0 0
145.779 44.6037 0 0
145.677 44.6124 0 0
145.574 44.6284 0 0
145.473 44.651 0 0
145.37 44.6578 0 0
145.266 44.6713 0 0
145.164 44.6905 0 0
145.06 44.6932 0 0
144.954 44.7026 0 0
144.85 44.723 0 0
144.749 44.7494 0 0
144.645 44.7594 0 0
144.542 44.7753 0 0
144.441 44.7973 0 0
144.338 44.8036 0 0
144.235 44.8168 0 0
144.134 44.8369 0 0
144.031 44.8414 0 0
143.928 44.8531 0 0
143.827 44.8716 0 0
143.724 44.8746 0 0
143.62 44.8847 0 0
143.519 44.9016 0 0
143.415 44.9026 0 0
143.311 44.9101 0 0
143.208 44.9234 0 0
143.104 44.9202 0 0
142.998 44.9235 0 0
142.893 44.938 0 0
142.791 44.9586 0 0
142.687 44.9627 0 0
142.583 44.9727 0 0
142.481 44.989 0 0
142.378 44.9894 0 0
142.274 44.9968 0 0
142.173 45.0111 0 0
142.07 45.0099 0 0
141.966 45.0157 0 0
141.864 45.0286 0 0
141.762 45.026 0 0
141.658 45.0304 0 0
141.556 45.0419 0 0
141.453 45.0376 0 0
141.349 45.0403 0 0
141.247 45.0497 0 0
141.144 45.0429 0 0
141.04 45.0425 0 0
140.936 45.0477 0 0
140.832 45.0361 0 0
140.726 45.0308 0 0
140.621 45.0366 0 0
140.517 45.0487 0 0
140.414 45.0441 0 0
140.309 45.0453 0 0
140.206 45.053 0 0
140.104 45.0446 0 0
140 45.0432 0 0
139.897 45.0488 0 0
139.795 45.0387 0 0
139.692 45.0356 0 0
139.589 45.0397 0 0
139.487 45.028 0 0
139.383 45.0234 0 0
139.28 45.0257 0 0
139.178 45.012 0 0
139.074 45.0046 0 0
138.971 45.0032 0 0
138.868 44.9851 0 0
138.763 44.9734 0 0
138.657 44.9728 0 0
138.554 44.9788 0 0
138.45 44.9682 0 0
138.346 44.9634 0 0
138.243 44.9652 0 0
138.142 44.951 0 0
138.038 44.9436 0 0
137.936 44.9434 0 0
137.834 44.9276 0 0
137.731 44.9187 0 0
137.629 44.9171 0 0
137.528 44.9 0 0
137.425 44.8898 0 0
137.322 44.8868 0 0
137.222 44.8683 0 0
137.119 44.8566 0 0
137.016 44.852 0 0
136.915 44.8315 0 0
136.812 44.8171 0 0
136.709 44.8087 0 0
136.608 44.7838 0 0
136.504 44.765 0 0
136.398 44.7573 0 0
136.295 44.7564 0 0
136.193 44.7389 0 0
136.089 44.727 0 0
135.986 44.7219 0 0
135.886 44.7007 0 0
135.783 44.6863 0 0
135.681 44.679 0 0
135.581 44.6562 0 0
135.479 44.6401 0 0
135.376 44.6312 0 0
135.277 44.6068 0 0
135.175 44.5889 0 0
135.072 44.5778 0 0
134.973 44.5506 0 0
134.87 44.5293 0 0
134.767 44.5136 0 0
134.668 44.4812 0 0
134.565 44.4541 0 0
134.459 44.4373 0 0
134.354 44.426 0 0
134.253 44.3965 0 0
134.149 44.3704 0 0
134.044 44.3476 0 0
133.944 44.3055 0 0
133.839 44.2649 0 0
133.73 44.2288 0 0
133.617 44.1967 0 0
133.499 44.1736 0 0
133.382 44.1918 0 0
133.31 44.2815 0 0
133.256 44.3774 0 0
133.204 44.4694 0 0
133.144 44.5536 0 0
133.072 44.6252 0 0
132.988 44.6793 0 0
132.893 44.7115 0 0
132.793 44.7202 0 0
132.695 44.705 0 0
132.602 44.6668 0 0
132.521 44.6076 0 0
132.454 44.5319 0 0
132.398 44.4448 0 0
132.35 44.3505 0 0
132.299 44.2529 0 0
132.23 44.1612 0 0
132.113 44.1409 0 0
131.993 44.1611 0 0
131.877 44.189 0 0
131.762 44.2189 0 0
131.65 44.2506 0 0
131.54 44.2854 0 0
131.434 44.3242 0 0
131.333 44.3638 0 0
131.226 44.3838 0 0
131.119 44.407 0 0
131.015 44.4386 0 0
130.915 44.4746 0 0
130.811 44.4935 0 0
130.708 44.5176 0 0
130.609 44.5472 0 0
130.506 44.5608 0 0
130.403 44.5811 0 0
130.303 44.6078 0 0
130.201 44.619 0 0
130.098 44.6373 0 0
129.998 44.6623 0 0
129.895 44.672 0 0
129.792 44.6887 0 0
129.692 44.7121 0 0
129.589 44.7198 0 0
129.485 44.7341 0 0
129.383 44.7541 0 0
129.279 44.7576 0 0
129.173 44.768 0 0
129.069 44.7893 0 0
128.968 44.8166 0 0
128.865 44.8276 0 0
128.761 44.8446 0 0
128.661 44.8677 0 0
128.558 44.8751 0 0
128.455 44.8896 0 0
128.354 44.9108 0 0
128.251 44.9167 0 0
128.148 44.9298 0 0
128.047 44.9499 0 0
127.945 44.9545 0 0
127.842 44.9665 0 0
127.74 44.9853 0 0
127.638 44.9887 0 0
127.534 44.9993 0 0
127.433 45.0167 0 0
127.329 45.0183 0 0
127.225 45.0265 0 0
127.122 45.0406 0 0
127.018 45.0381 0 0
126.912 45.0423 0 0
126.807 45.0576 0 0
126.705 45.079 0 0
126.601 45.0841 0 0
126.497 45.0951 0 0
126.395 45.1123 0 0
126.292 45.1138 0 0
126.189 45.1222 0 0
126.087 45.1376 0 0
125.984 45.1374 0 0
125.88 45.1443 0 0
125.779 45.1583 0 0
125.676 45.1567 0 0
125.572 45.1622 0 0
125.47 45.1746 0 0
125.367 45.1711 0 0
125.262 45.1741 0 0
125.158 45.1829 0 0
125.055 45.1752 0 0
124.948 45.1739 0 0
124.843 45.1837 0 0
124.74 45.1998 0 0
124.636 45.1991 0 0
124.531 45.2041 0 0
124.429 45.2154 0 0
124.326 45.2104 0 0
124.222 45.2122 0 0
124.119 45.2209 0 0
124.017 45.2137 0 0
123.913 45.2135 0 0
123.811 45.2201 0 0
123.708 45.2111 0 0
123.604 45.209 0 0
123.502 45.214 0 0
123.4 45.2033 0 0
123.296 45.1996 0 0
123.193 45.2029 0 0
123.091 45.1902 0 0
122.986 45.184 0 0
122.883 45.1837 0 0
122.78 45.1668 0 0
122.674 45.1562 0 0
122.568 45.1569 0 0
122.465 45.1642 0 0
122.361 45.1548 0 0
122.257 45.1513 0 0
122.154 45.1544 0 0
122.052 45.1416 0 0
121.948 45.1356 0 0
121.846 45.1368 0 0
121.744 45.1224 0 0
121.64 45.115 0 0
121.538 45.1147 0 0
121.436 45.0989 0 0
121.333 45.0901 0 0
121.23 45.0882 0 0
121.129 45.0705 0 0
121.025 45.0591 0 0
120.921 45.0536 0 0
120.82 45.0316 0 0
120.715 45.0159 0 0
120.609 45.0113 0 0
120.505 45.0134 0 0
120.402 44.999 0 0
120.298 44.9904 0 0
120.195 44.9885 0 0
120.094 44.9706 0 0
119.991 44.9596 0 0
119.889 44.9558 0 0
119.788 44.9365 0 0
119.685 44.9242 0 0
119.583 44.9191 0 0
119.482 44.8987 0 0
119.379 44.8851 0 0
119.277 44.8788 0 0
119.177 44.857 0 0
119.074 44.8421 0 0
118.972 44.8342 0 0
118.872 44.8105 0 0
118.769 44.7929 0 0
118.665 44.7812 0 0
118.565 44.7531 0 0
118.462 44.7309 0 0
118.356 44.7197 0 0
118.252 44.7152 0 0
118.15 44.6939 0 0
118.046 44.6781 0 0
117.943 44.6686 0 0
117.843 44.6428 0 0
117.74 44.6231 0 0
117.636 44.6094 0 0
117.536 44.5787 0 0
117.433 44.5525 0 0
117.328 44.5303 0 0
117.228 44.4893 0 0
117.124 44.4502 0 0
117.015 44.4159 0 0
116.903 44.3851 0 0
116.788 44.3573 0 0
116.67 44.3378 0 0
116.553 44.3592 0 0
116.483 44.4507 0 0
116.432 44.5479 0 0
116.381 44.641 0 0
116.323 44.7263 0 0
116.252 44.7994 0 0
116.169 44.8551 0 0
116.075 44.8894 0 0
115.976 44.9008 0 0
115.876 44.8886 0 0
115.783 44.8535 0 0
115.699 44.7972 0 0
115.629 44.7238 0 0
115.571 44.6385 0 0
115.52 44.5455 0 0
115.468 44.449 0 0
115.397 44.3584 0 0
115.279 44.339 0 0
115.16 44.3599 0 0
115.045 44.3887 0 0
114.931 44.4195 0 0
114.82 44.4524 0 0
114.712 44.4888 0 0
114.608 44.5299 0 0
114.509 44.5728 0 0
114.405 44.5971 0 0
114.302 44.6253 0 0
114.203 44.6583 0 0
114.099 44.6744 0 0
113.997 44.6967 0 0
113.897 44.7251 0 0
113.794 44.7377 0 0
113.692 44.7572 0 0
113.591 44.783 0 0
113.489 44.793 0 0
113.385 44.8095 0 0
113.283 44.8316 0 0
113.179 44.8372 0 0
113.074 44.8494 0 0
112.97 44.8727 0 0
112.87 44.9018 0 0
112.767 44.9147 0 0
112.664 44.9335 0 0
112.564 44.9583 0 0
112.461 44.9674 0 0
112.359 44.9835 0 0
112.258 45.0064 0 0
112.156 45.0139 0 0
112.053 45.0285 0 0
111.953 45.05 0 0
111.85 45.0561 0 0
111.747 45.0693 0 0
111.646 45.0893 0 0
111.543 45.0934 0 0
111.439 45.1041 0 0
111.336 45.1207 0 0
111.232 45.1207 0 0
111.126 45.1274 0 0
111.022 45.1453 0 0
110.921 45.1693 0 0
110.817 45.1769 0 0
110.714 45.1904 0 0
110.613 45.2102 0 0
110.51 45.2141 0 0
110.406 45.2251 0 0
110.305 45.243 0 0
110.203 45.2454 0 0
110.099 45.255 0 0
109.998 45.2716 0 0
109.896 45.2727 0 0
109.792 45.2812 0 0
109.691 45.2966 0 0
109.588 45.2964 0 0
109.484 45.3035 0 0
109.382 45.3174 0 0
109.279 45.3154 0 0
109.175 45.32 0 0
109.072 45.3305 0 0
108.968 45.3243 0 0
108.862 45.3248 0 0
108.757 45.3365 0 0
108.654 45.3544 0 0
108.55 45.3558 0 0
108.446 45.363 0 0
108.344 45.3766 0 0
108.241 45.3742 0 0
108.137 45.3786 0 0
108.035 45.3898 0 0
107.932 45.3852 0 0
107.828 45.3875 0 0
107.726 45.3966 0 0
107.623 45.3899 0 0
107.519 45.39 0 0
107.416 45.3968 0 0
107.314 45.3874 0 0
107.209 45.3842 0 0
107.105 45.3868 0 0
107.002 45.3725 0 0
106.897 45.3646 0 0
106.791 45.3678 0 0
106.687 45.3775 0 0
106.584 45.3706 0 0
106.479 45.3695 0 0
106.376 45.375 0 0
106.274 45.3645 0 0
106.17 45.361 0 0
106.068 45.3645 0 0
105.966 45.3526 0 0
105.862 45.3477 0 0
105.76 45.35 0 0
105.658 45.3368 0 0
105.555 45.3306 0 0
105.452 45.3317 0 0
105.351 45.3172 0 0
105.247 45.3097 0 0
105.144 45.3093 0 0
105.043 45.2929 0 0
104.939 45.2829 0 0
104.835 45.2789 0 0
104.733 45.2583 0 0
104.628 45.2439 0 0
104.522 45.2408 0 0
104.418 45.2444 0 0
104.315 45.2313 0 0
104.211 45.2241 0 0
104.108 45.2235 0 0
104.007 45.207 0 0
103.903 45.1973 0 0
103.801 45.1948 0 0
103.7 45.1768 0 0
103.597 45.1656 0 0
103.494 45.1617 0 0
103.393 45.1423 0 0
103.29 45.1297 0 0
103.188 45.1242 0 0
103.087 45.1028 0 0
102.984 45.0876 0 0
102.88 45.0784 0 0
102.78 45.0527 0 0
102.675 45.0332 0 0
102.57 45.0248 0 0
102.466 45.0231 0 0
102.364 45.0049 0 0
102.26 44.9925 0 0
102.157 44.9867 0 0
102.057 44.9651 0 0
101.954 44.9502 0 0
101.852 44.9425 0 0
101.752 44.9193 0 0
101.649 44.9028 0 0
101.547 44.8936 0 0
101.447 44.8689 0 0
101.345 44.8507 0 0
101.242 44.8396 0 0
101.142 44.8128 0 0
101.04 44.7921 0 0
100.937 44.7777 0 0
100.837 44.7464 0 0
100.734 44.7198 0 0
100.629 44.6973 0 0
100.53 44.6561 0 0
100.426 44.6168 0 0
100.317 44.5823 0 0
100.206 44.5514 0 0
100.092 44.5226 0 0
99.9761 44.496 0 0
99.8568 44.4772 0 0
99.74 44.4989 0 0
99.6708 44.5908 0 0
99.6197 44.6883 0 0
99.5697 44.7818 0 0
99.5122 44.8675 0 0
99.4424 44.9411 0 0
99.3593 44.9975 0 0
99.2656 45.0327 0 0
99.1663 45.045 0 0
99.0669 45.0338 0 0
98.9728 44.9997 0 0
98.8891 44.9442 0 0
98.8184 44.8715 0 0
98.7598 44.7865 0 0
98.7086 44.6936 0 0
98.6562 44.5969 0 0
98.5858 44.5058 0 0
98.4689 44.4856 0 0
98.3504 44.506 0 0
98.2357 44.5346 0 0
98.1236 44.5661 0 0
98.0146 44.6008 0 0
97.9099 44.6403 0 0
97.81 44.6813 0 0
97.7048 44.7032 0 0
97.6003 44.7285 0 0
97.4986 44.7575 0 0
97.3934 44.7684 0 0
97.2876 44.7848 0 0
97.1842 44.8114 0 0
97.0848 44.8434 0 0
96.9818 44.8588 0 0
96.8791 44.8798 0 0
96.7796 44.9067 0 0
96.6772 44.9177 0 0
96.5748 44.9355 0 0
96.4752 44.9599 0 0
96.3731 44.9688 0 0
96.2707 44.985 0 0
96.171 45.008 0 0
96.0689 45.0156 0 0
95.9663 45.0305 0 0
95.8662 45.0523 0 0
95.764 45.0586 0 0
95.6611 45.0721 0 0
95.5604 45.0924 0 0
95.4577 45.0968 0 0
95.354 45.1078 0 0
95.2518 45.1247 0 0
95.148 45.125 0 0
95.0424 45.132 0 0
94.9381 45.1502 0 0
94.8372 45.1746 0 0
94.7339 45.1825 0 0
94.6305 45.1964 0 0
94.5297 45.2165 0 0
94.4271 45.2206 0 0
94.3239 45.2319 0 0
94.223 45.25 0 0
94.1205 45.2526 0 0
94.0173 45.2623 0 0
93.9162 45.279 0 0
93.8137 45.2801 0 0
93.7102 45.2884 0 0
93.6086 45.3036 0 0
93.5058 45.3027 0 0
93.4017 45.3085 0 0
93.2987 45.3201 0 0
93.195 45.3151 0 0
93.0892 45.3167 0 0
92.9842 45.3296 0 0
92.8821 45.3487 0 0
92.7785 45.3513 0 0
92.6746 45.3599 0 0
92.5729 45.3748 0 0
92.4702 45.3738 0 0
92.3666 45.3798 0 0
92.265 45.3928 0 0
92.1626 45.3902 0 0
92.0591 45.3948 0 0
91.9574 45.4065 0 0
91.8551 45.4026 0 0
91.7515 45.4059 0 0
91.6496 45.4164 0 0
91.5473 45.4111 0 0
91.4434 45.413 0 0
91.341 45.4217 0 0
91.2385 45.4144 0 0
91.1341 45.4133 0 0
91.0305 45.418 0 0
90.9272 45.4059 0 0
90.8215 45.3999 0 0
90.7156 45.405 0 0
90.6123 45.4164 0 0
90.5087 45.4109 0 0
90.4043 45.411 0 0
90.3016 45.4176 0 0
90.1992 45.4079 0 0
90.0954 45.4051 0 0
89.9929 45.4094 0 0
89.891 45.398 0 0
89.7873 45.3937 0 0
89.6848 45.3965 0 0
89.5831 45.3836 0 0
89.4794 45.3777 0 0
89.3766 45.3788 0 0
89.2749 45.364 0 0
89.1709 45.3555 0 0
89.0673 45.353 0 0
88.9652 45.3338 0 0
88.8601 45.321 0 0
88.7542 45.3194 0 0
88.6505 45.3245 0 0
88.5474 45.3129 0 0
88.4433 45.3072 0 0
88.3405 45.3081 0 0
88.2388 45.2931 0 0
88.1353 45.2849 0 0
88.0329 45.2839 0 0
87.9317 45.2674 0 0
87.8285 45.2578 0 0
87.7262 45.2555 0 0
87.6253 45.2378 0 0
87.5222 45.227 0 0
87.4198 45.2235 0 0
87.3191 45.2044 0 0
87.216 45.1923 0 0
87.1133 45.1872 0 0
87.0127 45.1662 0 0
86.9094 45.1515 0 0
86.8061 45.1427 0 0
86.7053 45.1175 0 0
86.6011 45.0984 0 0
86.4955 45.0905 0 0
86.3916 45.0893 0 0
86.2894 45.0716 0 0
86.1857 45.0596 0 0
86.083 45.0543 0 0
85.9823 45.0331 0 0
85.8794 45.0186 0 0
85.7771 45.0114 0 0
85.677 44.9886 0 0
85.5744 44.9727 0 0
85.4722 44.964 0 0
85.3724 44.9397 0 0
85.2699 44.9222 0 0
85.1675 44.9117 0 0
85.0679 44.8854 0 0
84.9653 44.865 0 0
84.8624 44.8505 0 0
84.7629 44.8196 0 0
84.6596 44.7944 0 0
84.5541 44.7798 0 0
84.4496 44.7717 0 0
84.3482 44.7466 0 0
84.2445 44.7266 0 0
84.1407 44.7122 0 0
84.0407 44.6806 0 0
83.9373 44.6535 0 0
83.8329 44.6305 0 0
83.7337 44.5889 0 0
83.6299 44.5492 0 0
83.5218 44.5147 0 0
83.4108 44.4842 0 0
83.2981 44.4565 0 0
83.184 44.4314 0 0
83.0685 44.41 0 0
82.9512 44.402 0 0
82.8471 44.4453 0 0
82.7814 44.5363 0 0
82.731 44.6316 0 0
82.6816 44.7238 0 0
82.6251 44.8088 0 0
82.5561 44.8821 0 0
82.4737 44.9385 0 0
82.3803 44.9735 0 0
82.2812 44.984 0 0
82.1827 44.9689 0 0
82.0912 44.9292 0 0
82.0122 44.8679 0 0
81.9478 44.79 0 0
81.8961 44.7011 0 0
81.851 44.6053 0 0
81.8032 44.5065 0 0
81.7361 44.4133 0 0
81.6197 44.3906 0 0
81.5001 44.4084 0 0
81.3834 44.4339 0 0
81.2686 44.4614 0 0
81.1555 44.4903 0 0
81.0443 44.5216 0 0
80.9361 44.5564 0 0
80.8323 44.5962 0 0
80.7334 44.6378 0 0
80.6291 44.6606 0 0
80.5259 44.6875 0 0
80.4264 44.7191 0 0
80.3233 44.7338 0 0
80.2206 44.7546 0 0
80.121 44.7816 0 0
80.0183 44.7926 0 0
79.9156 44.8106 0 0
79.8154 44.835 0 0
79.7127 44.8434 0 0
79.6092 44.8584 0 0
79.5075 44.8789 0 0
79.4036 44.8829 0 0
79.2982 44.8936 0 0
79.1945 44.9154 0 0
79.0944 44.9432 0 0
78.9914 44.9546 0 0
78.8885 44.972 0 0
78.7884 44.9955 0 0
78.686 45.0032 0 0
78.5832 45.018 0 0
78.4831 45.0396 0 0
78.3808 45.0457 0 0
78.278 45.0591 0 0
78.1777 45.0794 0 0
78.0754 45.0843 0 0
77.9725 45.0965 0 0
77.8719 45.1156 0 0
77.7695 45.1193 0 0
77.6662 45.1302 0 0
77.565 45.1479 0 0
77.4623 45.1496 0 0
77.3583 45.1581 0 0
77.2556 45.1724 0 0
77.1517 45.1701 0 0
77.0459 45.1745 0 0
76.9412 45.1901 0 0
76.8396 45.212 0 0
76.7361 45.2173 0 0
76.6324 45.2286 0 0
76.531 45.2463 0 0
76.4282 45.2479 0 0
76.3247 45.2567 0 0
76.2234 45.2724 0 0
76.1208 45.2725 0 0
76.0173 45.2798 0 0
75.9157 45.2941 0 0
75.8132 45.2927 0 0
75.7094 45.2986 0 0
75.6074 45.3113 0 0
75.5046 45.3081 0 0
75.4002 45.3115 0 0
75.2969 45.3207 0 0
75.1932 45.3133 0 0
75.0872 45.3125 0 0
74.9818 45.3229 0 0
74.8791 45.3396 0 0
74.7754 45.3398 0 0
74.6711 45.3458 0 0
74.5689 45.3581 0 0
74.466 45.3544 0 0
74.362 45.3574 0 0
74.2599 45.3673 0 0
74.1574 45.3613 0 0
74.0535 45.3623 0 0
73.9512 45.3702 0 0
73.8489 45.3623 0 0
73.745 45.3614 0 0
73.6425 45.3673 0 0
73.5403 45.3575 0 0
73.4363 45.3545 0 0
73.3335 45.3584 0 0
73.2312 45.3463 0 0
73.1269 45.3405 0 0
73.023 45.3406 0 0
72.9203 45.3241 0 0
72.8148 45.314 0 0
72.7088 45.3151 0 0
72.605 45.3228 0 0
72.5016 45.3138 0 0
72.3971 45.3108 0 0
72.2942 45.3143 0 0
72.192 45.3018 0 0
72.0882 45.2963 0 0
71.9855 45.2979 0 0
71.8838 45.2839 0 0
71.7801 45.2769 0 0
71.6774 45.2771 0 0
71.5759 45.2618 0 0
71.4722 45.2533 0 0
71.3692 45.252 0 0
71.2677 45.2347 0 0
71.1637 45.2238 0 0
71.06 45.2188 0 0
70.9582 45.1973 0 0
70.8532 45.1821 0 0
70.7472 45.178 0 0
70.6431 45.1806 0 0
70.5402 45.1666 0 0
70.436 45.1585 0 0
70.333 45.157 0 0
70.2315 45.1397 0 0
70.128 45.1292 0 0
70.0253 45.126 0 0
69.9244 45.1072 0 0
69.8212 45.0954 0 0
69.7187 45.0909 0 0
69.618 45.0711 0 0
69.5149 45.0581 0 0
69.4123 45.0524 0 0
69.3118 45.0313 0 0
69.2087 45.017 0 0
69.1059 45.0098 0 0
69.0055 44.9868 0 0
68.9022 44.97 0 0
68.7988 44.9592 0 0
68.6983 44.9321 0 0
68.5942 44.9109 0 0
68.4885 44.9008 0 0
68.3843 44.8975 0 0
68.2822 44.8777 0 0
68.1784 44.8635 0 0
68.0754 44.8561 0 0
67.9749 44.8328 0 0
67.8719 44.8161 0 0
67.7692 44.8066 0 0
67.6692 44.7815 0 0
67.5664 44.7631 0 0
67.4637 44.7516 0 0
67.3639 44.7243 0 0
67.261 44.7033 0 0
67.1576 44.6884 0 0
67.0578 44.6567 0 0
66.9544 44.6297 0 0
66.8498 44.6068 0 0
66.7504 44.5652 0 0
66.646 44.5256 0 0
66.5369 44.4908 0 0
66.4246 44.4595 0 0
66.3095 44.4312 0 0
66.1907 44.4111 0 0
66.0737 44.4317 0 0
66.0034 44.5228 0 0
65.9508 44.6195 0 0
65.8992 44.7122 0 0
65.84 44.7969 0 0
65.7688 44.8692 0 0
65.6848 44.9245 0 0
65.5908 44.9591 0 0
65.4914 44.9716 0 0
65.3917 44.9613 0 0
65.2971 44.9286 0 0
65.2123 44.8746 0 0
65.1404 44.8028 0 0
65.081 44.7182 0 0
65.0296 44.6254 0 0
64.9777 44.5282 0 0
64.9083 44.4361 0 0
64.7916 44.4134 0 0
64.6718 44.4307 0 0
64.5553 44.4556 0 0
64.4409 44.4826 0 0
64.3285 44.5117 0 0
64.2191 44.5442 0 0
64.1139 44.5816 0 0
64.0135 44.6208 0 0
63.9083 44.6411 0 0
63.8039 44.6654 0 0
63.7028 44.6942 0 0
63.5986 44.7056 0 0
63.4941 44.7225 0 0
63.3919 44.7446 0 0
63.2872 44.7496 0 0
63.1812 44.761 0 0
63.0771 44.7831 0 0
62.9766 44.8111 0 0
62.8732 44.8225 0 0
62.7699 44.8397 0 0
62.6695 44.863 0 0
62.5667 44.8704 0 0
62.4635 44.8848 0 0
62.363 44.906 0 0
62.2604 44.9117 0 0
62.1572 44.9246 0 0
62.0563 44.9444 0 0
61.9537 44.9486 0 0
61.8502 44.9601 0 0
61.7488 44.9783 0 0
61.6458 44.9807 0 0
61.5416 44.9897 0 0
61.4388 45.0045 0 0
61.3347 45.0027 0 0
61.2287 45.0077 0 0
61.1238 45.0238 0 0
61.022 45.046 0 0
60.9183 45.0519 0 0
60.8144 45.0637 0 0
60.7129 45.0817 0 0
60.6099 45.084 0 0
60.5062 45.0933 0 0
60.4048 45.1095 0 0
60.3021 45.1103 0 0
60.1984 45.1182 0 0
60.0969 45.1332 0 0
59.9942 45.1327 0 0
59.8905 45.1395 0 0
59.7886 45.1533 0 0
59.6859 45.1516 0 0
59.5819 45.1571 0 0
59.4795 45.1694 0 0
59.3765 45.1659 0 0
59.2718 45.169 0 0
59.1682 45.1779 0 0
59.0643 45.1703 0 0
58.9581 45.1692 0 0
58.8523 45.1793 0 0
58.7493 45.1957 0 0
58.6453 45.1956 0 0
58.5407 45.2014 0 0
58.4382 45.2136 0 0
58.3351 45.2099 0 0
58.2309 45.2132 0 0
58.1284 45.2234 0 0
58.0256 45.2181 0 0
57.9214 45.2199 0 0
57.8188 45.2286 0 0
57.716 45.2216 0 0
57.6116 45.2215 0 0
57.5084 45.2281 0 0
57.4055 45.2185 0 0
57.3007 45.2151 0 0
57.1964 45.2174 0 0
57.093 45.2029 0 0
56.9869 45.1945 0 0
56.8804 45.1969 0 0
56.7764 45.2057 0 0
56.6725 45.1977 0 0
56.5676 45.1955 0 0
56.4644 45.1998 0 0
56.3618 45.1882 0 0
56.2575 45.1835 0 0
56.1546 45.1859 0 0
56.0524 45.1728 0 0
55.9484 45.1667 0 0
55.8455 45.1678 0 0
55.7436 45.1536 0 0
55.6397 45.1463 0 0
55.5367 45.1462 0 0
55.4349 45.1307 0 0
55.3309 45.1221 0 0
55.2276 45.1205 0 0
55.1257 45.1032 0 0
55.0214 45.0921 0 0
54.9173 45.087 0 0
54.8151 45.0655 0 0
54.7098 45.0501 0 0
54.6034 45.0458 0 0
54.4989 45.0481 0 0
54.3957 45.034 0 0
54.291 45.0257 0 0
54.1876 45.0239 0 0
54.0857 45.0065 0 0
53.9817 44.9957 0 0
53.8786 44.9922 0 0
53.7772 44.9732 0 0
53.6736 44.9611 0 0
53.5705 44.9562 0 0
53.4693 44.9358 0 0
53.3657 44.9223 0 0
53.2624 44.9158 0 0
53.1614 44.8936 0 0
53.0576 44.8775 0 0
52.9538 44.8675 0 0
52.8527 44.8412 0 0
52.7482 44.8209 0 0
52.6421 44.8115 0 0
52.5377 44.8088 0 0
52.4352 44.7897 0 0
52.331 44.7764 0 0
52.2277 44.7697 0 0
52.1266 44.7474 0 0
52.0232 44.7317 0 0
51.9203 44.7232 0 0
51.8199 44.6995 0 0
51.7168 44.6825 0 0
51.6141 44.6728 0 0
51.5139 44.6479 0 0
51.411 44.6297 0 0
51.3082 44.6187 0 0
51.2082 44.5924 0 0
51.1053 44.5727 0 0
51.0023 44.56 0 0
50.9024 44.5316 0 0
50.7993 44.5089 0 0
50.6957 44.4919 0 0
50.5959 44.4585 0 0
50.492 44.4304 0 0
50.3856 44.4122 0 0
50.2798 44.3995 0 0
50.1776 44.369 0 0
50.0725 44.3422 0 0
49.9666 44.3189 0 0
49.8661 44.2769 0 0
49.7609 44.2365 0 0
49.6513 44.2005 0 0
49.5386 44.1678 0 0
49.4232 44.1378 0 0
49.3041 44.1162 0 0
49.1866 44.1352 0 0
49.1159 44.2258 0 0
49.0635 44.3225 0 0
49.0129 44.4158 0 0
48.9553 44.5015 0 0
48.8859 44.5756 0 0
48.8036 44.6332 0 0
48.7106 44.6703 0 0
48.6116 44.6852 0 0
48.5118 44.6771 0 0
48.4167 44.646 0 0
48.3312 44.5932 0 0
48.2584 44.5224 0 0
48.198 44.4386 0 0
48.1456 44.3465 0 0
48.0926 44.2499 0 0
48.0221 44.1587 0 0
47.9052 44.1373 0 0
47.7858 44.156 0 0
47.6698 44.1822 0 0
47.5559 44.2105 0 0
47.4441 44.2409 0 0
47.3354 44.2748 0 0
47.231 44.3135 0 0
47.1316 44.3541 0 0
47.027 44.3759 0 0
46.9236 44.4017 0 0
46.8237 44.4323 0 0
46.7204 44.446 0 0
46.6176 44.4658 0 0
46.5178 44.4918 0 0
46.4152 44.5021 0 0
46.3125 44.5193 0 0
46.2126 44.5432 0 0
46.1102 44.5515 0 0
46.0075 44.567 0 0
45.9072 44.5892 0 0
45.8048 44.5959 0 0
45.7017 44.6098 0 0
45.6009 44.6305 0 0
45.498 44.6352 0 0
45.3942 44.6465 0 0
45.2918 44.6637 0 0
45.1878 44.6642 0 0
45.082 44.6715 0 0
44.9776 44.6899 0 0
44.8765 44.7144 0 0
44.7729 44.7224 0 0
44.6694 44.7364 0 0
44.5684 44.7566 0 0
44.4655 44.7609 0 0
44.3621 44.7723 0 0
44.261 44.7905 0 0
44.1583 44.7931 0 0
44.0549 44.803 0 0
43.9535 44.8198 0 0
43.8508 44.821 0 0
43.7471 44.8294 0 0
43.6452 44.8446 0 0
43.5421 44.8438 0 0
43.4377 44.8497 0 0
43.3345 44.8614 0 0
43.2305 44.8565 0 0
43.1244 44.8582 0 0
43.019 44.8711 0 0
42.9166 44.8902 0 0
42.8127 44.8928 0 0
42.7085 44.9013 0 0
42.6065 44.9162 0 0
42.5035 44.9152 0 0
42.3995 44.9212 0 0
42.2976 44.9342 0 0
42.1948 44.9316 0 0
42.091 44.9362 0 0
41.9889 44.9479 0 0
41.8863 44.944 0 0
41.7823 44.9474 0 0
41.6801 44.9578 0 0
41.5774 44.9526 0 0
41.4732 44.9545 0 0
41.3704 44.9634 0 0
41.2674 44.9563 0 0
41.1627 44.9556 0 0
41.0587 44.9607 0 0
40.955 44.9491 0 0
40.8487 44.9438 0 0
40.7425 44.9494 0 0
40.6387 44.9611 0 0
40.5347 44.9561 0 0
40.4298 44.9567 0 0
40.3266 44.9635 0 0
40.2237 44.9542 0 0
40.1193 44.9516 0 0
40.0163 44.9558 0 0
39.9139 44.9443 0 0
39.8097 44.9397 0 0
39.7067 44.9421 0 0
39.6045 44.929 0 0
39.5003 44.9228 0 0
39.397 44.9235 0 0
39.2947 44.9084 0 0
39.1902 44.8996 0 0
39.086 44.8966 0 0
38.9834 44.8773 0 0
38.8778 44.8641 0 0
38.7714 44.862 0 0
38.6671 44.8665 0 0
38.5635 44.8544 0 0
38.4588 44.8482 0 0
38.3554 44.8486 0 0
38.2533 44.8331 0 0
38.1492 44.8245 0 0
38.0462 44.823 0 0
37.9445 44.8061 0 0
37.8407 44.7961 0 0
37.7378 44.7933 0 0
37.6364 44.7752 0 0
37.5327 44.764 0 0
37.4297 44.76 0 0
37.3284 44.7406 0 0
37.2247 44.728 0 0
37.1214 44.7225 0 0
37.0202 44.7012 0 0
36.9163 44.6861 0 0
36.8125 44.677 0 0
36.7111 44.6515 0 0
36.6065 44.6321 0 0
36.5003 44.6236 0 0
36.3958 44.6217 0 0
36.2932 44.6035 0 0
36.1888 44.591 0 0
36.0854 44.5851 0 0
35.9842 44.5636 0 0
35.8806 44.5487 0 0
35.7776 44.5409 0 0
35.6769 44.5178 0 0
35.5737 44.5015 0 0
35.4708 44.4923 0 0
35.3704 44.4679 0 0
35.2672 44.4501 0 0
35.1642 44.4393 0 0
35.0639 44.413 0 0
34.9607 44.3925 0 0
34.8573 44.3781 0 0
34.7572 44.3475 0 0
34.6534 44.3226 0 0
34.5476 44.3085 0 0
34.4431 44.301 0 0
34.3413 44.2772 0 0
34.2374 44.2589 0 0
34.134 44.2472 0 0
34.0337 44.2198 0 0
33.9305 44.1987 0 0
33.8274 44.1845 0 0
33.7276 44.1546 0 0
33.6246 44.1307 0 0
33.521 44.1129 0 0
33.4214 44.0786 0 0
33.3181 44.0489 0 0
33.2135 44.0232 0 0
33.1145 43.9792 0 0
33.0106 43.937 0 0
32.9019 43.8996 0 0
32.7902 43.8656 0 0
32.6762 43.8338 0 0
32.56 43.8043 0 0
32.4404 43.7829 0 0
32.3229 43.8026 0 0
32.2547 43.8948 0 0
32.2066 43.9935 0 0
32.162 44.0896 0 0
32.1118 44.1795 0 0
32.0501 44.2597 0 0
31.9743 44.3252 0 0
31.8857 44.3712 0 0
31.7887 44.3943 0 0
31.6889 44.3922 0 0
31.593 44.3646 0 0
31.507 44.3132 0 0
31.4341 44.243 0 0
31.3734 44.1598 0 0
31.3196 44.0686 0 0
31.2638 43.9739 0 0
31.1897 43.886 0 0
31.0727 43.871 0 0
30.956 43.8968 0 0
30.8435 43.9307 0 0
30.7339 43.9674 0 0
30.6276 44.0073 0 0
30.5261 44.0517 0 0
30.4296 44.0975 0 0
30.3269 44.1242 0 0
30.2256 44.1547 0 0
30.1281 44.1894 0 0
30.0262 44.2068 0 0
29.9249 44.2302 0 0
29.8268 44.2596 0 0
29.7253 44.2727 0 0
29.6238 44.2925 0 0
29.5249 44.3185 0 0
29.4231 44.3281 0 0
29.3207 44.3441 0 0
29.22 44.3656 0 0
29.117 44.3702 0 0
29.0125 44.3815 0 0
28.9098 44.4041 0 0
28.8108 44.4327 0 0
28.7086 44.4445 0 0
28.6065 44.4622 0 0
28.5073 44.4859 0 0
28.4055 44.4933 0 0
28.3036 44.5076 0 0
28.2041 44.5287 0 0
28.1026 44.5338 0 0
28.0005 44.5462 0 0
27.9007 44.5654 0 0
27.799 44.5686 0 0
27.6966 44.579 0 0
27.596 44.596 0 0
27.4939 44.5967 0 0
27.3906 44.604 0 0
27.2885 44.617 0 0
27.1855 44.6131 0 0
27.0804 44.6158 0 0
26.9762 44.63 0 0
26.8751 44.6505 0 0
26.7723 44.6541 0 0
26.6691 44.6636 0 0
26.5682 44.6793 0 0
26.4662 44.6787 0 0
26.3633 44.6851 0 0
26.2625 44.6983 0 0
26.1609 44.6957 0 0
26.0581 44.7001 0 0
25.9571 44.7117 0 0
25.8556 44.7073 0 0
25.7527 44.7101 0 0
25.6515 44.72 0 0
25.5499 44.7139 0 0
25.4468 44.7149 0 0
25.3451 44.7228 0 0
25.2433 44.7144 0 0
25.1397 44.7123 0 0
25.0368 44.7161 0 0
24.9345 44.7029 0 0
24.8295 44.6962 0 0
24.7244 44.7009 0 0
24.6218 44.7121 0 0
24.519 44.7062 0 0
24.4153 44.7062 0 0
24.3133 44.7126 0 0
24.2116 44.7027 0 0
24.1084 44.6996 0 0
24.0065 44.7034 0 0
23.9053 44.6913 0 0
23.8023 44.686 0 0
23.7003 44.6877 0 0
23.5993 44.6734 0 0
23.4963 44.6659 0 0
23.3941 44.6652 0 0
23.2932 44.6483 0 0
23.19 44.6375 0 0
23.087 44.6326 0 0
22.986 44.6109 0 0
22.8819 44.5953 0 0
22.7767 44.591 0 0
22.6733 44.5933 0 0
22.5713 44.5788 0 0
22.4678 44.57 0 0
22.3656 44.5677 0 0
22.265 44.5493 0 0
22.1624 44.5375 0 0
22.0605 44.5329 0 0
21.9606 44.5126 0 0
21.8583 44.4991 0 0
21.7566 44.4928 0 0
21.6571 44.4708 0 0
21.555 44.4557 0 0
21.4533 44.4477 0 0
21.3541 44.424 0 0
21.2521 44.4071 0 0
21.1502 44.3971 0 0
21.0512 44.3711 0 0
20.9493 44.3511 0 0
20.847 44.337 0 0
20.7482 44.3063 0 0
20.6457 44.2815 0 0
20.5411 44.2677 0 0
20.4379 44.2608 0 0
20.3373 44.2371 0 0
20.2349 44.2191 0 0
20.1331 44.2076 0 0
20.0344 44.1802 0 0
19.933 44.1592 0 0
19.8318 44.1454 0 0
19.7339 44.1161 0 0
19.633 44.0932 0 0
19.532 44.0776 0 0
19.4346 44.0465 0 0
19.334 44.0218 0 0
19.233 44.004 0 0
19.1361 43.9706 0 0
19.0358 43.9428 0 0
18.9348 43.9209 0 0
18.8384 43.8827 0 0
18.7379 43.8501 0 0
18.6346 43.8283 0 0
18.532 43.8133 0 0
18.4334 43.7819 0 0
18.3326 43.7559 0 0
18.2318 43.7366 0 0
18.1353 43.7015 0 0
18.0357 43.6727 0 0
17.9356 43.651 0 0
17.8401 43.614 0 0
17.7411 43.5833 0 0
17.6414 43.5596 0 0
17.5466 43.5207 0 0
17.448 43.4879 0 0
17.3485 43.4619 0 0
17.2542 43.4205 0 0
17.156 43.3847 0 0
17.0564 43.3548 0 0
16.9629 43.3087 0 0
16.8652 43.2666 0 0
16.7657 43.2282 0 0
16.6744 43.1721 0 0
16.578 43.1171 0 0
16.4766 43.0663 0 0
16.3716 43.0189 0 0
16.2642 42.974 0 0
16.1547 42.931 0 0
16.0428 42.8907 0 0
15.9267 42.8597 0 0
15.8104 42.8735 0 0
15.7465 42.9674 0 0
15.7103 43.0702 0 0
15.6867 43.1726 0 0
15.6667 43.273 0 0
15.6408 43.3701 0 0
15.5989 43.46 0 0
15.5342 43.5347 0 0
15.4476 43.5816 0 0
15.3495 43.5905 0 0
15.2556 43.5605 0 0
15.1771 43.5004 0 0
15.1157 43.4213 0 0
15.0649 43.3326 0 0
15.0148 43.2402 0 0
14.9555 43.1485 0 0
14.8734 43.0684 0 0
14.7604 43.0675 0 0
14.6552 43.1095 0 0
14.5573 43.1607 0 0
14.4649 43.216 0 0
14.3788 43.2759 0 0
14.2972 43.3359 0 0
14.2046 43.3746 0 0
14.1132 43.4156 0 0
14.0246 43.4588 0 0
13.9283 43.4813 0 0
13.8326 43.5098 0 0
13.7418 43.5505 0 0
13.6559 43.5965 0 0
13.5629 43.624 0 0
13.4712 43.6569 0 0
13.3831 43.6952 0 0
13.2894 43.7155 0 0
13.1967 43.7429 0 0
13.1076 43.777 0 0
13.0137 43.7942 0 0
12.9207 43.8189 0 0
12.8309 43.8506 0 0
12.7368 43.8654 0 0
12.6433 43.888 0 0
12.5529 43.9177 0 0
12.4586 43.9305 0 0
12.3646 43.9511 0 0
12.2734 43.9788 0 0
12.1784 43.9887 0 0
12.0832 44.0056 0 0
11.99 44.0285 0 0
11.8936 44.0334 0 0
11.7965 44.0466 0 0
11.7026 44.0746 0 0
11.6129 44.11 0 0
11.5186 44.1276 0 0
11.425 44.1516 0 0
11.3345 44.1818 0 0
11.2401 44.1944 0 0
11.1461 44.2145 0 0
11.0551 44.2419 0 0
10.9606 44.2524 0 0
10.8664 44.2708 0 0
10.7749 44.2965 0 0
10.6802 44.3052 0 0
10.5857 44.3218 0 0
10.4935 44.3456 0 0
10.3983 44.3516 0 0
10.3027 44.3645 0 0
10.2088 44.3836 0 0
10.1125 44.3846 0 0
10.0151 44.3941 0 0
9.92033 44.4185 0 0
9.82952 44.4506 0 0
9.73482 44.4648 0 0
9.64063 44.4854 0 0
9.54929 44.5125 0 0
9.45466 44.5218 0 0
9.36028 44.5387 0 0
9.26864 44.5632 0 0
9.17408 44.5707 0 0
9.07958 44.5861 0 0
8.98764 44.6091 0 0
8.89305 44.6152 0 0
8.79836 44.6292 0 0
8.70604 44.6508 0 0
8.61135 44.6553 0 0
8.51636 44.6679 0 0
8.42347 44.6878 0 0
8.32834 44.6898 0 0
8.23245 44.6988 0 0
8.13806 44.714 0 0
8.04196 44.7112 0 0
7.94446 44.7168 0 0
7.84905 44.7376 0 0
7.75727 44.7662 0 0
7.66227 44.7769 0 0
7.56753 44.794 0 0
7.47538 44.8176 0 0
7.3806 44.8232 0 0
7.28578 44.8366 0 0
7.19336 44.8575 0 0
7.09868 44.8612 0 0
7.00373 44.8728 0 0
6.91098 44.8921 0 0
6.81629 44.8942 0 0
6.7211 44.9042 0 0
6.62784 44.9216 0 0
6.5328 44.921 0 0
6.43684 44.9272 0 0
6.3422 44.9398 0 0
6.24637 44.9342 0 0
6.14891 44.937 0 0
6.05314 44.9552 0 0
5.96081 44.9814 0 0
5.86574 44.9895 0 0
5.77077 45.0041 0 0
5.67823 45.0252 0 0
5.58352 45.0283 0 0
5.48859 45.0392 0 0
5.39589 45.0577 0 0
5.30137 45.059 0 0
5.20641 45.0683 0 0
5.1135 45.0853 0 0
5.01905 45.085 0 0
4.92398 45.0928 0 0
4.83077 45.1083 0 0
4.73631 45.1065 0 0
4.64104 45.1127 0 0
4.54737 45.1264 0 0
4.45265 45.1219 0 0
4.35672 45.1243 0 0
4.26185 45.133 0 0
4.16652 45.1234 0 0
4.06922 45.1223 0 0
3.97298 45.1367 0 0
3.87984 45.1591 0 0
3.78467 45.1633 0 0
3.68932 45.1739 0 0
3.59606 45.191 0 0
3.50142 45.1899 0 0
3.40618 45.1964 0 0
3.31276 45.2105 0 0
3.21834 45.207 0 0
3.12304 45.2114 0 0
3.0293 45.2234 0 0
2.93498 45.2178 0 0
2.8395 45.2199 0 0
2.74526 45.2294 0 0
2.65083 45.2202 0 0
2.55483 45.2177 0 0
2.45949 45.2213 0 0
2.36478 45.206 0 0
2.26755 45.1987 0 0
2.17027 45.2066 0 0
2.07528 45.2221 0 0
1.97967 45.2182 0 0
1.88312 45.2201 0 0
1.78778 45.2279 0 0
1.69297 45.2157 0 0
1.59647 45.21 0 0
1.50047 45.2107 0 0
1.40636 45.1912 0 0
1.3098 45.1771 0 0
1.21288 45.1683 0 0
1.12031 45.1377 0 0
1.02456 45.11 0 0
0.927702 45.0847 0 0
0.839206 45.0355 0 0
0.746506 44.9859 0 0
0.647584 44.9408 0 0
0.541341 44.9055 0 0
0.428822 44.9118 0 0
0.346495 44.9921 0 0
0.285487 45.083 0 0
0.236354 45.1762 0 0
0.197598 45.2712 0 0
0.168622 45.3678 0 0
0.147906 45.4658 0 0
0.133055 45.5649 0 2
0.121767 45.6644 0 2
0.11165 45.764 0 2
0.100218 45.8635 0 2
0.0848812 45.9625 0 2
0.0629616 46.0602 0 2
0.0317641 46.1552 0 2
-0.0112294 46.2455 0 2
-0.0679955 46.3277 0 2
-0.139398 46.3975 0 2
-0.224473 46.4495 0 2
-0.319791 46.4785 0 2
-0.419311 46.4803 0 2
-0.515119 46.4535 0 2
-0.599073 46.4001 0 2
-0.664763 46.3253 0 2
-0.708866 46.236 0 2
-0.731365 46.1388 0 2
-0.73481 46.0391 0 2
-0.723225 45.9398 0 2
-0.701197 45.8423 0 2
-0.673374 45.7462 0 2
-0.644343 45.6505 0 2
-0.618744 45.5538 0 2
-0.601407 45.4551 0 2
-0.5964 45.3541 0 2
-0.605972 45.2521 0 2
-0.631774 45.1509 0 2
-0.676818 45.0534 0 2
-0.751777 44.9721 0 2
-0.861335 44.977 0 2
-0.963712 45.013 0 2
-1.06788 45.0411 0 2
-1.17195 45.0697 0 2
-1.27934 45.0814 0 2
-1.38804 45.0984 0 2
-1.49544 45.1196 0 2
-1.60486 45.1242 0 2
-1.71591 45.1327 0 2
-1.82594 45.1443 0 2
-1.93647 45.1383 0 2
-2.04903 45.135 0 2
-2.16114 45.1339 0 2
-2.27174 45.1145 0 2
-2.38519 45.0968 0 2
-2.49983 45.0836 0 2
-2.61303 45.0716 0 2
-2.72256 45.0405 0 2
-2.83424 45.0098 0 2
-2.94693 44.9828 0 2
-3.05798 44.9569 0 2
-3.16298 44.9125 0 2
-3.26989 44.8682 0 2
-3.37812 44.8279 0 2
-3.48482 44.7897 0 2
-3.58343 44.7342 0 2
-3.68366 44.679 0 2
-3.78352 44.6251 0 2
-3.87293 44.5549 0 2
-3.96506 44.4843 0 2
-4.05999 44.4162 0 2
-4.15398 44.3485 0 2
-4.23493 44.2649 0 2
-4.31806 44.1788 0 2
-4.40612 44.0943 0 2
-4.50775 44.0257 0 2
-4.61598 44.0627 0 2
-4.70861 44.122 0 2
-4.79248 44.1869 0 2
-4.87131 44.2538 0 2
-4.94699 44.3218 0 2
-5.02058 44.3905 0 2
-5.09282 44.4602 0 2
-5.16422 44.5307 0 2
-5.23509 44.6017 0 2
-5.3058 44.6729 0 2
-5.37678 44.7438 0 2
-5.44851 44.8139 0 2
-5.52155 44.8826 0 2
-5.59652 44.9492 0 2
-5.67404 45.0128 0 2
-5.75476 45.0722 0 2
-5.83926 45.1261 0 2
-5.92794 45.1727 0 2
-6.02089 45.2099 0 2
-6.11767 45.2354 0 2
-6.21707 45.2465 0 2
-6.31684 45.2407 0 2
-6.41358 45.2159 0 2
-6.5027 45.171 0 2
-6.57886 45.1067 0 2
-6.63676 45.0255 0 2
-6.67213 44.9324 0 2
-6.6827 44.8333 0 2
-6.66862 44.7346 0 2
-6.63226 44.6417 0 2
-6.5774 44.5583 0 2
-6.50836 44.4861 0 2
-6.42921 44.425 0 2
-6.34333 44.3737 0 2
-6.25333 44.3299 0 2
-6.16112 44.2908 0 2
-6.06817 44.2535 0 2
-5.97578 44.2148 0 2
-5.88545 44.1715 0 2
-5.7992 44.1207 0 2
-5.71994 44.0596 0 2
-5.6516 43.9862 0 2
-5.59815 43.9005 0 2
-5.56199 43.8047 0 2
-5.54362 43.7018 0 2
-5.5455 43.5941 0 2
-5.58073 43.4888 0 2
-5.68717 43.4447 0 2
-5.80198 43.4283 0 2
-5.91542 43.4202 0 2
-6.02626 43.3976 0 2
-6.13829 43.3782 0 2
-6.24893 43.3637 0 2
-6.35571 43.333 0 2
-6.46264 43.3021 0 2
-6.56411 43.2553 0 2
-6.66968 43.2115 0 2
-6.77621 43.1705 0 2
-6.87579 43.114 0 2
-6.97894 43.058 0 2
-7.08451 43.0054 0 2
-7.18922 42.9541 0 2
-7.2845 42.8869 0 2
-7.38186 42.819 0 2
-7.48116 42.7539 0 2
-7.57917 42.6902 0 2
-7.66579 42.6117 0 2
-7.75414 42.5325 0 2
-7.84476 42.4563 0 2
-7.9345 42.3825 0 2
-8.01151 42.2957 0 2
-8.09015 42.2086 0 2
-8.1688 42.1231 0 2
-8.23314 42.0261 0 2
-8.29991 41.9278 0 2
-8.36971 41.8308 0 2
-8.43872 41.7346 0 2
-8.49127 41.6284 0 2
-8.54476 41.5195 0 2
-8.60013 41.4099 0 2
-8.65659 41.3007 0 2
-8.71682 41.1944 0 2
-8.79433 41.1035 0 2
-8.90656 41.0938 0 2
-9.01443 41.1079 0 2
-9.11779 41.1288 0 2
-9.2185 41.1512 0 2
-9.31764 41.1736 0 2
-9.41595 41.1954 0 2
-9.51407 41.2165 0 2
-9.61227 41.2372 0 2
-9.71054 41.2575 0 2
-9.8089 41.2774 0 2
-9.90737 41.2966 0 2
-10.006 41.3148 0 2
-10.1049 41.3316 0 2
-10.2041 41.3464 0 2
-10.3037 41.3583 0 2
-10.4036 41.3663 0 2
-10.5038 41.3692 0 2
-10.604 41.3656 0 2
-10.7035 41.3538 0 2
-10.8013 41.332 0 2
-10.8956 41.2985 0 2
-10.9839 41.2516 0 2
-11.0628 41.1903 0 2
-11.1281 41.1147 0 2
-11.175 41.0266 0 2
-11.199 40.9299 0 2
-11.1973 40.8303 0 2
-11.169 40.7348 0 2
-11.1162 40.6503 0 2
-11.0436 40.5821 0 2
-10.9568 40.533 0 2
-10.8615 40.5033 0 2
-10.7624 40.4909 0 2
-10.6624 40.4928 0 2
-10.5632 40.5051 0 2
-10.4649 40.5239 0 2
-10.367 40.5451 0 2
-10.2688 40.5647 0 2
-10.1697 40.5785 0 2
-10.0697 40.5821 0 2
-9.97038 40.5709 0 2
-9.87486 40.5405 0 2
-9.7876 40.4898 0 2
-9.71223 40.4206 0 2
-9.65056 40.3362 0 2
-9.60586 40.2384 0 2
-9.59238 40.1284 0 2
-9.66986 40.0416 0 2
-9.76658 39.9751 0 2
-9.86575 39.9163 0 2
-9.9563 39.8458 0 2
-10.0492 39.7775 0 2
-10.1431 39.714 0 2
-10.2266 39.638 0 2
-10.3101 39.5619 0 2
-10.3822 39.4742 0 2
-10.459 39.3875 0 2
-10.5377 39.3028 0 2
-10.6038 39.2075 0 2
-10.6732 39.1112 0 2
-10.746 39.0171 0 2
-10.819 38.9252 0 2
-10.8774 38.8236 0 2
-10.9375 38.7215 0 2
-10.998 38.6206 0 2
-11.0428 38.5116 0 2
-11.0895 38.4007 0 2
-11.1391 38.2905 0 2
-11.1882 38.1815 0 2
-11.2199 38.0662 0 2
-11.2521 37.9486 0 2
-11.2864 37.831 0 2
-11.3226 37.715 0 2
-11.3586 37.6021 0 2
-11.377 37.4852 0 2
-11.3961 37.3677 0 2
-11.4158 37.2518 0 2
-11.418 37.1343 0 2
-11.4213 37.0147 0 2
-11.4281 36.8953 0 2
-11.4356 36.778 0 2
-11.4263 36.6608 0 2
-11.4217 36.5418 0 2
-11.4413 36.4254 0 2
-11.5305 36.3579 0 2
-11.6279 36.31 0 2
-11.7237 36.2662 0 2
-11.8159 36.2201 0 2
-11.9038 36.169 0 2
-11.9874 36.1127 0 2
-12.0676 36.052 0 2
-12.1454 35.9884 0 2
-12.2216 35.9229 0 2
-12.2968 35.8563 0 2
-12.3716 35.7891 0 2
-12.4462 35.7218 0 2
-12.5207 35.6545 0 2
-12.5954 35.5872 0 2
-12.67 35.52 0 2
-12.7443 35.4524 0 2
-12.8178 35.384 0 2
-12.8899 35.3141 0 2
-12.9597 35.2419 0 2
-13.0259 35.1664 0 2
-13.0867 35.0867 0 2
-13.14 35.0017 0 2
-13.1827 34.911 0 2
-13.2111 34.815 0 2
-13.2207 34.7155 0 2
-13.2075 34.6165 0 2
-13.1683 34.5249 0 2
-13.1034 34.4494 0 2
-13.0175 34.3994 0 2
-12.9198 34.3812 0 2
-12.8215 34.3963 0 2
-12.7324 34.4406 0 2
-12.6581 34.5071 0 2
-12.5997 34.5881 0 2
-12.5549 34.6775 0 2
-12.5192 34.7711 0 2
-12.4881 34.8663 0 2
-12.4566 34.9614 0 2
-12.4194 35.0544 0 2
-12.3716 35.1424 0 2
-12.3089 35.2203 0 2
-12.2294 35.2808 0 2
-12.1357 35.3165 0 2
-12.0348 35.324 0 2
-11.9337 35.3057 0 2
-11.8363 35.2654 0 2
-11.7464 35.2044 0 2
-11.6776 35.1157 0 2
-11.7175 34.9999 0 2
-11.7772 34.8963 0 2
-11.8264 34.7882 0 2
-11.877 34.6807 0 2
-11.9285 34.5763 0 2
-11.9653 34.4662 0 2
-12.0052 34.3567 0 2
-12.0483 34.2506 0 2
-12.0762 34.1399 0 2
-12.1038 34.0291 0 2
-12.1155 33.9151 0 2
-12.1314 33.7992 0 2
-12.1496 33.6839 0 2
-12.1515 33.5668 0 2
-12.1555 33.4473 0 2
-12.1633 33.3276 0 2
-12.1722 33.2099 0 2
-12.164 33.0922 0 2
-12.1567 32.9733 0 2
-12.1504 32.8553 0 2
-12.1269 32.7394 0 2
-12.1041 32.6211 0 2
-12.0847 32.5022 0 2
-12.0668 32.385 0 2
-12.032 32.2718 0 2
-11.9977 32.1573 0 2
-11.9644 32.0434 0 2
-11.9147 31.9355 0 2
-11.8647 31.8251 0 2
-11.8169 31.7131 0 2
-11.7696 31.6023 0 2
-11.7058 31.5 0 2
-11.6403 31.3957 0 2
-11.5755 31.2897 0 2
-11.515 31.182 0 2
-11.4748 31.0677 0 2
-11.5178 30.9635 0 2
-11.5754 30.871 0 2
-11.6314 30.7813 0 2
-11.6803 30.6901 0 2
-11.7195 30.596 0 2
-11.7489 30.4992 0 2
-11.77 30.4007 0 2
-11.7855 30.3011 0 2
-11.7979 30.2012 0 2
-11.8087 30.1011 0 2
-11.8195 30.0009 0 2
-11.8311 29.901 0 2
-11.8444 29.8012 0 2
-11.8598 29.7017 0 2
-11.8776 29.6027 0 2
-11.8976 29.5041 0 2
-11.9196 29.406 0 2
-11.9431 29.3082 0 2
-11.9672 29.2106 0 2
-11.9907 29.1128 0 2
-12.012 29.0146 0 2
-12.0291 28.9156 0 2
-12.0393 28.8156 0 2
-12.0392 28.7152 0 2
-12.0249 28.616 0 2
-11.9923 28.5213 0 2
-11.9382 28.4374 0 2
-11.862 28.3732 0 2
-11.7687 28.339 0 2
-11.6696 28.3429 0 2
-11.5801 28.3855 0 2
-11.5134 28.459 0 2
-11.4755 28.551 0 2
-11.4646 28.6502 0 2
-11.4741 28.7497 0 2
-11.496 28.8474 0 2
-11.5243 28.9436 0 2
-11.5543 29.0392 0 2
-11.5831 29.1352 0 2
-11.6071 29.2326 0 2
-11.6226 29.3317 0 2
-11.6251 29.4318 0 2
-11.6097 29.5308 0 2
-11.5718 29.6234 0 2
-11.5103 29.7029 0 2
-11.4287 29.7632 0 2
-11.3333 29.8022 0 2
-11.2294 29.821 0 2
-11.1204 29.8186 0 2
-11.014 29.7812 0 2
-10.9847 29.659 0 2
-10.9778 29.5348 0 2
-10.9751 29.4139 0 2
-10.9558 29.2952 0 2
-10.9367 29.1761 0 2
-10.9187 29.0587 0 2
-10.8839 28.9451 0 2
-10.85 28.8295 0 2
-10.8203 28.7133 0 2
-10.7936 28.5993 0 2
-10.7503 28.4908 0 2
-10.7051 28.383 0 2
-10.6441 28.2827 0 2
-10.5834 28.1787 0 2
-10.5251 28.0723 0 2
-10.4672 27.967 0 2
-10.394 27.8716 0 2
-10.3189 27.7745 0 2
-10.2444 27.676 0 2
-10.1688 27.5793 0 2
-10.0785 27.4958 0 2
-9.98414 27.4113 0 2
-9.88731 27.3264 0 2
-9.78765 27.2427 0 2
-9.68506 27.1614 0 2
-9.57963 27.0832 0 2
-9.47161 27.0083 0 2
-9.36131 26.9369 0 2
-9.24913 26.8688 0 2
-9.13653 26.8017 0 2
-9.03327 26.7225 0 2
-9.03097 26.608 0 2
-9.05332 26.5002 0 2
-9.08132 26.3976 0 2
-9.10859 26.2976 0 2
-9.1325 26.1987 0 2
-9.15117 26.0997 0 2
-9.16381 26.0002 0 2
-9.17 25.9002 0 2
-9.16875 25.8 0 2
-9.15859 25.7003 0 2
-9.13766 25.6024 0 2
-9.10391 25.5082 0 2
-9.05539 25.4208 0 2
-8.99091 25.3445 0 2
-8.91059 25.2848 0 2
-8.81767 25.245 0 2
-8.71699 25.2237 0 2
-8.61157 25.2142 0 2
