-11.1611 26.1075 0 1
-11.0511 26.0701 0 1
-10.9894 25.9677 0 1
-10.9622 25.849 0 1
-10.9408 25.7305 0 1
-10.9191 25.6133 0 1
-10.8966 25.4975 0 1
-10.8742 25.383 0 1
-10.8533 25.2698 0 1
-10.836 25.1585 0 1
-10.82 25.0506 0 1
-10.7831 24.9486 0 1
-10.7474 24.846 0 1
-10.7142 24.7443 0 1
-10.6624 24.6507 0 1
-10.6128 24.5543 0 1
-10.5706 24.4547 0 1
-10.5329 24.3556 0 1
-10.4778 24.2652 0 1
-10.425 24.1724 0 1
-10.3755 24.0791 0 1
-10.3096 23.9962 0 1
-10.2458 23.9094 0 1
-10.1889 23.8179 0 1
-10.1357 23.7259 0 1
-10.0665 23.6453 0 1
-9.99908 23.5613 0 1
-9.93858 23.4724 0 1
-9.88267 23.3828 0 1
-9.81159 23.3049 0 1
-9.74248 23.224 0 1
-9.67662 23.1416 0 1
-9.59672 23.0725 0 1
-9.51826 22.9989 0 1
-9.44575 22.9191 0 1
-9.37687 22.838 0 1
-9.29372 22.7716 0 1
-9.21055 22.7024 0 1
-9.12814 22.6321 0 1
-9.03236 22.5799 0 1
-8.93328 22.5252 0 1
-8.83282 22.4666 0 1
-8.7303 22.4062 0 1
-8.62623 22.3428 0 1
-8.53237 22.2638 0 1
-8.45181 22.1748 0 1
-8.42773 22.0583 0 1
-8.40678 21.9465 0 1
-8.37255 21.8421 0 1
-8.31895 21.7489 0 1
-8.2449 21.6724 0 1
-8.1538 21.6174 0 1
-8.05133 21.5853 0 1
-7.94273 21.5717 0 1
-7.83024 21.5679 0 1
-7.71463 21.5545 0 1
-7.63111 21.4743 0 1
-7.56644 21.3778 0 1
-7.51124 21.2773 0 1
-7.46057 21.1779 0 1
-7.39421 21.0889 0 1
-7.32949 20.998 0 1
-7.268 20.9069 0 1
-7.1922 20.8271 0 1
-7.11781 20.7435 0 1
-7.04908 20.6554 0 1
-6.98467 20.5667 0 1
-6.90672 20.4899 0 1
-6.83033 20.41 0 1
-6.7572 20.3288 0 1
-6.67166 20.2607 0 1
-6.58712 20.1882 0 1
-6.50776 20.1102 0 1
-6.43271 20.0309 0 1
-6.34585 19.9651 0 1
-6.26026 19.8958 0 1
-6.17788 19.8246 0 1
-6.0849 19.7676 0 1
-5.99255 19.7061 0 1
-5.90489 19.6381 0 1
-5.8215 19.5681 0 1
-5.72797 19.5127 0 1
-5.63539 19.4535 0 1
-5.5458 19.392 0 1
-5.44725 19.346 0 1
-5.34879 19.2952 0 1
-5.25424 19.2374 0 1
-5.16364 19.1772 0 1
-5.06452 19.1327 0 1
-4.96581 19.0846 0 1
-4.86948 19.0339 0 1
-4.76594 18.9998 0 1
-4.66171 18.9611 0 1
-4.56014 18.9155 0 1
-4.46139 18.8674 0 1
-4.35583 18.837 0 1
-4.24934 18.8035 0 1
-4.14352 18.7684 0 1
-4.03252 18.7529 0 1
-3.91777 18.7353 0 1
-3.80063 18.7141 0 1
-3.68156 18.6906 0 1
-3.5615 18.6611 0 1
-3.45562 18.5999 0 1
-3.40938 18.4924 0 1
-3.3738 18.3862 0 1
-3.33196 18.2867 0 1
-3.27741 18.1966 0 1
-3.20808 18.1197 0 1
-3.12547 18.059 0 1
-3.033 18.0157 0 1
-2.93454 17.9893 0 1
-2.83317 17.9789 0 1
-2.73134 17.9854 0 1
-2.63192 18.0099 0 1
-2.53776 18.0526 0 1
-2.45052 18.111 0 1
-2.36923 18.1815 0 1
-2.28862 18.2584 0 1
-2.19609 18.3281 0 1
-2.07256 18.3218 0 1
-1.95385 18.2795 0 1
-1.83973 18.2318 0 1
-1.72948 18.1826 0 1
-1.62297 18.1345 0 1
-1.51036 18.1053 0 1
-1.39725 18.075 0 1
-1.28614 18.0403 0 1
-1.17808 18.0039 0 1
-1.06573 17.9855 0 1
-0.952464 17.965 0 1
-0.839968 17.9431 0 1
-0.724939 17.9404 0 1
-0.606372 17.9363 0 1
-0.48572 17.9287 0 1
-0.364304 17.9164 0 1
-0.245456 17.8888 0 1
-0.15364 17.8096 0 1
-0.0653415 17.7327 0 1
0.0290466 17.6687 0 1
0.131132 17.6221 0 1
0.239072 17.5953 0 1
0.349881 17.589 0 1
0.460536 17.6031 0 1
0.568791 17.6355 0 1
0.6747 17.682 0 1
0.78353 17.7313 0 1
0.905549 17.7399 0 1
1.02766 17.7085 0 1
1.14611 17.6696 0 1
1.26141 17.6286 0 1
1.37325 17.5883 0 1
1.4897 17.5667 0 1
1.60686 17.5443 0 1
1.72236 17.5177 0 1
1.83501 17.4895 0 1
1.95049 17.4791 0 1
2.06722 17.4666 0 1
2.18331 17.4529 0 1
2.30054 17.4579 0 1
2.42147 17.4619 0 1
2.54462 17.4633 0 1
2.66888 17.4632 0 1
2.79357 17.46 0 1
2.91644 17.442 0 1
3.01453 17.3699 0 1
3.10868 17.2993 0 1
3.20773 17.2413 0 1
3.31278 17.2001 0 1
3.42226 17.1775 0 1
3.53377 17.1744 0 1
3.64468 17.1907 0 1
3.75301 17.2246 0 1
3.85894 17.2722 0 1
3.96768 17.3224 0 1
4.09014 17.3321 0 1
4.21269 17.3016 0 1
4.3306 17.2626 0 1
4.44472 17.2232 0 1
4.56321 17.2017 0 1
4.68255 17.1798 0 1
4.80051 17.1545 0 1
4.91588 17.1282 0 1
5.03381 17.1196 0 1
5.15325 17.1093 0 1
5.27186 17.0947 0 1
5.3881 17.0782 0 1
5.50539 17.0793 0 1
5.62437 17.0787 0 1
5.74324 17.0772 0 1
5.86133 17.0937 0 1
5.98357 17.1085 0 1
6.10911 17.114 0 1
6.22768 17.0808 0 1
6.32614 17.0117 0 1
6.4225 16.9461 0 1
6.5235 16.8934 0 1
6.62994 16.8572 0 1
6.74033 16.8394 0 1
6.85229 16.8406 0 1
6.96351 16.8602 0 1
7.07241 16.8963 0 1
7.17933 16.945 0 1
7.29065 16.9932 0 1
7.4155 16.9806 0 1
7.53887 16.9525 0 1
7.66142 16.9212 0 1
7.78288 16.8893 0 1
7.90206 16.8562 0 1
8.01806 16.8237 0 1
8.13746 16.8094 0 1
8.25784 16.7946 0 1
8.37704 16.7762 0 1
8.49364 16.7564 0 1
8.61175 16.7542 0 1
8.73138 16.7507 0 1
8.85061 16.7464 0 1
8.96956 16.7607 0 1
9.0924 16.7746 0 1
9.21797 16.7859 0 1
9.34561 16.79 0 1
9.4648 16.7567 0 1
9.56325 16.6874 0 1
9.6596 16.6217 0 1
9.76056 16.5689 0 1
9.86678 16.5321 0 1
9.97701 16.5134 0 1
10.089 16.5136 0 1
10.2003 16.5322 0 1
10.3096 16.5671 0 1
10.4171 16.6144 0 1
10.5291 16.6609 0 1
10.6537 16.6461 0 1
10.7766 16.6157 0 1
10.8985 16.5822 0 1
11.019 16.5478 0 1
11.1369 16.512 0 1
11.2512 16.4764 0 1
11.3691 16.4584 0 1
11.4873 16.4394 0 1
11.6039 16.4193 0 1
11.7222 16.4167 0 1
11.8428 16.4123 0 1
11.9638 16.4043 0 1
12.0837 16.396 0 1
12.2037 16.4062 0 1
12.3268 16.4163 0 1
12.4518 16.4246 0 1
12.5776 16.4291 0 1
12.7025 16.4184 0 1
12.8049 16.3522 0 1
12.9032 16.2867 0 1
13.0054 16.2333 0 1
13.1125 16.1952 0 1
13.2232 16.1745 0 1
13.3356 16.1719 0 1
13.4475 16.1873 0 1
13.5573 16.2191 0 1
13.6653 16.2639 0 1
13.7759 16.3117 0 1
13.9003 16.3195 0 1
14.0261 16.2891 0 1
14.1486 16.2522 0 1
14.268 16.2137 0 1
14.3833 16.1756 0 1
14.5025 16.1551 0 1
14.6217 16.1338 0 1
14.7389 16.1116 0 1
14.8581 16.1063 0 1
14.9791 16.0993 0 1
15.0999 16.0882 0 1
15.2184 16.0755 0 1
15.3375 16.08 0 1
15.4584 16.0834 0 1
15.5792 16.0861 0 1
15.6986 16.1066 0 1
15.8222 16.1258 0 1
15.9492 16.1362 0 1
16.0701 16.1084 0 1
16.1718 16.0435 0 1
16.2712 15.9818 0 1
16.3746 15.9327 0 1
16.4825 15.8993 0 1
16.5937 15.8835 0 1
16.7062 15.8861 0 1
16.8178 15.9065 0 1
16.9271 15.9432 0 1
17.0342 15.9927 0 1
17.1455 16.0422 0 1
17.2716 16.0325 0 1
17.397 16.0084 0 1
17.5222 15.9823 0 1
17.647 15.9566 0 1
17.7706 15.9313 0 1
17.8917 15.9052 0 1
18.0092 15.8795 0 1
18.1287 15.8721 0 1
18.2487 15.8643 0 1
18.3671 15.8557 0 1
18.4855 15.865 0 1
18.6064 15.8732 0 1
18.7282 15.8784 0 1
18.8491 15.8839 0 1
18.9678 15.908 0 1
19.0901 15.9318 0 1
19.2157 15.9472 0 1
19.3361 15.9231 0 1
19.4373 15.8599 0 1
19.5357 15.7991 0 1
19.6377 15.7505 0 1
19.7445 15.7183 0 1
19.8545 15.7051 0 1
19.9653 15.7116 0 1
20.0744 15.7372 0 1
20.1801 15.7795 0 1
20.2831 15.8341 0 1
20.3911 15.8878 0 1
20.5154 15.8803 0 1
20.6388 15.8571 0 1
20.7616 15.831 0 1
20.8832 15.8043 0 1
21.0024 15.7765 0 1
21.1181 15.749 0 1
21.2361 15.7402 0 1
21.3547 15.7309 0 1
21.4717 15.7209 0 1
21.5889 15.729 0 1
21.7085 15.736 0 1
21.8288 15.7398 0 1
21.948 15.7434 0 1
22.0652 15.7661 0 1
22.1853 15.7894 0 1
22.3074 15.8111 0 1
22.4305 15.829 0 1
22.554 15.8302 0 1
22.6578 15.7702 0 1
22.7562 15.7089 0 1
22.8577 15.6589 0 1
22.9637 15.6252 0 1
23.073 15.6108 0 1
23.183 15.6169 0 1
23.2909 15.6427 0 1
23.3949 15.6855 0 1
23.4957 15.7411 0 1
23.5996 15.7988 0 1
23.7209 15.8156 0 1
23.846 15.7928 0 1
23.9685 15.7632 0 1
24.0884 15.7324 0 1
24.2052 15.7029 0 1
24.3248 15.6928 0 1
24.4453 15.6831 0 1
24.5648 15.6706 0 1
24.6818 15.6573 0 1
24.7993 15.6625 0 1
24.9181 15.667 0 1
25.0364 15.6713 0 1
25.1529 15.6945 0 1
25.2727 15.7181 0 1
25.3947 15.7406 0 1
25.5177 15.7624 0 1
25.6411 15.7811 0 1
25.7644 15.7827 0 1
25.8657 15.7204 0 1
25.9607 15.6556 0 1
26.0588 15.6019 0 1
26.1623 15.5649 0 1
26.27 15.5481 0 1
26.3787 15.5534 0 1
26.4851 15.5794 0 1
26.5872 15.6232 0 1
26.686 15.6797 0 1
26.7883 15.7377 0 1
26.9074 15.7529 0 1
27.0282 15.7266 0 1
27.1448 15.6918 0 1
27.258 15.6576 0 1
27.3751 15.6429 0 1
27.4933 15.6291 0 1
27.6106 15.6127 0 1
27.7257 15.5963 0 1
27.8418 15.5993 0 1
27.9595 15.6019 0 1
28.077 15.6009 0 1
28.1924 15.5989 0 1
28.3064 15.6158 0 1
28.4221 15.6322 0 1
28.5373 15.6486 0 1
28.6487 15.6839 0 1
28.7639 15.7185 0 1
28.8837 15.7429 0 1
29.0005 15.7229 0 1
29.0967 15.6575 0 1
29.1884 15.5925 0 1
29.2843 15.5393 0 1
29.3864 15.5044 0 1
29.4926 15.4921 0 1
29.599 15.5038 0 1
29.7014 15.538 0 1
29.7982 15.5903 0 1
29.8922 15.6536 0 1
29.9935 15.7129 0 1
30.1138 15.705 0 1
30.2329 15.6789 0 1
30.3514 15.6494 0 1
30.4691 15.6195 0 1
30.5849 15.5891 0 1
30.6979 15.5604 0 1
30.8139 15.5523 0 1
30.931 15.5447 0 1
31.0472 15.5338 0 1
31.1611 15.5223 0 1
31.2751 15.5304 0 1
31.3903 15.5382 0 1
31.5049 15.5458 0 1
31.6168 15.5734 0 1
31.7318 15.6016 0 1
31.849 15.6277 0 1
31.9676 15.6491 0 1
32.087 15.6512 0 1
32.1848 15.5867 0 1
32.2748 15.5182 0 1
32.368 15.4601 0 1
32.4679 15.4197 0 1
32.5732 15.4019 0 1
32.6796 15.4087 0 1
32.7827 15.439 0 1
32.8802 15.4884 0 1
32.9742 15.5499 0 1
33.073 15.6111 0 1
33.1908 15.6261 0 1
33.3113 15.5978 0 1
33.4288 15.5616 0 1
33.5439 15.5243 0 1
33.6563 15.4889 0 1
33.7728 15.474 0 1
33.8905 15.4601 0 1
34.0075 15.4439 0 1
34.1226 15.4283 0 1
34.2386 15.4327 0 1
34.3565 15.4375 0 1
34.4746 15.4398 0 1
34.5913 15.4429 0 1
34.706 15.4667 0 1
34.8231 15.492 0 1
34.9418 15.516 0 1
35.0615 15.5359 0 1
35.1817 15.537 0 1
35.2791 15.4717 0 1
35.3689 15.4027 0 1
35.462 15.344 0 1
35.5618 15.3029 0 1
35.667 15.2841 0 1
35.7737 15.2894 0 1
35.8775 15.318 0 1
35.9761 15.3657 0 1
36.0711 15.426 0 1
36.1703 15.4868 0 1
36.2879 15.502 0 1
36.4077 15.4739 0 1
36.5241 15.4376 0 1
36.6374 15.3995 0 1
36.7473 15.3626 0 1
36.8615 15.3458 0 1
36.976 15.3293 0 1
37.0887 15.3126 0 1
37.2028 15.3154 0 1
37.3187 15.3174 0 1
37.4346 15.3155 0 1
37.5485 15.3127 0 1
37.6611 15.3294 0 1
37.7754 15.3461 0 1
37.8892 15.363 0 1
37.999 15.3996 0 1
38.1125 15.4359 0 1
38.2308 15.462 0 1
38.3469 15.4433 0 1
38.4427 15.3783 0 1
38.5337 15.3132 0 1
38.6289 15.26 0 1
38.7304 15.2256 0 1
38.8361 15.2144 0 1
38.9415 15.2282 0 1
39.0422 15.2656 0 1
39.1363 15.3214 0 1
39.2272 15.388 0 1
39.3263 15.4502 0 1
39.4464 15.4445 0 1
39.566 15.4205 0 1
39.6855 15.3939 0 1
39.8049 15.3681 0 1
39.9235 15.343 0 1
40.0399 15.3177 0 1
40.153 15.2939 0 1
40.2681 15.2909 0 1
40.3836 15.2884 0 1
40.4979 15.2862 0 1
40.6109 15.3041 0 1
40.7262 15.322 0 1
40.8423 15.3373 0 1
40.9572 15.3536 0 1
41.0678 15.3904 0 1
41.1814 15.4277 0 1
41.2993 15.4553 0 1
41.4149 15.4374 0 1
41.5094 15.3717 0 1
41.5984 15.3049 0 1
41.6918 15.25 0 1
41.7921 15.2143 0 1
41.897 15.2029 0 1
42.0016 15.2176 0 1
42.101 15.2563 0 1
42.1935 15.3135 0 1
42.2829 15.3811 0 1
42.3809 15.4437 0 1
42.4995 15.437 0 1
42.6171 15.4111 0 1
42.7339 15.3818 0 1
42.8499 15.3523 0 1
42.964 15.3221 0 1
43.0749 15.2935 0 1
43.1888 15.2859 0 1
43.3032 15.2788 0 1
43.4163 15.2719 0 1
43.529 15.2856 0 1
43.6438 15.2992 0 1
43.7593 15.3098 0 1
43.8734 15.3213 0 1
43.9838 15.3539 0 1
44.0964 15.3884 0 1
44.2107 15.4218 0 1
44.3263 15.4505 0 1
44.4438 15.4585 0 1
44.5403 15.3948 0 1
44.6274 15.325 0 1
44.7173 15.2648 0 1
44.8148 15.223 0 1
44.9183 15.2058 0 1
45.0226 15.2163 0 1
45.1219 15.2526 0 1
45.2136 15.3091 0 1
45.3006 15.3776 0 1
45.3937 15.4447 0 1
45.5086 15.463 0 1
45.6267 15.4356 0 1
45.7415 15.3994 0 1
45.854 15.3621 0 1
45.964 15.3273 0 1
46.0781 15.3144 0 1
46.1934 15.3027 0 1
46.3079 15.2884 0 1
46.4201 15.2742 0 1
46.5328 15.2809 0 1
46.6467 15.2881 0 1
46.7599 15.296 0 1
46.8701 15.3253 0 1
46.9831 15.3563 0 1
47.098 15.3867 0 1
47.2137 15.4168 0 1
47.33 15.4431 0 1
47.4474 15.4486 0 1
47.5413 15.3818 0 1
47.6248 15.3084 0 1
47.7113 15.2444 0 1
47.8064 15.1988 0 1
47.9088 15.1788 0 1
48.0126 15.188 0 1
48.1114 15.2242 0 1
48.2024 15.2807 0 1
48.2891 15.3487 0 1
48.3826 15.4142 0 1
48.497 15.4284 0 1
48.6115 15.3948 0 1
48.721 15.3511 0 1
48.8273 15.3084 0 1
48.9394 15.2866 0 1
49.0526 15.266 0 1
49.1647 15.2426 0 1
49.2745 15.2193 0 1
49.3864 15.2168 0 1
49.4994 15.2142 0 1
49.6113 15.2118 0 1
49.7219 15.2302 0 1
49.8349 15.2486 0 1
49.9489 15.2642 0 1
50.0617 15.2811 0 1
50.1697 15.3193 0 1
50.2807 15.3585 0 1
50.3964 15.3875 0 1
50.5102 15.3689 0 1
50.6014 15.3001 0 1
50.6856 15.2289 0 1
50.7746 15.1691 0 1
50.8719 15.1293 0 1
50.9753 15.1163 0 1
51.0783 15.1326 0 1
51.1747 15.175 0 1
51.2631 15.2363 0 1
51.3486 15.3072 0 1
51.4443 15.3712 0 1
51.5614 15.3621 0 1
51.6768 15.3324 0 1
51.7915 15.2992 0 1
51.9057 15.2659 0 1
52.0184 15.2328 0 1
52.1288 15.2024 0 1
52.2427 15.1941 0 1
52.3577 15.1871 0 1
52.4721 15.1775 0 1
52.5842 15.168 0 1
52.696 15.1796 0 1
52.8089 15.1918 0 1
52.921 15.2046 0 1
53.029 15.2387 0 1
53.1397 15.2743 0 1
53.2524 15.3083 0 1
53.3667 15.3374 0 1
53.4831 15.3449 0 1
53.5777 15.2794 0 1
53.6619 15.2071 0 1
53.7489 15.1438 0 1
53.8443 15.099 0 1
53.9467 15.0801 0 1
54.0503 15.0906 0 1
54.1483 15.1285 0 1
54.238 15.1869 0 1
54.3231 15.257 0 1
54.415 15.3248 0 1
54.5294 15.3424 0 1
54.6463 15.3133 0 1
54.7599 15.2754 0 1
54.8713 15.2365 0 1
54.9803 15.2005 0 1
55.094 15.1869 0 1
55.2089 15.1751 0 1
55.3233 15.1613 0 1
55.436 15.1489 0 1
55.549 15.1586 0 1
55.6636 15.1695 0 1
55.7785 15.1784 0 1
55.892 15.1887 0 1
56.0015 15.2212 0 1
56.1127 15.2564 0 1
56.2255 15.2906 0 1
56.3397 15.3203 0 1
56.4559 15.3286 0 1
56.551 15.2637 0 1
56.6356 15.1919 0 1
56.723 15.1293 0 1
56.8187 15.0854 0 1
56.9213 15.0676 0 1
57.0246 15.0796 0 1
57.1219 15.1189 0 1
57.2106 15.1788 0 1
57.2945 15.2502 0 1
57.3852 15.3193 0 1
57.4991 15.338 0 1
57.6159 15.3098 0 1
57.729 15.2723 0 1
57.8395 15.2332 0 1
57.947 15.1962 0 1
58.0591 15.1808 0 1
58.1716 15.1663 0 1
58.2826 15.1523 0 1
58.3944 15.1595 0 1
58.5079 15.1667 0 1
58.6215 15.1705 0 1
58.7333 15.174 0 1
58.8423 15.1984 0 1
58.9527 15.2236 0 1
59.0625 15.2495 0 1
59.166 15.2958 0 1
59.2731 15.3423 0 1
59.3859 15.3775 0 1
59.4991 15.3632 0 1
59.5898 15.2952 0 1
59.6722 15.2232 0 1
59.7589 15.1616 0 1
59.8546 15.12 0 1
59.9569 15.107 0 1
60.0584 15.126 0 1
60.1516 15.1732 0 1
60.2351 15.2398 0 1
60.315 15.3157 0 1
60.4066 15.3844 0 1
60.5221 15.3784 0 1
60.6362 15.3506 0 1
60.7496 15.319 0 1
60.8625 15.2877 0 1
60.9741 15.2567 0 1
61.0838 15.2291 0 1
61.1964 15.2251 0 1
61.3104 15.2231 0 1
61.424 15.2192 0 1
61.536 15.2168 0 1
61.6462 15.2375 0 1
61.7577 15.2599 0 1
61.8698 15.2804 0 1
61.9803 15.3027 0 1
62.0845 15.3471 0 1
62.1911 15.393 0 1
62.3032 15.428 0 1
62.4153 15.4123 0 1
62.5037 15.3419 0 1
62.5827 15.267 0 1
62.6663 15.2022 0 1
62.7602 15.1584 0 1
62.8618 15.1449 0 1
62.9624 15.1653 0 1
63.054 15.2143 0 1
63.1359 15.282 0 1
63.2149 15.3581 0 1
63.3068 15.4254 0 1
63.4213 15.4149 0 1
63.5334 15.3815 0 1
63.6444 15.344 0 1
63.7548 15.3064 0 1
63.8636 15.2686 0 1
63.9699 15.2334 0 1
64.0807 15.2208 0 1
64.1922 15.2094 0 1
64.3027 15.1993 0 1
64.4131 15.2114 0 1
64.5253 15.2244 0 1
64.6382 15.2349 0 1
64.7497 15.2469 0 1
64.8566 15.2819 0 1
64.9651 15.3198 0 1
65.0751 15.3568 0 1
65.1868 15.3886 0 1
65.3009 15.3969 0 1
65.3911 15.3274 0 1
65.4679 15.2493 0 1
65.5476 15.1791 0 1
65.6375 15.1273 0 1
65.7374 15.1041 0 1
65.8392 15.1152 0 1
65.9338 15.1571 0 1
66.0186 15.22 0 1
66.0992 15.2932 0 1
66.189 15.3617 0 1
66.3018 15.3749 0 1
66.4145 15.3382 0 1
66.5228 15.2917 0 1
66.6286 15.244 0 1
66.7324 15.1996 0 1
66.8427 15.1777 0 1
66.9543 15.1574 0 1
67.0649 15.1346 0 1
67.1733 15.1123 0 1
67.2836 15.1122 0 1
67.3949 15.1128 0 1
67.5051 15.1139 0 1
67.6132 15.1371 0 1
67.7235 15.161 0 1
67.8347 15.1824 0 1
67.9446 15.2053 0 1
68.0493 15.2474 0 1
68.1598 15.2809 0 1
68.2712 15.2634 0 1
68.3596 15.193 0 1
68.4397 15.1187 0 1
68.5245 15.055 0 1
68.6192 15.0119 0 1
68.7213 14.998 0 1
68.8227 15.0166 0 1
68.9161 15.0631 0 1
69.0004 15.1284 0 1
69.0822 15.2021 0 1
69.1761 15.2672 0 1
69.2926 15.2557 0 1
69.4071 15.223 0 1
69.5214 15.1872 0 1
69.6359 15.1525 0 1
69.75 15.1191 0 1
69.8623 15.0861 0 1
69.9719 15.0557 0 1
70.0849 15.0474 0 1
70.1985 15.0406 0 1
70.3109 15.0349 0 1
70.4224 15.0509 0 1
70.5359 15.0678 0 1
70.65 15.0827 0 1
70.7628 15.0993 0 1
70.8707 15.1377 0 1
70.9813 15.1773 0 1
71.0965 15.2065 0 1
71.2095 15.1874 0 1
71.2983 15.1166 0 1
71.3793 15.0427 0 1
71.4651 14.9795 0 1
71.5602 14.936 0 1
71.6624 14.9203 0 1
71.7649 14.9356 0 1
71.8604 14.9785 0 1
71.9475 15.0408 0 1
72.0318 15.1122 0 1
72.1271 15.176 0 1
72.2429 15.1648 0 1
72.3566 15.1325 0 1
72.4696 15.0967 0 1
72.5821 15.0613 0 1
72.6933 15.0264 0 1
72.8024 14.9947 0 1
72.9154 14.986 0 1
73.0295 14.979 0 1
73.1431 14.9698 0 1
73.2546 14.9612 0 1
73.3654 14.9746 0 1
73.4773 14.989 0 1
73.5883 15.0044 0 1
73.6945 15.0415 0 1
73.803 15.0807 0 1
73.9134 15.1185 0 1
74.0257 15.1511 0 1
74.1406 15.161 0 1
74.2334 15.0945 0 1
74.3142 15.0198 0 1
74.398 14.9536 0 1
74.4909 14.9062 0 1
74.5922 14.8865 0 1
74.6945 14.8991 0 1
74.7899 14.9406 0 1
74.8762 15.0026 0 1
74.9578 15.0754 0 1
75.0479 15.1445 0 1
75.1611 15.1607 0 1
75.276 15.1286 0 1
75.3872 15.0874 0 1
75.496 15.0452 0 1
75.6028 15.0065 0 1
75.7149 14.9905 0 1
75.8283 14.9764 0 1
75.9409 14.96 0 1
76.0516 14.9446 0 1
76.1628 14.9515 0 1
76.2751 14.9597 0 1
76.3866 14.9692 0 1
76.4944 15.0013 0 1
76.6047 15.0358 0 1
76.7167 15.0703 0 1
76.8293 15.1049 0 1
76.9427 15.1356 0 1
77.058 15.1446 0 1
77.1512 15.078 0 1
77.2327 15.0036 0 1
77.3174 14.9384 0 1
77.4113 14.8925 0 1
77.5131 14.8744 0 1
77.6154 14.8881 0 1
77.7108 14.9303 0 1
77.7971 14.9926 0 1
77.8788 15.0654 0 1
77.9689 15.1346 0 1
78.0825 15.151 0 1
78.198 15.1193 0 1
78.3096 15.0781 0 1
78.4186 15.0355 0 1
78.5248 14.9952 0 1
78.6362 14.9766 0 1
78.7483 14.959 0 1
78.8588 14.9423 0 1
78.9707 14.947 0 1
79.0842 14.952 0 1
79.1978 14.9538 0 1
79.3096 14.9557 0 1
79.4189 14.9788 0 1
79.5295 15.0028 0 1
79.6394 15.0279 0 1
79.7431 15.0736 0 1
79.8503 15.1197 0 1
79.9631 15.1546 0 1
80.076 15.1398 0 1
80.1656 15.0707 0 1
80.2466 14.9974 0 1
80.3319 14.9344 0 1
80.4266 14.8915 0 1
80.5286 14.8776 0 1
80.6299 14.8963 0 1
80.723 14.9434 0 1
80.8066 15.0094 0 1
80.8871 15.0844 0 1
80.9795 15.1514 0 1
81.0948 15.1424 0 1
81.2083 15.1115 0 1
81.3209 15.0769 0 1
81.4332 15.0426 0 1
81.5443 15.0089 0 1
81.6536 14.9787 0 1
81.7664 14.9721 0 1
81.8806 14.9675 0 1
81.9945 14.9613 0 1
82.1067 14.9567 0 1
82.2176 14.9752 0 1
82.3299 14.9957 0 1
82.4426 15.0145 0 1
82.5538 15.0352 0 1
82.6589 15.0783 0 1
82.7663 15.1231 0 1
82.879 15.1575 0 1
82.9915 15.142 0 1
83.0809 15.0727 0 1
83.1617 14.9992 0 1
83.2469 14.9362 0 1
83.3416 14.8934 0 1
83.4436 14.88 0 1
83.5446 14.8994 0 1
83.6373 14.9469 0 1
83.7207 15.0131 0 1
83.8013 15.0878 0 1
83.8941 15.1541 0 1
84.0095 15.1434 0 1
84.1226 15.1105 0 1
84.2348 15.0738 0 1
84.3465 15.0371 0 1
84.4565 15.0005 0 1
84.5641 14.9663 0 1
84.6758 14.9544 0 1
84.7883 14.9438 0 1
84.8996 14.9344 0 1
85.0108 14.947 0 1
85.1239 14.9605 0 1
85.2376 14.9716 0 1
85.3499 14.9843 0 1
85.4576 15.0195 0 1
85.567 15.0576 0 1
85.678 15.0948 0 1
85.7905 15.1271 0 1
85.9055 15.1367 0 1
85.9973 15.0692 0 1
86.0766 14.9932 0 1
86.1589 14.9256 0 1
86.2508 14.8765 0 1
86.3515 14.8555 0 1
86.4537 14.8674 0 1
86.549 14.9089 0 1
86.635 14.9708 0 1
86.7166 15.0433 0 1
86.807 15.1117 0 1
86.9201 15.1263 0 1
87.0338 15.092 0 1
87.1433 15.0482 0 1
87.2499 15.0031 0 1
87.354 14.9606 0 1
87.464 14.9403 0 1
87.5747 14.9214 0 1
87.6842 14.9036 0 1
87.7952 14.908 0 1
87.9081 14.9129 0 1
88.0211 14.9149 0 1
88.1327 14.918 0 1
88.2414 14.9436 0 1
88.3517 14.971 0 1
88.4626 14.9966 0 1
88.5719 15.0238 0 1
88.6753 15.07 0 1
88.7846 15.1077 0 1
88.8963 15.0941 0 1
88.986 15.0256 0 1
89.0668 14.9526 0 1
89.1521 14.8899 0 1
89.2471 14.8482 0 1
89.3492 14.8363 0 1
89.4498 14.8578 0 1
89.5414 14.9073 0 1
89.6234 14.9752 0 1
89.7026 15.0514 0 1
89.7942 15.1194 0 1
89.9101 15.1113 0 1
90.0246 15.0815 0 1
90.1389 15.0485 0 1
90.2534 15.0169 0 1
90.3675 14.9866 0 1
90.4799 14.9569 0 1
90.5896 14.9299 0 1
90.702 14.9258 0 1
90.815 14.9233 0 1
90.9268 14.922 0 1
91.0368 14.9429 0 1
91.1486 14.965 0 1
91.2612 14.985 0 1
91.3723 15.007 0 1
91.4773 15.0509 0 1
91.5847 15.0966 0 1
91.6975 15.1322 0 1
91.8107 15.1187 0 1
91.902 15.0516 0 1
91.9853 14.9807 0 1
92.0728 14.9205 0 1
92.1691 14.8808 0 1
92.2716 14.87 0 1
92.3726 14.8913 0 1
92.4649 14.9401 0 1
92.5478 15.0073 0 1
92.6278 15.0831 0 1
92.7196 15.1513 0 1
92.8356 15.1443 0 1
92.9503 15.1159 0 1
93.0645 15.084 0 1
93.1783 15.0525 0 1
93.2908 15.0215 0 1
93.4011 14.9938 0 1
93.5145 14.9891 0 1
93.629 14.9864 0 1
93.743 14.9816 0 1
93.8549 14.9774 0 1
93.9653 14.9951 0 1
94.0767 15.0139 0 1
94.1871 15.0337 0 1
94.2919 15.0751 0 1
94.3989 15.1186 0 1
94.5078 15.1608 0 1
94.6187 15.1979 0 1
94.7331 15.2119 0 1
94.8269 15.1474 0 1
94.9082 15.0737 0 1
94.992 15.0082 0 1
95.0849 14.9613 0 1
95.186 14.9428 0 1
95.2876 14.9578 0 1
95.3812 15.0025 0 1
95.4647 15.0677 0 1
95.5433 15.1434 0 1
95.6307 15.2155 0 1
95.7426 15.2352 0 1
95.8573 15.2059 0 1
95.9682 15.1671 0 1
96.0769 15.1274 0 1
96.1836 15.0914 0 1
96.2952 15.0789 0 1
96.4079 15.0683 0 1
96.5198 15.0553 0 1
96.6295 15.0429 0 1
96.7391 15.0531 0 1
96.8495 15.0642 0 1
96.9588 15.0758 0 1
97.0638 15.1096 0 1
97.1705 15.1444 0 1
97.2784 15.1769 0 1
97.3848 15.2107 0 1
97.4841 15.2629 0 1
97.5903 15.3062 0 1
97.7013 15.2961 0 1
97.7905 15.2281 0 1
97.87 15.1544 0 1
97.9538 15.0907 0 1
98.048 15.0488 0 1
98.1497 15.0391 0 1
98.2489 15.0647 0 1
98.3378 15.1187 0 1
98.4168 15.1903 0 1
98.4933 15.2699 0 1
98.5833 15.3414 0 1
98.7014 15.3331 0 1
98.8109 15.2867 0 1
98.9148 15.2377 0 1
99.0255 15.2102 0 1
99.1375 15.1858 0 1
99.2485 15.1607 0 1
99.3578 15.1381 0 1
99.4692 15.1392 0 1
99.5819 15.1418 0 1
99.6943 15.1419 0 1
99.8047 15.1427 0 1
99.9125 15.166 0 1
100.021 15.1908 0 1
100.129 15.217 0 1
100.23 15.2649 0 1
100.334 15.3135 0 1
100.444 15.3504 0 1
100.555 15.3354 0 1
100.642 15.2642 0 1
100.719 15.188 0 1
100.801 15.1217 0 1
100.894 15.0768 0 1
100.995 15.0633 0 1
101.094 15.0853 0 1
101.184 15.1366 0 1
101.263 15.2064 0 1
101.34 15.2839 0 1
101.431 15.3521 0 1
101.545 15.341 0 1
101.656 15.3067 0 1
101.767 15.2684 0 1
101.877 15.2302 0 1
101.986 15.1925 0 1
102.093 15.1585 0 1
102.205 15.1481 0 1
102.318 15.1396 0 1
102.43 15.129 0 1
102.541 15.1195 0 1
102.651 15.133 0 1
102.762 15.1479 0 1
102.872 15.1645 0 1
102.976 15.2039 0 1
103.084 15.246 0 1
103.194 15.2868 0 1
103.308 15.3177 0 1
103.42 15.299 0 1
103.506 15.2266 0 1
103.584 15.1502 0 1
103.667 15.0842 0 1
103.76 15.039 0 1
103.861 15.0244 0 1
103.962 15.0438 0 1
104.054 15.0918 0 1
104.137 15.1586 0 1
104.217 15.2336 0 1
104.31 15.2996 0 1
104.424 15.2872 0 1
104.536 15.2521 0 1
104.646 15.213 0 1
104.756 15.1739 0 1
104.865 15.1347 0 1
104.971 15.0982 0 1
105.081 15.0843 0 1
105.193 15.0717 0 1
105.304 15.0604 0 1
105.414 15.0714 0 1
105.527 15.0833 0 1
105.64 15.0928 0 1
105.752 15.1039 0 1
105.86 15.138 0 1
105.969 15.1751 0 1
106.079 15.2113 0 1
106.192 15.2427 0 1
106.306 15.2513 0 1
106.398 15.1834 0 1
106.477 15.1073 0 1
106.559 15.0397 0 1
106.651 14.9908 0 1
106.752 14.9701 0 1
106.854 14.9824 0 1
106.949 15.0241 0 1
107.035 15.0864 0 1
107.117 15.1592 0 1
107.207 15.2281 0 1
107.32 15.2432 0 1
107.434 15.2096 0 1
107.544 15.1663 0 1
107.651 15.1216 0 1
107.756 15.0795 0 1
107.866 15.0594 0 1
107.977 15.0405 0 1
108.087 15.0228 0 1
108.199 15.0269 0 1
108.312 15.0315 0 1
108.425 15.0333 0 1
108.537 15.036 0 1
108.647 15.061 0 1
108.757 15.0876 0 1
108.869 15.1124 0 1
108.979 15.1387 0 1
109.083 15.184 0 1
109.193 15.2209 0 1
109.305 15.207 0 1
109.395 15.1387 0 1
109.477 15.066 0 1
109.562 15.0038 0 1
109.658 14.9622 0 1
109.76 14.95 0 1
109.861 14.9703 0 1
109.954 15.0188 0 1
110.036 15.0863 0 1
110.116 15.1626 0 1
110.207 15.2311 0 1
110.323 15.2244 0 1
110.438 15.1961 0 1
110.553 15.1648 0 1
110.668 15.1347 0 1
110.782 15.1058 0 1
110.895 15.0774 0 1
111.005 15.0516 0 1
111.117 15.0486 0 1
111.23 15.0472 0 1
111.341 15.0468 0 1
111.451 15.0685 0 1
111.563 15.0913 0 1
111.675 15.1119 0 1
111.786 15.1341 0 1
111.891 15.1783 0 1
111.998 15.224 0 1
112.111 15.2594 0 1
112.223 15.2451 0 1
112.314 15.177 0 1
112.396 15.1049 0 1
112.483 15.0433 0 1
112.578 15.0021 0 1
112.68 14.99 0 1
112.782 15.0104 0 1
112.874 15.0588 0 1
112.956 15.1264 0 1
113.036 15.2029 0 1
113.127 15.2716 0 1
113.242 15.2647 0 1
113.356 15.2357 0 1
113.469 15.2028 0 1
113.582 15.1699 0 1
113.692 15.1367 0 1
113.801 15.106 0 1
113.912 15.0978 0 1
114.025 15.0908 0 1
114.136 15.0848 0 1
114.246 15.1009 0 1
114.359 15.1178 0 1
114.471 15.1321 0 1
114.583 15.1478 0 1
114.689 15.1859 0 1
114.797 15.2269 0 1
114.907 15.267 0 1
115.018 15.3021 0 1
115.133 15.3142 0 1
115.226 15.2491 0 1
115.308 15.1753 0 1
115.392 15.11 0 1
115.485 15.0635 0 1
115.587 15.0452 0 1
115.688 15.0596 0 1
115.783 15.1032 0 1
115.868 15.167 0 1
115.948 15.2414 0 1
116.036 15.312 0 1
116.149 15.3296 0 1
116.264 15.2985 0 1
116.376 15.2578 0 1
116.485 15.2162 0 1
116.592 15.1777 0 1
116.704 15.162 0 1
116.817 15.148 0 1
116.93 15.1317 0 1
117.04 15.1161 0 1
117.152 15.1229 0 1
117.264 15.1306 0 1
117.376 15.1396 0 1
117.484 15.171 0 1
117.594 15.2047 0 1
117.707 15.2383 0 1
117.82 15.2718 0 1
117.934 15.3015 0 1
118.05 15.3097 0 1
118.143 15.2434 0 1
118.225 15.1697 0 1
118.311 15.105 0 1
118.405 15.0595 0 1
118.507 15.0415 0 1
118.609 15.0549 0 1
118.705 15.0962 0 1
118.792 15.1575 0 1
118.875 15.2294 0 1
118.966 15.2978 0 1
119.079 15.3132 0 1
119.194 15.2799 0 1
119.303 15.2361 0 1
119.41 15.1934 0 1
119.522 15.1719 0 1
119.636 15.152 0 1
119.749 15.1302 0 1
119.86 15.1095 0 1
119.974 15.1103 0 1
120.088 15.1119 0 1
120.203 15.1107 0 1
120.315 15.1095 0 1
120.426 15.1294 0 1
120.538 15.1501 0 1
120.649 15.1717 0 1
120.755 15.2138 0 1
120.865 15.256 0 1
120.979 15.2873 0 1
121.093 15.2701 0 1
121.183 15.2011 0 1
121.266 15.129 0 1
121.354 15.0679 0 1
121.45 15.0267 0 1
121.553 15.013 0 1
121.655 15.0298 0 1
121.751 15.0734 0 1
121.838 15.1361 0 1
121.922 15.2081 0 1
122.017 15.273 0 1
122.133 15.2641 0 1
122.248 15.2343 0 1
122.362 15.2008 0 1
122.475 15.1675 0 1
122.587 15.1343 0 1
122.697 15.104 0 1
122.811 15.0963 0 1
122.925 15.09 0 1
123.039 15.0811 0 1
123.151 15.0726 0 1
123.262 15.0855 0 1
123.374 15.0991 0 1
123.486 15.1133 0 1
123.593 15.149 0 1
123.703 15.1864 0 1
123.815 15.2221 0 1
123.928 15.253 0 1
124.044 15.2621 0 1
124.139 15.1978 0 1
124.224 15.1264 0 1
124.312 15.0642 0 1
124.408 15.0207 0 1
124.511 15.0034 0 1
124.614 15.0157 0 1
124.711 15.0551 0 1
124.8 15.115 0 1
124.884 15.1864 0 1
124.975 15.2555 0 1
125.089 15.2745 0 1
125.207 15.2471 0 1
125.321 15.2109 0 1
125.434 15.1738 0 1
125.544 15.1396 0 1
125.658 15.1277 0 1
125.774 15.1175 0 1
125.889 15.1056 0 1
126.002 15.095 0 1
126.115 15.1064 0 1
126.23 15.1191 0 1
126.345 15.1298 0 1
126.459 15.1419 0 1
126.569 15.1759 0 1
126.68 15.2123 0 1
126.793 15.248 0 1
126.908 15.2792 0 1
127.024 15.2893 0 1
127.121 15.2262 0 1
127.207 15.1562 0 1
127.296 15.0956 0 1
127.393 15.0539 0 1
127.496 15.0381 0 1
127.599 15.0514 0 1
127.697 15.0914 0 1
127.786 15.1514 0 1
127.87 15.2229 0 1
127.96 15.2923 0 1
128.075 15.3121 0 1
128.192 15.2854 0 1
128.306 15.2493 0 1
128.417 15.2114 0 1
128.525 15.1754 0 1
128.638 15.1607 0 1
128.751 15.1467 0 1
128.862 15.1331 0 1
128.974 15.1402 0 1
129.088 15.1471 0 1
129.202 15.1503 0 1
129.314 15.1531 0 1
129.424 15.1765 0 1
129.535 15.2005 0 1
129.646 15.2251 0 1
129.751 15.2701 0 1
129.859 15.3156 0 1
129.973 15.3511 0 1
130.089 15.3402 0 1
130.186 15.2794 0 1
130.278 15.2167 0 1
130.373 15.1663 0 1
130.475 15.1362 0 1
130.58 15.1314 0 1
130.684 15.1533 0 1
130.78 15.1991 0 1
130.868 15.2631 0 1
130.953 15.337 0 1
131.047 15.4057 0 1
131.17 15.4032 0 1
131.287 15.3663 0 1
131.399 15.3269 0 1
131.515 15.3079 0 1
131.631 15.2914 0 1
131.747 15.2732 0 1
131.86 15.2557 0 1
131.974 15.2588 0 1
132.088 15.2621 0 1
132.202 15.2655 0 1
132.314 15.289 0 1
132.427 15.3127 0 1
132.542 15.3339 0 1
132.656 15.3561 0 1
132.764 15.3984 0 1
132.875 15.4414 0 1
132.991 15.4745 0 1
133.106 15.4604 0 1
133.2 15.3953 0 1
133.288 15.3277 0 1
133.379 15.2717 0 1
133.479 15.2357 0 1
133.583 15.2257 0 1
133.686 15.2439 0 1
133.782 15.2872 0 1
133.871 15.3492 0 1
133.956 15.4211 0 1
134.05 15.4878 0 1
134.168 15.4838 0 1
134.284 15.4596 0 1
134.4 15.4316 0 1
134.514 15.4034 0 1
134.627 15.3745 0 1
134.737 15.3473 0 1
134.85 15.3418 0 1
134.963 15.337 0 1
135.076 15.3325 0 1
135.187 15.3491 0 1
135.3 15.3659 0 1
135.414 15.3797 0 1
135.526 15.3943 0 1
135.634 15.4305 0 1
135.744 15.4687 0 1
135.856 15.5057 0 1
135.97 15.5377 0 1
136.086 15.5482 0 1
136.182 15.485 0 1
136.268 15.4148 0 1
136.357 15.354 0 1
136.454 15.3118 0 1
136.557 15.2957 0 1
136.66 15.3088 0 1
136.757 15.3488 0 1
136.846 15.4089 0 1
136.93 15.4806 0 1
137.021 15.5502 0 1
137.135 15.57 0 1
137.253 15.5432 0 1
137.367 15.5074 0 1
137.48 15.4702 0 1
137.589 15.4357 0 1
137.703 15.4229 0 1
137.819 15.4113 0 1
137.933 15.3972 0 1
138.045 15.3832 0 1
138.158 15.39 0 1
138.272 15.3974 0 1
138.385 15.4053 0 1
138.495 15.4347 0 1
138.608 15.4657 0 1
138.723 15.4961 0 1
138.839 15.5263 0 1
138.956 15.5528 0 1
139.074 15.5593 0 1
139.17 15.4948 0 1
139.256 15.4245 0 1
139.346 15.3642 0 1
139.443 15.3226 0 1
139.547 15.3061 0 1
139.651 15.3175 0 1
139.75 15.3545 0 1
139.842 15.4112 0 1
139.929 15.4796 0 1
140.022 15.5462 0 1
140.137 15.5633 0 1
140.253 15.5335 0 1
140.365 15.4936 0 1
140.473 15.4542 0 1
140.586 15.4354 0 1
140.701 15.4174 0 1
140.814 15.3964 0 1
140.925 15.3752 0 1
141.038 15.374 0 1
141.151 15.3726 0 1
141.264 15.3708 0 1
141.376 15.3892 0 1
141.49 15.4072 0 1
141.605 15.4224 0 1
141.719 15.4385 0 1
141.828 15.4755 0 1
141.941 15.5133 0 1
142.059 15.5419 0 1
142.175 15.5259 0 1
142.272 15.4636 0 1
142.365 15.4013 0 1
142.462 15.3514 0 1
142.564 15.3208 0 1
142.67 15.3139 0 1
142.775 15.332 0 1
142.874 15.3734 0 1
142.966 15.4325 0 1
143.055 15.5019 0 1
143.153 15.5663 0 1
143.273 15.5628 0 1
143.393 15.5407 0 1
143.513 15.5154 0 1
143.632 15.49 0 1
143.75 15.4644 0 1
143.865 15.4406 0 1
143.982 15.4374 0 1
144.1 15.4351 0 1
144.217 15.4302 0 1
144.333 15.4249 0 1
144.447 15.4392 0 1
144.563 15.4536 0 1
144.678 15.4684 0 1
144.79 15.5031 0 1
144.905 15.539 0 1
145.023 15.5733 0 1
145.144 15.5992 0 1
145.261 15.5818 0 1
145.358 15.518 0 1
145.449 15.4532 0 1
145.544 15.4 0 1
145.646 15.3654 0 1
145.752 15.3539 0 1
145.857 15.3673 0 1
145.958 15.4041 0 1
146.052 15.4596 0 1
146.141 15.5272 0 1
146.236 15.595 0 1
146.352 15.6183 0 1
146.473 15.5985 0 1
146.592 15.5708 0 1
146.708 15.5417 0 1
146.822 15.5145 0 1
146.939 15.5085 0 1
147.056 15.5035 0 1
147.173 15.4962 0 1
147.288 15.4892 0 1
147.403 15.5026 0 1
147.519 15.5166 0 1
147.636 15.5279 0 1
147.751 15.5399 0 1
147.863 15.5725 0 1
147.977 15.6067 0 1
148.093 15.6396 0 1
148.21 15.6681 0 1
148.329 15.6772 0 1
148.43 15.6177 0 1
148.522 15.5534 0 1
148.618 15.4995 0 1
148.719 15.4638 0 1
148.825 15.4513 0 1
148.931 15.4636 0 1
149.032 15.4992 0 1
149.127 15.5537 0 1
149.217 15.6202 0 1
149.312 15.6871 0 1
149.429 15.7087 0 1
149.55 15.6868 0 1
149.668 15.6561 0 1
149.783 15.6233 0 1
149.894 15.5914 0 1
150.009 15.5795 0 1
150.124 15.5678 0 1
150.238 15.5556 0 1
150.352 15.5627 0 1
150.468 15.5689 0 1
150.584 15.571 0 1
150.698 15.5719 0 1
150.811 15.592 0 1
150.925 15.6119 0 1
151.039 15.6317 0 1
151.148 15.6709 0 1
151.261 15.7095 0 1
151.38 15.7384 0 1
151.497 15.7229 0 1
151.596 15.6617 0 1
151.69 15.6008 0 1
151.788 15.5523 0 1
151.892 15.5225 0 1
151.999 15.5155 0 1
152.105 15.5322 0 1
152.206 15.5711 0 1
152.3 15.6276 0 1
152.392 15.6947 0 1
152.491 15.758 0 1
152.612 15.7548 0 1
152.733 15.7334 0 1
152.853 15.7085 0 1
152.973 15.6834 0 1
153.091 15.6577 0 1
153.207 15.6335 0 1
153.324 15.6295 0 1
153.443 15.6262 0 1
153.562 15.6204 0 1
153.679 15.6146 0 1
153.794 15.6285 0 1
153.912 15.6426 0 1
154.031 15.6544 0 1
154.148 15.667 0 1
154.262 15.6994 0 1
154.379 15.7321 0 1
154.501 15.7562 0 1
154.619 15.738 0 1
154.719 15.677 0 1
154.816 15.6174 0 1
154.916 15.5704 0 1
155.022 15.5413 0 1
155.13 15.5335 0 1
155.237 15.5479 0 1
155.341 15.5831 0 1
155.44 15.6355 0 1
155.535 15.6989 0 1
155.637 15.7597 0 1
155.759 15.7562 0 1
155.882 15.7353 0 1
156.003 15.7111 0 1
156.124 15.6864 0 1
156.242 15.6604 0 1
156.357 15.6349 0 1
156.475 15.6286 0 1
156.592 15.6219 0 1
156.709 15.6146 0 1
156.825 15.6258 0 1
156.943 15.6362 0 1
157.063 15.6433 0 1
157.181 15.6506 0 1
157.297 15.6772 0 1
157.416 15.7048 0 1
157.536 15.731 0 1
157.658 15.7534 0 1
157.781 15.7592 0 1
157.887 15.7029 0 1
157.987 15.6451 0 1
158.09 15.5991 0 1
158.197 15.5701 0 1
158.307 15.5608 0 1
158.416 15.5722 0 1
158.523 15.603 0 1
158.625 15.6506 0 1
158.723 15.7106 0 1
158.824 15.7728 0 1
158.945 15.7945 0 1
159.071 15.7768 0 1
159.195 15.7519 0 1
159.316 15.7257 0 1
159.434 15.7006 0 1
159.554 15.6947 0 1
159.675 15.6892 0 1
159.796 15.6806 0 1
159.913 15.6711 0 1
160.031 15.6798 0 1
160.15 15.6877 0 1
160.269 15.6953 0 1
160.386 15.7214 0 1
160.506 15.7479 0 1
160.628 15.7733 0 1
160.752 15.7982 0 1
160.876 15.8203 0 1
161.001 15.8269 0 1
161.109 15.7727 0 1
161.212 15.7177 0 1
161.318 15.6751 0 1
161.427 15.649 0 1
161.538 15.6416 0 1
161.649 15.6537 0 1
161.756 15.6845 0 1
161.859 15.7316 0 1
161.959 15.7909 0 1
162.061 15.8528 0 1
162.182 15.8758 0 1
162.307 15.8595 0 1
162.43 15.8349 0 1
162.548 15.8101 0 1
162.669 15.8037 0 1
162.79 15.7976 0 1
162.911 15.7883 0 1
163.029 15.7777 0 1
163.147 15.7847 0 1
163.266 15.7904 0 1
163.384 15.7947 0 1
163.5 15.8164 0 1
163.619 15.8371 0 1
163.74 15.8548 0 1
163.86 15.8725 0 1
163.976 15.9083 0 1
164.096 15.9442 0 1
164.219 15.9724 0 1
164.343 15.9617 0 1
164.452 15.9114 0 1
164.559 15.8641 0 1
164.667 15.83 0 1
164.779 15.8124 0 1
164.891 15.8132 0 1
165.001 15.8325 0 1
165.108 15.8693 0 1
165.211 15.9218 0 1
165.31 15.9863 0 1
165.413 16.051 0 1
165.539 16.0586 0 1
165.666 16.0513 0 1
165.793 16.0413 0 1
165.919 16.0308 0 1
166.043 16.0192 0 1
166.164 16.0079 0 1
166.285 16.0152 0 1
166.407 16.0224 0 1
166.528 16.0263 0 1
166.647 16.0287 0 1
166.765 16.0485 0 1
166.884 16.0673 0 1
167.002 16.0851 0 1
167.117 16.1204 0 1
167.236 16.1556 0 1
167.357 16.189 0 1
167.48 16.2186 0 1
167.605 16.2325 0 1
167.717 16.1858 0 1
167.825 16.1385 0 1
167.934 16.1034 0 1
168.046 16.0844 0 1
168.159 16.083 0 1
168.27 16.1 0 1
168.377 16.1347 0 1
168.48 16.1852 0 1
168.579 16.2487 0 1
168.679 16.316 0 1
168.799 16.3475 0 1
168.928 16.3424 0 1
169.055 16.3305 0 1
169.179 16.3168 0 1
169.3 16.3035 0 1
169.421 16.3091 0 1
169.543 16.3148 0 1
169.665 16.3171 0 1
169.784 16.3178 0 1
169.901 16.336 0 1
170.02 16.3532 0 1
170.139 16.3695 0 1
170.254 16.4034 0 1
170.373 16.4375 0 1
170.495 16.4702 0 1
170.618 16.5022 0 1
170.742 16.5312 0 1
170.867 16.5449 0 1
170.979 16.4978 0 1
171.087 16.4503 0 1
171.197 16.4151 0 1
171.308 16.3961 0 1
171.421 16.3951 0 1
171.531 16.4124 0 1
171.639 16.4478 0 1
171.741 16.4992 0 1
171.839 16.5634 0 1
171.938 16.6313 0 1
172.058 16.6632 0 1
172.186 16.6578 0 1
172.312 16.645 0 1
172.435 16.6296 0 1
172.554 16.6138 0 1
172.674 16.6161 0 1
172.793 16.6175 0 1
172.911 16.6172 0 1
173.028 16.6341 0 1
173.147 16.6492 0 1
173.266 16.6597 0 1
173.384 16.6678 0 1
173.5 16.693 0 1
173.617 16.717 0 1
173.735 16.7401 0 1
173.848 16.7803 0 1
173.966 16.8196 0 1
174.089 16.8506 0 1
174.212 16.8428 0 1
174.324 16.796 0 1
174.432 16.7524 0 1
174.543 16.7224 0 1
174.655 16.7093 0 1
174.768 16.7143 0 1
174.878 16.7374 0 1
174.985 16.7777 0 1
175.086 16.8335 0 1
175.184 16.9014 0 1
175.285 16.9702 0 1
175.411 16.9836 0 1
175.538 16.9823 0 1
175.666 16.978 0 1
175.793 16.9728 0 1
175.917 16.9661 0 1
176.039 16.9594 0 1
176.16 16.9708 0 1
176.282 16.9819 0 1
176.404 16.9898 0 1
176.524 16.9964 0 1
176.642 17.0206 0 1
176.763 17.044 0 1
176.884 17.0645 0 1
177.004 17.0846 0 1
177.121 17.1224 0 1
177.241 17.1598 0 1
177.365 17.1893 0 1
177.489 17.1798 0 1
177.6 17.1311 0 1
177.708 17.0857 0 1
177.819 17.0537 0 1
177.931 17.0386 0 1
178.044 17.0415 0 1
178.155 17.0627 0 1
178.263 17.1015 0 1
178.365 17.157 0 1
178.462 17.2254 0 1
178.562 17.2959 0 1
178.686 17.3142 0 1
178.812 17.3185 0 1
178.938 17.3199 0 1
179.062 17.32 0 1
179.184 17.3175 0 1
179.302 17.314 0 1
179.419 17.3288 0 1
179.537 17.3423 0 1
179.653 17.3538 0 1
179.767 17.3826 0 1
179.883 17.4097 0 1
180.001 17.4325 0 1
180.118 17.4542 0 1
180.23 17.4939 0 1
180.346 17.5337 0 1
180.464 17.5713 0 1
180.585 17.6045 0 1
180.708 17.6214 0 1
180.821 17.5769 0 1
180.929 17.5316 0 1
181.039 17.4993 0 1
181.151 17.4847 0 1
181.263 17.4891 0 1
181.373 17.513 0 1
181.477 17.556 0 1
181.574 17.6166 0 1
181.664 17.6913 0 1
181.754 17.7722 0 1
181.866 17.8238 0 1
181.99 17.8408 0 1
182.113 17.8505 0 1
182.233 17.857 0 1
182.35 17.8623 0 1
182.463 17.8869 0 1
182.577 17.9103 0 1
182.69 17.9316 0 1
182.798 17.9707 0 1
182.909 18.0083 0 1
183.023 18.0417 0 1
183.135 18.0742 0 1
183.241 18.1252 0 1
183.351 18.1773 0 1
183.465 18.2282 0 1
183.583 18.2739 0 1
183.707 18.2845 0 1
183.803 18.2181 0 1
183.887 18.1445 0 1
183.971 18.0775 0 1
184.061 18.0226 0 1
184.158 17.9835 0 1
184.258 17.9622 0 1
184.361 17.9591 0 1
184.462 17.9727 0 1
184.56 18.0023 0 1
184.652 18.0483 0 1
184.733 18.1109 0 1
184.802 18.1892 0 1
184.856 18.2803 0 1
184.896 18.3809 0 1
184.929 18.4883 0 1
184.97 18.598 0 1
185.072 18.6659 0 1
185.19 18.7036 0 1
185.307 18.7354 0 1
185.422 18.7648 0 1
185.536 18.7904 0 1
185.645 18.8137 0 1
185.748 18.8562 0 1
185.852 18.897 0 1
185.955 18.9346 0 1
186.05 18.9894 0 1
186.148 19.0418 0 1
186.249 19.0872 0 1
186.35 19.128 0 1
186.443 19.1848 0 1
186.538 19.2391 0 1
186.634 19.2896 0 1
186.72 19.3553 0 1
186.811 19.4186 0 1
186.906 19.4751 0 1
187.001 19.5268 0 1
187.087 19.5932 0 1
187.176 19.6574 0 1
187.266 19.7178 0 1
187.345 19.7922 0 1
187.429 19.8646 0 1
187.518 19.9307 0 1
187.608 19.992 0 1
187.686 20.0669 0 1
187.768 20.1399 0 1
187.852 20.2092 0 1
187.924 20.2913 0 1
188 20.3719 0 1
188.082 20.4467 0 1
188.165 20.5169 0 1
188.236 20.5995 0 1
188.311 20.6805 0 1
188.387 20.7581 0 1
188.45 20.8471 0 1
188.518 20.9353 0 1
188.592 21.0185 0 1
188.668 21.0975 0 1
188.73 21.1877 0 1
188.796 21.2772 0 1
188.864 21.3644 0 1
188.917 21.462 0 1
188.974 21.5601 0 1
189.042 21.6535 0 1
189.13 21.7283 0 1
189.245 21.731 0 1
189.356 21.7215 0 1
189.464 21.7198 0 1
189.569 21.7357 0 1
189.667 21.7744 0 1
189.751 21.8368 0 1
189.816 21.9199 0 1
189.859 22.0175 0 1
189.884 22.1239 0 1
189.898 22.2365 0 1
189.918 22.3537 0 1
190 22.4444 0 1
190.102 22.5122 0 1
190.204 22.5772 0 1
190.304 22.6434 0 1
190.401 22.7106 0 1
190.497 22.7779 0 1
190.591 22.8445 0 1
190.686 22.9086 0 1
190.78 22.9682 0 1
190.872 23.0247 0 1
190.95 23.0983 0 1
191.03 23.1706 0 1
191.111 23.2399 0 1
191.176 23.3233 0 1
191.246 23.4054 0 1
191.322 23.4813 0 1
191.399 23.5525 0 1
191.462 23.6365 0 1
191.529 23.7191 0 1
191.598 23.7985 0 1
191.651 23.8893 0 1
191.709 23.9791 0 1
191.775 24.0638 0 1
191.843 24.1444 0 1
191.895 24.2358 0 1
191.95 24.3265 0 1
192.008 24.4147 0 1
192.049 24.5121 0 1
192.095 24.6097 0 1
192.147 24.7037 0 1
192.203 24.7944 0 1
192.24 24.8937 0 1
192.281 24.9931 0 1
192.323 25.0909 0 1
192.346 25.1954 0 1
192.373 25.3015 0 1
192.406 25.4066 0 1
192.439 25.5106 0 1
192.451 25.6197 0 1
192.464 25.7317 0 1
192.48 25.8454 0 1
192.5 25.9602 0 1
192.525 26.075 0 1
192.573 26.1823 0 1
192.686 26.2016 0 1
192.795 26.19 0 2
192.898 26.1649 0 2
192.996 26.1315 0 2
193.089 26.093 0 2
193.181 26.0529 0 2
193.273 26.0157 0 2
193.368 25.9861 0 2
193.466 25.9691 0 2
193.566 25.9689 0 2
193.663 25.9891 0 2
193.753 26.0311 0 2
193.83 26.0936 0 2
193.89 26.1732 0 2
193.929 26.2648 0 2
193.947 26.3628 0 2
193.944 26.4624 0 2
193.924 26.5602 0 2
193.89 26.654 0 2
193.845 26.743 0 2
193.792 26.8275 0 2
193.733 26.9082 0 2
193.67 26.9861 0 2
193.606 27.0625 0 2
193.541 27.1387 0 2
193.478 27.2156 0 2
193.416 27.2943 0 2
193.357 27.3755 0 2
193.302 27.4603 0 2
193.251 27.5492 0 2
193.205 27.6433 0 2
193.169 27.7447 0 2
193.158 27.8551 0 2
193.235 27.9444 0 2
193.33 28.0159 0 2
193.427 28.0816 0 2
193.514 28.1593 0 2
193.603 28.2366 0 2
193.692 28.3117 0 2
193.769 28.3983 0 2
193.849 28.4844 0 2
193.929 28.568 0 2
193.998 28.6618 0 2
194.068 28.7551 0 2
194.14 28.8456 0 2
194.199 28.945 0 2
194.261 29.0434 0 2
194.325 29.1382 0 2
194.376 29.2407 0 2
194.426 29.3437 0 2
194.461 29.4532 0 2
194.5 29.5637 0 2
194.542 29.6734 0 2
194.568 29.7882 0 2
194.596 29.9054 0 2
194.628 30.022 0 2
194.66 30.1368 0 2
194.675 30.255 0 2
194.691 30.3745 0 2
194.708 30.4932 0 2
194.707 30.6133 0 2
194.706 30.7361 0 2
194.708 30.8597 0 2
194.708 30.9826 0 2
194.69 31.1044 0 2
194.671 31.2293 0 2
194.653 31.3564 0 2
194.636 31.485 0 2
194.638 31.6143 0 2
194.733 31.6765 0 2
194.838 31.7068 0 2
194.943 31.7159 0 2
195.046 31.7034 0 2
195.14 31.666 0 2
195.218 31.6033 0 2
195.275 31.5213 0 2
195.31 31.4279 0 2
195.329 31.3296 0 2
195.337 31.2298 0 2
195.34 31.1297 0 2
195.345 31.0297 0 2
195.356 30.9303 0 2
195.38 30.8332 0 2
195.421 30.7422 0 2
195.482 30.6633 0 2
195.562 30.6043 0 2
195.656 30.5727 0 2
195.755 30.5734 0 2
195.849 30.6063 0 2
195.928 30.6668 0 2
195.987 30.7472 0 2
196.024 30.84 0 2
196.041 30.9386 0 2
196.04 31.0387 0 2
196.025 31.1378 0 2
195.999 31.2346 0 2
195.965 31.3289 0 2
195.925 31.4208 0 2
195.88 31.5109 0 2
195.833 31.5995 0 2
195.784 31.6873 0 2
195.735 31.7745 0 2
195.685 31.8615 0 2
195.634 31.9484 0 2
195.584 32.0354 0 2
195.534 32.1224 0 2
195.484 32.2093 0 2
195.433 32.2958 0 2
195.38 32.3815 0 2
195.326 32.4659 0 2
195.268 32.5481 0 2
195.206 32.627 0 2
195.138 32.7014 0 2
195.063 32.7705 0 2
194.982 32.8347 0 2
194.897 32.8969 0 2
194.812 32.9632 0 2
194.738 33.0472 0 2
194.743 33.1664 0 2
194.772 33.2833 0 2
194.806 33.3977 0 2
194.823 33.5154 0 2
194.842 33.6346 0 2
194.865 33.7528 0 2
194.89 33.8677 0 2
194.898 33.9845 0 2
194.905 34.1015 0 2
194.894 34.2187 0 2
194.887 34.3392 0 2
194.883 34.4603 0 2
194.881 34.5801 0 2
194.861 34.6982 0 2
194.842 34.8182 0 2
194.823 34.9378 0 2
194.787 35.0536 0 2
194.75 35.1726 0 2
194.714 35.2934 0 2
194.678 35.4143 0 2
194.64 35.5333 0 2
194.584 35.6453 0 2
194.526 35.7592 0 2
194.465 35.8742 0 2
194.402 35.989 0 2
194.336 36.1026 0 2
194.268 36.2146 0 2
194.198 36.3247 0 2
194.129 36.433 0 2
194.06 36.5379 0 2
193.976 36.6319 0 2
193.892 36.7285 0 2
193.824 36.8373 0 2
193.869 36.9409 0 2
193.94 37.0238 0 2
194.022 37.0895 0 2
194.114 37.1362 0 2
194.213 37.1581 0 2
194.313 37.151 0 2
194.406 37.1154 0 2
194.487 37.0577 0 2
194.556 36.985 0 2
194.614 36.9033 0 2
194.664 36.8167 0 2
194.711 36.7282 0 2
194.758 36.6401 0 2
194.811 36.5549 0 2
194.871 36.4756 0 2
194.943 36.4063 0 2
195.027 36.3521 0 2
195.121 36.3189 0 2
195.22 36.3115 0 2
195.318 36.3329 0 2
195.404 36.3823 0 2
195.472 36.4552 0 2
195.516 36.5444 0 2
195.535 36.6423 0 2
195.531 36.7421 0 2
195.506 36.8389 0 2
195.464 36.9297 0 2
195.409 37.0134 0 2
195.344 37.0898 0 2
195.272 37.1595 0 2
195.195 37.2234 0 2
195.114 37.2824 0 2
195.03 37.3377 0 2
194.945 37.39 0 2
194.858 37.4403 0 2
194.77 37.489 0 2
194.682 37.5367 0 2
194.593 37.5838 0 2
194.504 37.6303 0 2
194.415 37.6762 0 2
194.326 37.7215 0 2
194.236 37.7658 0 2
194.145 37.8087 0 2
194.054 37.8495 0 2
193.961 37.8875 0 2
193.866 37.9214 0 2
193.77 37.9501 0 2
193.671 37.9728 0 2
193.57 37.9902 0 2
193.466 38.0054 0 2
193.359 38.0253 0 2
193.255 38.0673 0 2
193.207 38.1754 0 2
193.18 38.2924 0 2
193.161 38.4101 0 2
193.144 38.5255 0 2
193.11 38.6367 0 2
193.077 38.7489 0 2
193.047 38.8601 0 2
193.001 38.9657 0 2
192.957 39.0732 0 2
192.916 39.1807 0 2
192.859 39.2809 0 2
192.804 39.3837 0 2
192.75 39.4866 0 2
192.682 39.5806 0 2
192.613 39.6775 0 2
192.548 39.7768 0 2
192.485 39.8755 0 2
192.407 39.9632 0 2
192.33 40.0527 0 2
192.252 40.1421 0 2
192.162 40.2186 0 2
192.07 40.2973 0 2
191.978 40.3783 0 2
191.886 40.4602 0 2
191.796 40.5399 0 2
191.693 40.6041 0 2
191.588 40.6684 0 2
191.482 40.7337 0 2
191.376 40.7991 0 2
191.272 40.8644 0 2
191.17 40.9278 0 2
191.059 40.9743 0 2
190.947 41.0213 0 2
190.838 41.0741 0 2
190.745 41.1471 0 2
190.737 41.258 0 2
190.761 41.3629 0 2
190.803 41.4585 0 2
190.86 41.5432 0 2
190.932 41.614 0 2
191.016 41.6687 0 2
191.108 41.708 0 2
191.204 41.7346 0 2
191.302 41.7517 0 2
191.402 41.7633 0 2
191.501 41.7731 0 2
191.6 41.7849 0 2
191.699 41.8022 0 2
191.795 41.8286 0 2
191.887 41.8669 0 2
191.972 41.9192 0 2
192.046 41.9865 0 2
192.104 42.0678 0 2
192.141 42.1602 0 2
192.155 42.2589 0 2
192.143 42.3579 0 2
192.108 42.451 0 2
192.051 42.5329 0 2
191.977 42.5997 0 2
191.89 42.6495 0 2
191.796 42.6819 0 2
191.697 42.6978 0 2
191.597 42.6988 0 2
191.498 42.6868 0 2
191.4 42.6639 0 2
191.305 42.632 0 2
191.213 42.5931 0 2
191.124 42.5486 0 2
191.036 42.4998 0 2
190.95 42.4481 0 2
190.866 42.3945 0 2
190.782 42.3398 0 2
190.698 42.2849 0 2
190.614 42.2306 0 2
190.529 42.1777 0 2
190.443 42.1267 0 2
190.356 42.0784 0 2
190.265 42.033 0 2
190.172 41.9911 0 2
190.074 41.9545 0 2
189.969 41.9275 0 2
189.858 41.9269 0 2
189.778 42.0078 0 2
189.72 42.1064 0 2
189.67 42.2066 0 2
189.606 42.2985 0 2
189.546 42.3926 0 2
189.49 42.4873 0 2
189.421 42.5718 0 2
189.352 42.6562 0 2
189.27 42.7289 0 2
189.19 42.807 0 2
189.113 42.8876 0 2
189.025 42.9559 0 2
188.938 43.0279 0 2
188.852 43.1014 0 2
188.755 43.1605 0 2
188.658 43.2229 0 2
188.563 43.2893 0 2
188.469 43.3555 0 2
188.366 43.4056 0 2
188.262 43.4574 0 2
188.16 43.5129 0 2
188.061 43.5689 0 2
187.954 43.6082 0 2
187.847 43.6494 0 2
187.742 43.6919 0 2
187.632 43.7172 0 2
187.521 43.7448 0 2
187.411 43.7739 0 2
187.297 43.7849 0 2
187.181 43.7977 0 2
187.065 43.8146 0 2
186.951 43.8317 0 2
186.834 43.8295 0 2
186.716 43.8276 0 2
186.596 43.8288 0 2
186.476 43.8367 0 2
186.364 43.8691 0 2
186.313 43.9689 0 2
186.293 44.075 0 2
186.291 44.1797 0 2
186.305 44.281 0 2
186.337 44.3769 0 2
186.383 44.4655 0 2
186.442 44.546 0 2
186.51 44.6195 0 2
186.584 44.6874 0 2
186.66 44.7519 0 2
186.737 44.8156 0 2
186.813 44.881 0 2
186.885 44.9502 0 2
186.951 45.0255 0 2
187.008 45.1078 0 2
187.051 45.1976 0 2
187.078 45.2937 0 2
187.085 45.3932 0 2
187.07 45.4916 0 2
187.031 45.5834 0 2
186.97 45.6621 0 2
186.891 45.7225 0 2
186.799 45.7606 0 2
186.7 45.7748 0 2
186.6 45.7658 0 2
186.505 45.7359 0 2
186.417 45.6882 0 2
186.339 45.6264 0 2
186.27 45.5539 0 2
186.211 45.4735 0 2
186.159 45.3875 0 2
186.115 45.2979 0 2
186.076 45.2058 0 2
186.039 45.1124 0 2
186.005 45.0185 0 2
185.97 44.9246 0 2
185.933 44.8316 0 2
185.893 44.7401 0 2
185.847 44.6513 0 2
185.794 44.5662 0 2
185.732 44.4859 0 2
185.662 44.411 0 2
185.583 44.3427 0 2
185.493 44.2841 0 2
185.387 44.25 0 2
185.288 44.3028 0 2
185.208 44.3805 0 2
185.137 44.4633 0 2
185.056 44.5338 0 2
184.974 44.6031 0 2
184.882 44.6578 0 2
184.792 44.7184 0 2
184.707 44.7834 0 2
184.613 44.8337 0 2
184.518 44.8838 0 2
184.416 44.9178 0 2
184.313 44.9574 0 2
184.211 45.0001 0 2
184.104 45.0257 0 2
183.994 45.0544 0 2
183.885 45.0881 0 2
183.777 45.1221 0 2
183.665 45.1368 0 2
183.552 45.1525 0 2
183.438 45.1719 0 2
183.326 45.1913 0 2
183.213 45.1906 0 2
183.097 45.1902 0 2
182.981 45.1929 0 2
182.867 45.1954 0 2
182.754 45.1773 0 2
182.639 45.1584 0 2
182.523 45.142 0 2
182.407 45.1285 0 2
182.294 45.1157 0 2
182.185 45.0832 0 2
182.075 45.0505 0 2
181.965 45.0179 0 2
181.862 44.9673 0 2
181.754 44.9195 0 2
181.636 44.8951 0 2
181.556 44.9749 0 2
181.503 45.0704 0 2
181.464 45.1684 0 2
181.432 45.2663 0 2
181.401 45.3628 0 2
181.365 45.4562 0 2
181.318 45.5437 0 2
181.254 45.6198 0 2
181.172 45.6764 0 2
181.078 45.7051 0 2
180.979 45.7003 0 2
180.887 45.6627 0 2
180.812 45.5984 0 2
180.756 45.5163 0 2
180.717 45.4244 0 2
180.692 45.3281 0 0
180.672 45.2303 0 0
180.651 45.132 0 0
180.622 45.0338 0 0
180.583 44.9366 0 0
180.53 44.8415 0 0
180.452 44.757 0 0
180.341 44.7486 0 0
180.235 44.7835 0 0
180.136 44.8269 0 0
180.039 44.8726 0 0
179.946 44.9213 0 0
179.857 44.9748 0 0
179.775 45.0339 0 0
179.696 45.0927 0 0
179.605 45.1277 0 0
179.515 45.1646 0 0
179.428 45.2038 0 0
179.333 45.2196 0 0
179.239 45.2393 0 0
179.146 45.2624 0 0
179.051 45.2628 0 0
178.954 45.2699 0 0
178.86 45.2917 0 0
178.77 45.32 0 0
178.676 45.3273 0 0
178.582 45.3397 0 0
178.49 45.3577 0 0
178.397 45.355 0 0
178.303 45.3591 0 0
178.21 45.3703 0 0
178.117 45.362 0 0
178.023 45.3611 0 0
177.931 45.3676 0 0
177.838 45.355 0 0
177.745 45.3499 0 0
177.652 45.3522 0 0
177.56 45.335 0 0
177.467 45.3241 0 0
177.374 45.3194 0 0
177.283 45.2959 0 0
177.19 45.2812 0 0
177.095 45.2838 0 0
177.002 45.2955 0 0
176.909 45.2883 0 0
176.816 45.2875 0 0
176.723 45.2933 0 0
176.632 45.2799 0 0
176.538 45.2741 0 0
176.446 45.2763 0 0
176.355 45.2601 0 0
176.262 45.2519 0 0
176.17 45.2517 0 0
176.079 45.2333 0 0
175.986 45.2227 0 0
175.894 45.2203 0 0
175.804 45.1996 0 0
175.712 45.1868 0 0
175.619 45.1817 0 0
175.53 45.1577 0 0
175.438 45.14 0 0
175.346 45.1289 0 0
175.257 45.0994 0 0
175.165 45.0788 0 0
175.07 45.0757 0 0
174.977 45.0822 0 0
174.885 45.0701 0 0
174.792 45.0643 0 0
174.699 45.0653 0 0
174.608 45.0471 0 0
174.516 45.0366 0 0
174.423 45.034 0 0
174.333 45.0132 0 0
174.241 45.0001 0 0
174.149 44.9952 0 0
174.059 44.972 0 0
173.967 44.9565 0 0
173.875 44.9487 0 0
173.786 44.9221 0 0
173.695 44.9017 0 0
173.603 44.8878 0 0
173.516 44.8556 0 0
173.424 44.832 0 0
173.329 44.8259 0 0
173.236 44.8292 0 0
173.145 44.8139 0 0
173.051 44.8049 0 0
172.959 44.8027 0 0
172.869 44.7813 0 0
172.777 44.7675 0 0
172.684 44.7616 0 0
172.595 44.7376 0 0
172.503 44.7212 0 0
172.411 44.7129 0 0
172.323 44.6864 0 0
172.232 44.6675 0 0
172.14 44.6564 0 0
172.052 44.6265 0 0
171.962 44.6028 0 0
171.87 44.5855 0 0
171.784 44.55 0 0
171.693 44.523 0 0
171.599 44.5132 0 0
171.506 44.513 0 0
171.415 44.494 0 0
171.322 44.4814 0 0
171.23 44.4755 0 0
171.141 44.4507 0 0
171.049 44.4332 0 0
170.957 44.4238 0 0
170.869 44.3963 0 0
170.778 44.3763 0 0
170.687 44.3643 0 0
170.599 44.3343 0 0
170.509 44.3116 0 0
170.418 44.2969 0 0
170.331 44.2642 0 0
170.242 44.2388 0 0
170.151 44.2211 0 0
170.066 44.1847 0 0
169.977 44.1542 0 0
169.888 44.1299 0 0
169.804 44.0876 0 0
169.716 44.053 0 0
169.623 44.0352 0 0
169.53 44.0265 0 0
169.441 43.999 0 0
169.35 43.9772 0 0
169.258 43.9618 0 0
169.172 43.9273 0 0
169.083 43.8994 0 0
168.992 43.879 0 0
168.908 43.8402 0 0
168.82 43.8079 0 0
168.73 43.7828 0 0
168.648 43.7394 0 0
168.562 43.7021 0 0
168.474 43.6715 0 0
168.395 43.622 0 0
168.312 43.5772 0 0
168.227 43.5373 0 0
168.153 43.4791 0 0
168.073 43.4262 0 0
167.985 43.3867 0 0
167.896 43.3543 0 0
167.817 43.3023 0 0
167.735 43.2536 0 0
167.652 43.2092 0 0
167.582 43.1459 0 0
167.507 43.0856 0 0
167.431 43.0291 0 0
167.37 42.9549 0 0
167.306 42.8816 0 0
167.24 42.8097 0 0
167.194 42.7222 0 0
167.144 42.6332 0 0
167.083 42.5473 0 0
167.006 42.4705 0 0
166.902 42.4364 0 0
166.802 42.492 0 0
166.726 42.569 0 0
166.663 42.653 0 0
166.607 42.738 0 0
166.544 42.8164 0 0
166.465 42.8745 0 0
166.369 42.8927 0 0
166.278 42.8573 0 0
166.22 42.7791 0 0
166.199 42.6828 0 0
166.202 42.5827 0 0
166.213 42.4814 0 0
166.217 42.3771 0 0
166.205 42.2701 0 0
166.162 42.1667 0 0
166.062 42.1173 0 0
165.941 42.1295 0 0
165.828 42.1739 0 0
165.721 42.2252 0 0
165.618 42.2793 0 0
165.519 42.3367 0 0
165.425 42.398 0 0
165.338 42.4601 0 0
165.241 42.5049 0 0
165.146 42.5534 0 0
165.055 42.6054 0 0
164.958 42.6415 0 0
164.862 42.6835 0 0
164.77 42.7306 0 0
164.672 42.7628 0 0
164.576 42.8017 0 0
164.484 42.8464 0 0
164.385 42.8762 0 0
164.288 42.9129 0 0
164.195 42.9556 0 0
164.097 42.9833 0 0
163.999 43.0181 0 0
163.905 43.0588 0 0
163.805 43.0842 0 0
163.706 43.1161 0 0
163.609 43.1531 0 0
163.508 43.1741 0 0
163.406 43.2018 0 0
163.307 43.2401 0 0
163.213 43.2836 0 0
163.113 43.3112 0 0
163.015 43.3445 0 0
162.92 43.3832 0 0
162.82 43.4064 0 0
162.721 43.4366 0 0
162.625 43.4728 0 0
162.525 43.4938 0 0
162.425 43.5219 0 0
162.329 43.5563 0 0
162.229 43.5753 0 0
162.129 43.6015 0 0
162.031 43.6338 0 0
161.93 43.6504 0 0
161.829 43.6735 0 0
161.73 43.702 0 0
161.627 43.714 0 0
161.523 43.7327 0 0
161.422 43.7623 0 0
161.325 43.7976 0 0
161.223 43.8164 0 0
161.122 43.841 0 0
161.025 43.8714 0 0
160.923 43.8858 0 0
160.822 43.9072 0 0
160.724 43.9351 0 0
160.623 43.9474 0 0
160.522 43.9668 0 0
160.423 43.9928 0 0
160.322 44.0032 0 0
160.22 44.0208 0 0
160.121 44.045 0 0
160.02 44.0535 0 0
159.918 44.0691 0 0
159.818 44.0913 0 0
159.716 44.0973 0 0
159.613 44.1098 0 0
159.511 44.1279 0 0
159.408 44.129 0 0
159.303 44.1368 0 0
159.2 44.1559 0 0
159.1 44.181 0 0
158.997 44.1892 0 0
158.894 44.2032 0 0
158.794 44.2233 0 0
158.692 44.227 0 0
158.589 44.2377 0 0
158.489 44.2551 0 0
158.387 44.2565 0 0
158.285 44.265 0 0
158.184 44.2804 0 0
158.082 44.2797 0 0
157.979 44.2859 0 0
157.878 44.2988 0 0
157.776 44.2952 0 0
157.672 44.2979 0 0
157.57 44.3062 0 0
157.467 44.2975 0 0
157.362 44.2952 0 0
157.257 44.3043 0 0
157.155 44.3198 0 0
157.052 44.3182 0 0
156.949 44.3224 0 0
156.847 44.3329 0 0
156.746 44.3269 0 0
156.643 44.3276 0 0
156.541 44.3353 0 0
156.44 44.3269 0 0
156.338 44.3255 0 0
156.236 44.3312 0 0
156.135 44.3209 0 0
156.033 44.3176 0 0
155.931 44.3213 0 0
155.831 44.309 0 0
155.728 44.3035 0 0
155.626 44.3048 0 0
155.525 44.2896 0 0
155.422 44.2806 0 0
155.32 44.2774 0 0
155.219 44.2572 0 0
155.115 44.2432 0 0
155.01 44.2407 0 0
154.907 44.2448 0 0
154.805 44.2319 0 0
154.702 44.2245 0 0
154.6 44.2237 0 0
154.5 44.2063 0 0
154.398 44.1955 0 0
154.297 44.1917 0 0
154.197 44.1719 0 0
154.096 44.1588 0 0
153.994 44.1528 0 0
153.895 44.1308 0 0
153.794 44.1153 0 0
153.692 44.1067 0 0
153.594 44.0817 0 0
153.492 44.0625 0 0
153.391 44.0492 0 0
153.292 44.0189 0 0
153.191 43.9945 0 0
153.087 43.9814 0 0
152.984 43.975 0 0
152.884 43.9516 0 0
152.782 43.9335 0 0
152.681 43.9218 0 0
152.583 43.8935 0 0
152.482 43.8712 0 0
152.381 43.8555 0 0
152.284 43.8234 0 0
152.184 43.797 0 0
152.083 43.7766 0 0
151.987 43.7388 0 0
151.887 43.705 0 0
151.786 43.6749 0 0
151.692 43.6258 0 0
151.593 43.5778 0 0
151.489 43.5343 0 0
151.382 43.4939 0 0
151.273 43.4554 0 0
151.161 43.4186 0 0
151.045 43.3891 0 0
150.928 43.3999 0 0
150.851 43.4854 0 0
150.792 43.5784 0 0
150.737 43.6683 0 0
150.675 43.7504 0 0
150.601 43.8194 0 0
150.515 43.8691 0 0
150.418 43.8943 0 0
150.319 43.8926 0 0
150.223 43.8644 0 0
150.138 43.8125 0 0
150.067 43.7419 0 0
150.011 43.6579 0 0
149.966 43.5655 0 0
149.924 43.4684 0 0
149.878 43.3693 0 0
149.81 43.2775 0 0
149.692 43.2601 0 0
149.573 43.2846 0 0
149.457 43.3177 0 0
149.345 43.3539 0 0
149.236 43.3934 0 0
149.131 43.4375 0 0
149.032 43.4834 0 0
148.927 43.5115 0 0
148.824 43.5436 0 0
148.724 43.5801 0 0
148.62 43.6003 0 0
148.516 43.6266 0 0
148.416 43.6585 0 0
148.312 43.6748 0 0
148.208 43.6974 0 0
148.106 43.7252 0 0
148.001 43.737 0 0
147.895 43.7552 0 0
147.791 43.7836 0 0
147.691 43.8176 0 0
147.587 43.8357 0 0
147.484 43.8597 0 0
147.384 43.8895 0 0
147.28 43.904 0 0
147.177 43.9255 0 0
147.077 43.9534 0 0
146.973 43.9663 0 0
146.87 43.9863 0 0
146.77 44.0129 0 0
146.666 44.0246 0 0
146.563 44.0434 0 0
146.462 44.0688 0 0
146.358 44.0792 0 0
146.254 44.0967 0 0
146.153 44.1208 0 0
146.049 44.1293 0 0
145.944 44.1445 0 0
145.841 44.1653 0 0
145.736 44.1699 0 0
145.63 44.1811 0 0
145.525 44.203 0 0
145.423 44.2306 0 0
145.319 44.2421 0 0
145.214 44.2596 0 0
145.113 44.2832 0 0
145.009 44.2912 0 0
144.905 44.3061 0 0
144.803 44.3277 0 0
144.7 44.334 0 0
144.595 44.3475 0 0
144.493 44.3676 0 0
144.39 44.3726 0 0
144.285 44.3846 0 0
144.183 44.4032 0 0
144.079 44.4061 0 0
143.973 44.4157 0 0
143.87 44.4309 0 0
143.765 44.4299 0 0
143.658 44.4353 0 0
143.552 44.4515 0 0
143.449 44.4737 0 0
143.345 44.4796 0 0
143.24 44.4915 0 0
143.138 44.5096 0 0
143.034 44.512 0 0
142.929 44.5213 0 0
142.827 44.5374 0 0
142.723 44.5382 0 0
142.618 44.5461 0 0
142.516 44.5609 0 0
142.412 44.5604 0 0
142.308 44.567 0 0
142.205 44.5805 0 0
142.102 44.5787 0 0
141.997 44.5838 0 0
141.893 44.5957 0 0
141.79 44.5918 0 0
141.684 44.5942 0 0
141.58 44.6023 0 0
141.475 44.5937 0 0
141.368 44.5912 0 0
141.262 44.5993 0 0
141.158 44.6133 0 0
141.053 44.6106 0 0
140.948 44.6136 0 0
140.844 44.6226 0 0
140.74 44.6155 0 0
140.635 44.615 0 0
140.532 44.6213 0 0
140.429 44.612 0 0
140.324 44.6095 0 0
140.221 44.6141 0 0
140.118 44.6031 0 0
140.013 44.599 0 0
139.91 44.6018 0 0
139.807 44.5888 0 0
139.702 44.582 0 0
139.597 44.5812 0 0
139.494 44.5639 0 0
139.388 44.5528 0 0
139.281 44.5526 0 0
139.177 44.5589 0 0
139.073 44.5487 0 0
138.968 44.5443 0 0
138.865 44.5464 0 0
138.762 44.5327 0 0
138.658 44.5258 0 0
138.554 44.526 0 0
138.452 44.5107 0 0
138.348 44.5024 0 0
138.245 44.5012 0 0
138.143 44.4846 0 0
138.039 44.4749 0 0
137.936 44.4724 0 0
137.834 44.4545 0 0
137.731 44.4434 0 0
137.627 44.4392 0 0
137.526 44.4193 0 0
137.422 44.4056 0 0
137.317 44.3977 0 0
137.216 44.3735 0 0
137.111 44.3552 0 0
137.005 44.3479 0 0
136.9 44.3472 0 0
136.797 44.33 0 0
136.693 44.3186 0 0
136.59 44.3138 0 0
136.488 44.2931 0 0
136.385 44.2791 0 0
136.282 44.2722 0 0
136.181 44.2499 0 0
136.078 44.2343 0 0
135.975 44.2257 0 0
135.874 44.2017 0 0
135.771 44.1843 0 0
135.668 44.1737 0 0
135.568 44.1473 0 0
135.465 44.1266 0 0
135.361 44.1116 0 0
135.261 44.0799 0 0
135.157 44.0535 0 0
135.051 44.0371 0 0
134.945 44.0261 0 0
134.843 43.9971 0 0
134.738 43.9716 0 0
134.632 43.9493 0 0
134.531 43.9079 0 0
134.425 43.8681 0 0
134.315 43.8327 0 0
134.201 43.8011 0 0
134.083 43.7782 0 0
133.966 43.7958 0 0
133.892 43.8844 0 0
133.835 43.9788 0 0
133.778 44.0688 0 0
133.714 44.1498 0 0
133.638 44.217 0 0
133.549 44.2652 0 0
133.453 44.2913 0 0
133.352 44.2949 0 0
133.254 44.2765 0 0
133.162 44.2369 0 0
133.08 44.1778 0 0
133.012 44.1028 0 0
132.955 44.0162 0 0
132.906 43.9221 0 0
132.855 43.8244 0 0
132.787 43.7323 0 0
132.668 43.7112 0 0
132.547 43.7301 0 0
132.429 43.7565 0 0
132.312 43.7849 0 0
132.198 43.815 0 0
132.086 43.8481 0 0
131.978 43.885 0 0
131.874 43.923 0 0
131.765 43.9418 0 0
131.657 43.9638 0 0
131.551 43.994 0 0
131.45 44.0286 0 0
131.344 44.0464 0 0
131.24 44.0695 0 0
131.139 44.098 0 0
131.034 44.111 0 0
130.93 44.1306 0 0
130.829 44.1567 0 0
130.725 44.1675 0 0
130.62 44.1855 0 0
130.519 44.21 0 0
130.415 44.2194 0 0
130.31 44.236 0 0
130.208 44.259 0 0
130.104 44.2667 0 0
129.999 44.2809 0 0
129.895 44.3009 0 0
129.79 44.3047 0 0
129.683 44.3152 0 0
129.577 44.3362 0 0
129.475 44.3631 0 0
129.37 44.374 0 0
129.266 44.3909 0 0
129.164 44.4139 0 0
129.059 44.4214 0 0
128.955 44.436 0 0
128.853 44.4572 0 0
128.749 44.4634 0 0
128.644 44.4768 0 0
128.542 44.4969 0 0
128.438 44.502 0 0
128.334 44.5143 0 0
128.231 44.5335 0 0
128.127 44.5374 0 0
128.022 44.5486 0 0
127.92 44.5664 0 0
127.815 44.5687 0 0
127.71 44.5776 0 0
127.605 44.5923 0 0
127.5 44.5908 0 0
127.393 44.5958 0 0
127.287 44.6115 0 0
127.184 44.6333 0 0
127.079 44.6389 0 0
126.973 44.6505 0 0
126.87 44.6683 0 0
126.766 44.6705 0 0
126.661 44.6798 0 0
126.558 44.6958 0 0
126.454 44.6966 0 0
126.349 44.7045 0 0
126.246 44.7193 0 0
126.142 44.7188 0 0
126.037 44.7254 0 0
125.934 44.7387 0 0
125.829 44.7365 0 0
125.724 44.7407 0 0
125.619 44.7508 0 0
125.514 44.7446 0 0
125.407 44.7449 0 0
125.3 44.7559 0 0
125.196 44.7731 0 0
125.091 44.7739 0 0
124.985 44.7807 0 0
124.882 44.7936 0 0
124.778 44.7908 0 0
124.672 44.7947 0 0
124.569 44.8052 0 0
124.465 44.8002 0 0
124.36 44.802 0 0
124.256 44.8105 0 0
124.153 44.8035 0 0
124.047 44.8032 0 0
123.944 44.8097 0 0
123.84 44.8007 0 0
123.735 44.7984 0 0
123.631 44.8028 0 0
123.527 44.7913 0 0
123.421 44.7861 0 0
123.317 44.7867 0 0
123.213 44.771 0 0
123.106 44.7614 0 0
122.999 44.7627 0 0
122.894 44.7704 0 0
122.79 44.7618 0 0
122.684 44.759 0 0
122.58 44.7627 0 0
122.477 44.7508 0 0
122.371 44.7457 0 0
122.268 44.7476 0 0
122.165 44.7342 0 0
122.06 44.7277 0 0
121.956 44.7284 0 0
121.854 44.7137 0 0
121.749 44.7059 0 0
121.645 44.705 0 0
121.542 44.6885 0 0
121.437 44.6783 0 0
121.332 44.6741 0 0
121.229 44.6535 0 0
121.123 44.6391 0 0
121.017 44.6356 0 0
120.912 44.6386 0 0
120.808 44.6252 0 0
120.703 44.6178 0 0
120.599 44.6169 0 0
120.496 44.6003 0 0
120.392 44.5905 0 0
120.288 44.5879 0 0
120.186 44.57 0 0
120.082 44.559 0 0
119.978 44.5552 0 0
119.877 44.5362 0 0
119.772 44.524 0 0
119.669 44.5191 0 0
119.567 44.4989 0 0
119.463 44.4855 0 0
119.36 44.4791 0 0
119.258 44.4571 0 0
119.154 44.4412 0 0
119.05 44.4312 0 0
118.948 44.4049 0 0
118.843 44.3845 0 0
118.736 44.3748 0 0
118.631 44.3716 0 0
118.528 44.3519 0 0
118.423 44.3378 0 0
118.318 44.33 0 0
118.217 44.3062 0 0
118.112 44.2883 0 0
118.007 44.2765 0 0
117.906 44.2479 0 0
117.801 44.224 0 0
117.695 44.2041 0 0
117.593 44.1657 0 0
117.487 44.1292 0 0
117.376 44.0975 0 0
117.262 44.0692 0 0
117.146 44.0436 0 0
117.026 44.0259 0 0
116.908 44.0481 0 0
116.837 44.1393 0 0
116.783 44.2355 0 0
116.729 44.3269 0 0
116.666 44.4094 0 0
116.591 44.4783 0 0
116.504 44.5289 0 0
116.408 44.5585 0 0
116.308 44.5669 0 0
116.208 44.5541 0 0
116.114 44.5204 0 0
116.029 44.4666 0 0
115.956 44.3952 0 0
115.895 44.3113 0 0
115.842 44.219 0 0
115.789 44.1226 0 0
115.718 44.0318 0 0
115.599 44.0114 0 0
115.478 44.0308 0 0
115.361 44.0577 0 0
115.245 44.0866 0 0
115.131 44.1175 0 0
115.021 44.1516 0 0
114.914 44.1904 0 0
114.813 44.2312 0 0
114.707 44.2539 0 0
114.602 44.2806 0 0
114.501 44.312 0 0
114.396 44.327 0 0
114.292 44.3482 0 0
114.19 44.3754 0 0
114.086 44.3872 0 0
113.982 44.4058 0 0
113.88 44.4308 0 0
113.776 44.4402 0 0
113.671 44.4561 0 0
113.567 44.4777 0 0
113.462 44.4831 0 0
113.355 44.495 0 0
113.25 44.5175 0 0
113.148 44.5458 0 0
113.044 44.5581 0 0
112.939 44.5763 0 0
112.838 44.6006 0 0
112.734 44.6096 0 0
112.629 44.6254 0 0
112.528 44.648 0 0
112.424 44.6554 0 0
112.319 44.67 0 0
112.218 44.6913 0 0
112.114 44.6975 0 0
112.009 44.7108 0 0
111.906 44.7307 0 0
111.802 44.7352 0 0
111.697 44.7462 0 0
111.593 44.763 0 0
111.488 44.7637 0 0
111.381 44.7709 0 0
111.275 44.7888 0 0
111.172 44.8127 0 0
111.067 44.8205 0 0
110.962 44.8343 0 0
110.86 44.8542 0 0
110.756 44.8587 0 0
110.651 44.8701 0 0
110.549 44.8884 0 0
110.445 44.8915 0 0
110.34 44.9017 0 0
110.237 44.9188 0 0
110.134 44.9208 0 0
110.029 44.93 0 0
109.926 44.9461 0 0
109.822 44.9469 0 0
109.717 44.9549 0 0
109.614 44.9697 0 0
109.51 44.9688 0 0
109.404 44.9745 0 0
109.299 44.9861 0 0
109.194 44.9814 0 0
109.087 44.9832 0 0
108.981 44.9957 0 0
108.877 45.0143 0 0
108.772 45.0167 0 0
108.666 45.025 0 0
108.563 45.0395 0 0
108.459 45.0382 0 0
108.353 45.0437 0 0
108.25 45.0558 0 0
108.146 45.0524 0 0
108.04 45.0556 0 0
107.937 45.0655 0 0
107.833 45.0598 0 0
107.727 45.0607 0 0
107.623 45.0681 0 0
107.519 45.0595 0 0
107.413 45.057 0 0
107.308 45.0601 0 0
107.204 45.0466 0 0
107.096 45.0391 0 0
106.989 45.0422 0 0
106.884 45.0516 0 0
106.78 45.0446 0 0
106.674 45.0435 0 0
106.57 45.0488 0 0
106.466 45.0385 0 0
106.361 45.035 0 0
106.257 45.0385 0 0
106.154 45.0268 0 0
106.049 45.022 0 0
105.945 45.0244 0 0
105.842 45.0116 0 0
105.737 45.0058 0 0
105.634 45.007 0 0
105.531 44.9931 0 0
105.426 44.986 0 0
105.322 44.9859 0 0
105.219 44.9702 0 0
105.113 44.9608 0 0
105.009 44.9573 0 0
104.905 44.9376 0 0
104.799 44.9241 0 0
104.692 44.9214 0 0
104.587 44.9251 0 0
104.483 44.9126 0 0
104.378 44.9059 0 0
104.273 44.9058 0 0
104.17 44.8901 0 0
104.066 44.8811 0 0
103.962 44.8792 0 0
103.859 44.862 0 0
103.755 44.8517 0 0
103.651 44.8486 0 0
103.549 44.8301 0 0
103.444 44.8185 0 0
103.34 44.8139 0 0
103.238 44.7937 0 0
103.133 44.7796 0 0
103.029 44.7716 0 0
102.927 44.7474 0 0
102.821 44.7292 0 0
102.714 44.7217 0 0
102.609 44.7208 0 0
102.506 44.7037 0 0
102.401 44.6924 0 0
102.297 44.6876 0 0
102.195 44.6673 0 0
102.09 44.6537 0 0
101.987 44.6471 0 0
101.885 44.6254 0 0
101.781 44.6103 0 0
101.678 44.6024 0 0
101.576 44.5793 0 0
101.472 44.5628 0 0
101.368 44.5533 0 0
101.267 44.5282 0 0
101.163 44.5094 0 0
101.058 44.4967 0 0
100.957 44.4675 0 0
100.852 44.4431 0 0
100.746 44.4228 0 0
100.644 44.3841 0 0
100.538 44.3474 0 0
100.427 44.3155 0 0
100.314 44.287 0 0
100.198 44.2606 0 0
100.08 44.2361 0 0
99.9593 44.219 0 0
99.8415 44.2414 0 0
99.7713 44.333 0 0
99.7177 44.4296 0 0
99.6639 44.5214 0 0
99.6017 44.6043 0 0
99.5273 44.6739 0 0
99.4407 44.7255 0 0
99.3451 44.7564 0 0
99.2451 44.7666 0 0
99.1452 44.756 0 0
99.0498 44.7246 0 0
98.9633 44.6727 0 0
98.8891 44.6029 0 0
98.8271 44.5199 0 0
98.7732 44.4282 0 0
98.7195 44.3317 0 0
98.649 44.2403 0 0
98.5314 44.2184 0 0
98.4111 44.2364 0 0
98.2943 44.2622 0 0
98.18 44.2907 0 0
98.0686 44.3224 0 0
97.9614 44.3587 0 0
97.8589 44.3967 0 0
97.7519 44.416 0 0
97.6454 44.4387 0 0
97.5417 44.4653 0 0
97.435 44.4741 0 0
97.3276 44.4884 0 0
97.2224 44.5126 0 0
97.1209 44.5422 0 0
97.0163 44.5554 0 0
96.912 44.5742 0 0
96.8107 44.599 0 0
96.7069 44.6081 0 0
96.6029 44.6241 0 0
96.5015 44.6468 0 0
96.398 44.6542 0 0
96.294 44.6688 0 0
96.1926 44.6902 0 0
96.0891 44.6964 0 0
95.9851 44.7099 0 0
95.8833 44.7302 0 0
95.7797 44.7352 0 0
95.6754 44.7474 0 0
95.5731 44.7664 0 0
95.4691 44.7697 0 0
95.364 44.7796 0 0
95.2604 44.7954 0 0
95.1555 44.7949 0 0
95.0486 44.8009 0 0
94.943 44.8178 0 0
94.8406 44.8407 0 0
94.736 44.8474 0 0
94.6312 44.8601 0 0
94.5289 44.8791 0 0
94.4249 44.8824 0 0
94.3203 44.8927 0 0
94.218 44.9098 0 0
94.1143 44.9116 0 0
94.0097 44.9206 0 0
93.9071 44.9364 0 0
93.8034 44.937 0 0
93.6986 44.9446 0 0
93.5956 44.959 0 0
93.4915 44.9578 0 0
93.3861 44.9631 0 0
93.2819 44.9743 0 0
93.1771 44.9691 0 0
93.0701 44.9705 0 0
92.9638 44.9827 0 0
92.8605 45.0011 0 0
92.7558 45.0031 0 0
92.6505 45.0112 0 0
92.5475 45.0256 0 0
92.4435 45.0244 0 0
92.3386 45.0301 0 0
92.2357 45.0427 0 0
92.1321 45.04 0 0
92.0272 45.0445 0 0
91.9243 45.0559 0 0
91.8207 45.0521 0 0
91.7158 45.0554 0 0
91.6126 45.0657 0 0
91.509 45.0606 0 0
91.4038 45.0625 0 0
91.3001 45.071 0 0
91.1962 45.0637 0 0
91.0905 45.0625 0 0
90.9857 45.067 0 0
90.8813 45.0549 0 0
90.7744 45.0487 0 0
90.6673 45.0532 0 0
90.5628 45.0637 0 0
90.458 45.0575 0 0
90.3523 45.0571 0 0
90.2484 45.0629 0 0
90.1447 45.0528 0 0
90.0396 45.0494 0 0
89.9358 45.053 0 0
89.8327 45.0412 0 0
89.7278 45.0364 0 0
89.624 45.0386 0 0
89.5211 45.0255 0 0
89.4161 45.0192 0 0
89.3121 45.0199 0 0
89.2091 45.0049 0 0
89.1039 44.9963 0 0
88.9991 44.9936 0 0
88.8959 44.9746 0 0
88.7897 44.9618 0 0
88.6827 44.9598 0 0
88.5778 44.9644 0 0
88.4737 44.9526 0 0
88.3683 44.9467 0 0
88.2642 44.9473 0 0
88.1613 44.9324 0 0
88.0566 44.9241 0 0
87.9529 44.9231 0 0
87.8504 44.9067 0 0
87.746 44.8973 0 0
87.6424 44.8951 0 0
87.5402 44.8777 0 0
87.4358 44.8672 0 0
87.3321 44.8639 0 0
87.2301 44.8453 0 0
87.1257 44.8336 0 0
87.0218 44.8288 0 0
86.9197 44.8085 0 0
86.815 44.7944 0 0
86.7106 44.7863 0 0
86.6084 44.762 0 0
86.503 44.7437 0 0
86.3962 44.7362 0 0
86.2912 44.7353 0 0
86.1878 44.7181 0 0
86.0828 44.7068 0 0
85.9788 44.702 0 0
85.8767 44.6817 0 0
85.7724 44.668 0 0
85.6688 44.6614 0 0
85.5673 44.6397 0 0
85.4633 44.6247 0 0
85.3598 44.6168 0 0
85.2585 44.5938 0 0
85.1545 44.5774 0 0
85.0508 44.5679 0 0
84.9496 44.543 0 0
84.8456 44.524 0 0
84.7412 44.5108 0 0
84.64 44.4814 0 0
84.5351 44.4577 0 0
84.4283 44.4444 0 0
84.3227 44.4374 0 0
84.2197 44.4137 0 0
84.1144 44.3952 0 0
84.0092 44.3823 0 0
83.9075 44.3527 0 0
83.8024 44.3277 0 0
83.6964 44.3068 0 0
83.5951 44.2676 0 0
83.4891 44.2305 0 0
83.3788 44.1985 0 0
83.2659 44.1703 0 0
83.1512 44.1448 0 0
83.0354 44.1215 0 0
82.9184 44.1019 0 0
82.7999 44.0952 0 0
82.6953 44.1389 0 0
82.6289 44.2295 0 0
82.5764 44.3238 0 0
82.5235 44.4141 0 0
82.4623 44.4962 0 0
82.3889 44.5655 0 0
82.3035 44.6178 0 0
82.2088 44.6501 0 0
82.1093 44.6605 0 0
82.01 44.648 0 0
81.9165 44.6126 0 0
81.8338 44.5556 0 0
81.7649 44.4812 0 0
81.7091 44.3945 0 0
81.6613 44.2999 0 0
81.6126 44.2013 0 0
81.5457 44.1078 0 0
81.4284 44.0841 0 0
81.3073 44.1003 0 0
81.1891 44.1239 0 0
81.0725 44.1493 0 0
80.9574 44.1761 0 0
80.8443 44.205 0 0
80.7339 44.2373 0 0
80.6279 44.2744 0 0
80.5268 44.3136 0 0
80.4209 44.3343 0 0
80.3161 44.3591 0 0
80.2148 44.3887 0 0
80.1102 44.4017 0 0
80.006 44.4209 0 0
79.9048 44.4462 0 0
79.8009 44.4559 0 0
79.6967 44.4725 0 0
79.595 44.4955 0 0
79.4909 44.5027 0 0
79.3861 44.5165 0 0
79.2831 44.536 0 0
79.1781 44.5392 0 0
79.0715 44.549 0 0
78.9664 44.5695 0 0
78.8648 44.5959 0 0
78.7606 44.6062 0 0
78.6563 44.6224 0 0
78.5547 44.6449 0 0
78.451 44.6517 0 0
78.3468 44.6656 0 0
78.2452 44.6863 0 0
78.1417 44.6918 0 0
78.0376 44.7044 0 0
77.9359 44.724 0 0
77.8324 44.7284 0 0
77.7281 44.74 0 0
77.6261 44.7585 0 0
77.5225 44.7618 0 0
77.4179 44.7722 0 0
77.3154 44.7894 0 0
77.2114 44.791 0 0
77.1061 44.7992 0 0
77.0023 44.8133 0 0
76.8974 44.8111 0 0
76.7904 44.8154 0 0
76.6845 44.8306 0 0
76.5817 44.8518 0 0
76.477 44.8569 0 0
76.372 44.8679 0 0
76.2694 44.8852 0 0
76.1653 44.8869 0 0
76.0605 44.8956 0 0
75.9579 44.9111 0 0
75.8541 44.9113 0 0
75.7493 44.9187 0 0
75.6465 44.933 0 0
75.5427 44.932 0 0
75.4377 44.9381 0 0
75.3344 44.9509 0 0
75.2303 44.9482 0 0
75.1247 44.9519 0 0
75.0203 44.9615 0 0
74.9154 44.9548 0 0
74.8083 44.9545 0 0
74.7016 44.965 0 0
74.5978 44.9817 0 0
74.4929 44.9819 0 0
74.3872 44.9879 0 0
74.2837 45 0 0
74.1795 44.9962 0 0
74.0741 44.9989 0 0
73.9706 45.0083 0 0
73.8668 45.002 0 0
73.7615 45.0025 0 0
73.6579 45.0097 0 0
73.5543 45.0013 0 0
73.4491 44.9996 0 0
73.3452 45.0047 0 0
73.2418 44.9943 0 0
73.1365 44.9906 0 0
73.0323 44.9937 0 0
72.9288 44.981 0 0
72.8232 44.9747 0 0
72.7183 44.9743 0 0
72.6144 44.9576 0 0
72.5077 44.9471 0 0
72.4005 44.9474 0 0
72.2956 44.9542 0 0
72.1911 44.9446 0 0
72.0853 44.941 0 0
71.9811 44.9439 0 0
71.8777 44.9311 0 0
71.7726 44.9252 0 0
71.6686 44.9263 0 0
71.5656 44.9122 0 0
71.4607 44.905 0 0
71.3567 44.9049 0 0
71.2538 44.8896 0 0
71.1488 44.8811 0 0
71.0446 44.8796 0 0
70.9418 44.8625 0 0
70.8365 44.8516 0 0
70.7316 44.8468 0 0
70.6285 44.8258 0 0
70.5222 44.8109 0 0
70.415 44.8068 0 0
70.3098 44.8092 0 0
70.2057 44.7953 0 0
70.1002 44.7874 0 0
69.9959 44.786 0 0
69.893 44.769 0 0
69.7881 44.7589 0 0
69.6842 44.7558 0 0
69.5818 44.7376 0 0
69.4772 44.7263 0 0
69.3734 44.7222 0 0
69.2713 44.703 0 0
69.1668 44.6907 0 0
69.0629 44.6855 0 0
68.9609 44.6652 0 0
68.8563 44.6517 0 0
68.7522 44.6452 0 0
68.6502 44.6233 0 0
68.5454 44.6075 0 0
68.4407 44.5977 0 0
68.3386 44.5718 0 0
68.2331 44.5519 0 0
68.126 44.5426 0 0
68.0207 44.5399 0 0
67.9172 44.5211 0 0
67.8119 44.508 0 0
67.7076 44.5015 0 0
67.6054 44.4795 0 0
67.5008 44.464 0 0
67.3968 44.4556 0 0
67.2951 44.432 0 0
67.1907 44.4149 0 0
67.0865 44.4048 0 0
66.9849 44.3792 0 0
66.8803 44.3599 0 0
66.7753 44.3466 0 0
66.6735 44.317 0 0
66.5682 44.2922 0 0
66.4617 44.2715 0 0
66.3597 44.2326 0 0
66.2528 44.1957 0 0
66.1412 44.1637 0 0
66.0267 44.1349 0 0
65.9095 44.109 0 0
65.789 44.0911 0 0
65.6711 44.1131 0 0
65.6009 44.2046 0 0
65.5473 44.3012 0 0
65.4936 44.3931 0 0
65.4317 44.4762 0 0
65.3576 44.5463 0 0
65.2714 44.5988 0 0
65.1763 44.6312 0 0
65.0765 44.6435 0 0
64.9762 44.6354 0 0
64.8798 44.6068 0 0
64.7918 44.5575 0 0
64.7156 44.4897 0 0
64.6517 44.4081 0 0
64.5964 44.3171 0 0
64.5419 44.221 0 0
64.4714 44.1295 0 0
64.3536 44.1062 0 0
64.2326 44.1221 0 0
64.1145 44.1453 0 0
63.9984 44.1704 0 0
63.8843 44.1974 0 0
63.773 44.2277 0 0
63.6659 44.2628 0 0
63.5636 44.2998 0 0
63.4569 44.3182 0 0
63.3511 44.3405 0 0
63.2484 44.3675 0 0
63.1429 44.3774 0 0
63.0372 44.3928 0 0
62.9336 44.4134 0 0
62.8278 44.4173 0 0
62.7206 44.4274 0 0
62.615 44.4479 0 0
62.513 44.4742 0 0
62.4083 44.4841 0 0
62.3037 44.4999 0 0
62.2018 44.5218 0 0
62.0978 44.528 0 0
61.9934 44.5411 0 0
61.8914 44.561 0 0
61.7876 44.5656 0 0
61.6832 44.5774 0 0
61.5809 44.5959 0 0
61.4771 44.5992 0 0
61.3724 44.6096 0 0
61.2697 44.6267 0 0
61.1655 44.6282 0 0
61.06 44.6363 0 0
60.9561 44.6502 0 0
60.851 44.6478 0 0
60.7439 44.6519 0 0
60.6377 44.6668 0 0
60.5347 44.6878 0 0
60.4299 44.6926 0 0
60.3247 44.7033 0 0
60.2219 44.7203 0 0
60.1177 44.7218 0 0
60.0128 44.7302 0 0
59.91 44.7454 0 0
59.8061 44.7454 0 0
59.7012 44.7526 0 0
59.5984 44.7667 0 0
59.4945 44.7656 0 0
59.3896 44.7717 0 0
59.2864 44.7847 0 0
59.1825 44.7825 0 0
59.0773 44.7873 0 0
58.9737 44.799 0 0
58.8695 44.795 0 0
58.7636 44.7976 0 0
58.6589 44.806 0 0
58.5539 44.7982 0 0
58.4466 44.7967 0 0
58.3396 44.806 0 0
58.2354 44.8215 0 0
58.1303 44.8207 0 0
58.0244 44.8258 0 0
57.9205 44.8371 0 0
57.8161 44.8327 0 0
57.7106 44.835 0 0
57.6067 44.8439 0 0
57.5026 44.8372 0 0
57.397 44.8373 0 0
57.2929 44.8439 0 0
57.189 44.835 0 0
57.0833 44.8326 0 0
56.9788 44.8368 0 0
56.8748 44.825 0 0
56.7688 44.8193 0 0
56.6635 44.8192 0 0
56.5592 44.8028 0 0
56.4522 44.7923 0 0
56.3446 44.7924 0 0
56.2394 44.7988 0 0
56.1345 44.789 0 0
56.0285 44.785 0 0
55.924 44.7876 0 0
55.8203 44.7746 0 0
55.7149 44.7683 0 0
55.6107 44.7691 0 0
55.5075 44.7548 0 0
55.4024 44.7473 0 0
55.2982 44.747 0 0
55.1952 44.7316 0 0
55.0901 44.7231 0 0
54.9859 44.7217 0 0
54.883 44.7051 0 0
54.7778 44.6954 0 0
54.6732 44.6926 0 0
54.5702 44.6744 0 0
54.4647 44.6623 0 0
54.3595 44.6563 0 0
54.2563 44.6342 0 0
54.1499 44.618 0 0
54.0424 44.6125 0 0
53.9368 44.6135 0 0
53.8324 44.5983 0 0
53.7266 44.5889 0 0
53.6219 44.5861 0 0
53.5189 44.5679 0 0
53.4137 44.5563 0 0
53.3094 44.5517 0 0
53.2068 44.5321 0 0
53.1019 44.5192 0 0
52.9976 44.5135 0 0
52.8952 44.4927 0 0
52.7903 44.4785 0 0
52.6858 44.4713 0 0
52.5835 44.4487 0 0
52.4784 44.4323 0 0
52.3733 44.4217 0 0
52.271 44.3953 0 0
52.1651 44.3747 0 0
52.0578 44.3646 0 0
51.9521 44.3611 0 0
51.8483 44.3415 0 0
51.7428 44.3276 0 0
51.6382 44.3204 0 0
51.5358 44.2979 0 0
51.4311 44.2819 0 0
51.3269 44.273 0 0
51.2251 44.2492 0 0
51.1207 44.232 0 0
51.0167 44.2221 0 0
50.9152 44.1972 0 0
50.8109 44.179 0 0
50.7068 44.1679 0 0
50.6055 44.1419 0 0
50.5012 44.1223 0 0
50.3969 44.1096 0 0
50.2956 44.0815 0 0
50.1911 44.0592 0 0
50.0861 44.0425 0 0
49.9848 44.0097 0 0
49.8795 43.9822 0 0
49.7716 43.9643 0 0
49.6644 43.9517 0 0
49.5607 43.9221 0 0
49.4541 43.8962 0 0
49.3468 43.8738 0 0
49.2444 43.8331 0 0
49.1372 43.7941 0 0
49.0256 43.7595 0 0
48.9111 43.728 0 0
48.7939 43.6992 0 0
48.6733 43.6783 0 0
48.5548 43.6976 0 0
48.4841 43.7883 0 0
48.4313 43.885 0 0
48.3798 43.9779 0 0
48.321 44.0631 0 0
48.2506 44.1365 0 0
48.1677 44.1938 0 0
48.0747 44.2316 0 0
47.9759 44.2489 0 0
47.8756 44.2447 0 0
47.7787 44.2187 0 0
47.6902 44.1707 0 0
47.6138 44.1035 0 0
47.5497 44.0222 0 0
47.494 43.9316 0 0
47.4386 43.8361 0 0
47.3669 43.7457 0 0
47.2492 43.7245 0 0
47.1292 43.7429 0 0
47.0124 43.7686 0 0
46.8976 43.7961 0 0
46.7849 43.8257 0 0
46.6752 43.8586 0 0
46.5699 43.8963 0 0
46.4695 43.9359 0 0
46.3642 43.9569 0 0
46.26 43.9818 0 0
46.1593 44.0115 0 0
46.0553 44.0244 0 0
45.9517 44.0435 0 0
45.8512 44.0688 0 0
45.7479 44.0783 0 0
45.6445 44.0949 0 0
45.5438 44.118 0 0
45.4407 44.1257 0 0
45.3372 44.1406 0 0
45.2362 44.1622 0 0
45.1331 44.1684 0 0
45.0293 44.1817 0 0
44.9276 44.2017 0 0
44.8241 44.2059 0 0
44.7195 44.2167 0 0
44.6165 44.2332 0 0
44.512 44.2334 0 0
44.4056 44.2401 0 0
44.3005 44.2578 0 0
44.1987 44.2814 0 0
44.0946 44.2888 0 0
43.9902 44.3021 0 0
43.8884 44.3215 0 0
43.7849 44.3253 0 0
43.6807 44.336 0 0
43.5788 44.3535 0 0
43.4754 44.3557 0 0
43.3711 44.3649 0 0
43.269 44.381 0 0
43.1655 44.3817 0 0
43.061 44.3895 0 0
42.9583 44.4041 0 0
42.8546 44.4029 0 0
42.7494 44.4082 0 0
42.6455 44.4194 0 0
42.541 44.4141 0 0
42.4342 44.4153 0 0
42.3282 44.4275 0 0
42.2251 44.4457 0 0
42.1206 44.4477 0 0
42.0155 44.4555 0 0
41.9127 44.4697 0 0
41.8089 44.4681 0 0
41.7041 44.4735 0 0
41.6013 44.4858 0 0
41.4978 44.4827 0 0
41.3931 44.4866 0 0
41.2902 44.4976 0 0
41.1868 44.4932 0 0
41.082 44.4959 0 0
40.9787 44.5055 0 0
40.8752 44.4996 0 0
40.7701 44.5005 0 0
40.6664 44.508 0 0
40.5626 44.4995 0 0
40.457 44.497 0 0
40.3522 44.5001 0 0
40.248 44.4866 0 0
40.1411 44.4789 0 0
40.034 44.4817 0 0
39.9293 44.4906 0 0
39.8247 44.4827 0 0
39.719 44.4805 0 0
39.615 44.4845 0 0
39.5115 44.4727 0 0
39.4064 44.4676 0 0
39.3026 44.4695 0 0
39.1997 44.456 0 0
39.0948 44.4493 0 0
38.991 44.4498 0 0
38.8882 44.4348 0 0
38.7833 44.4268 0 0
38.6792 44.4256 0 0
38.5764 44.4088 0 0
38.4712 44.3982 0 0
38.3664 44.3936 0 0
38.2634 44.3727 0 0
38.1573 44.3579 0 0
38.0502 44.3539 0 0
37.9451 44.3563 0 0
37.8411 44.3425 0 0
37.7356 44.3344 0 0
37.6315 44.3329 0 0
37.5287 44.3158 0 0
37.4239 44.3054 0 0
37.32 44.3022 0 0
37.2178 44.2837 0 0
37.1133 44.272 0 0
37.0095 44.2675 0 0
36.9075 44.2479 0 0
36.8031 44.2351 0 0
36.6993 44.2294 0 0
36.5974 44.2086 0 0
36.4929 44.1945 0 0
36.3889 44.1874 0 0
36.287 44.1647 0 0
36.1823 44.1482 0 0
36.0778 44.1376 0 0
35.9758 44.111 0 0
35.8705 44.0902 0 0
35.7635 44.0801 0 0
35.6582 44.0765 0 0
35.5549 44.0568 0 0
35.4498 44.0427 0 0
35.3456 44.0353 0 0
35.2437 44.0124 0 0
35.1393 43.996 0 0
35.0355 43.9868 0 0
34.9342 43.9625 0 0
34.8302 43.9448 0 0
34.7264 43.9342 0 0
34.6253 43.9086 0 0
34.5214 43.8895 0 0
34.4176 43.8774 0 0
34.3166 43.85 0 0
34.2126 43.8284 0 0
34.1084 43.8128 0 0
34.0076 43.7813 0 0
33.903 43.7555 0 0
33.7964 43.74 0 0
33.691 43.7311 0 0
33.5885 43.7061 0 0
33.4838 43.6867 0 0
33.3796 43.6738 0 0
33.2785 43.6454 0 0
33.1746 43.6232 0 0
33.0706 43.6078 0 0
32.9701 43.5771 0 0
32.8662 43.5523 0 0
32.7618 43.5336 0 0
32.6614 43.4989 0 0
32.5572 43.4688 0 0
32.4518 43.4427 0 0
32.3518 43.3987 0 0
32.2468 43.3565 0 0
32.1371 43.3189 0 0
32.0243 43.2846 0 0
31.9093 43.2526 0 0
31.7922 43.2228 0 0
31.6717 43.2013 0 0
31.5537 43.2211 0 0
31.4875 43.3144 0 0
31.4428 43.4144 0 0
31.403 43.5122 0 0
31.359 43.6053 0 0
31.3039 43.69 0 0
31.2341 43.7615 0 0
31.1497 43.8145 0 0
31.0547 43.8444 0 0
30.9552 43.8482 0 0
30.8582 43.8254 0 0
30.7702 43.778 0 0
30.6947 43.711 0 0
30.6307 43.6305 0 0
30.5731 43.542 0 0
30.5129 43.4503 0 0
30.4341 43.3667 0 0
30.3167 43.359 0 0
30.202 43.3919 0 0
30.0921 43.4325 0 0
29.9852 43.4755 0 0
29.8817 43.5216 0 0
29.7833 43.5718 0 0
29.6899 43.623 0 0
29.5891 43.6553 0 0
29.4899 43.691 0 0
29.3945 43.7307 0 0
29.2939 43.7532 0 0
29.1942 43.7815 0 0
29.0979 43.8156 0 0
28.9972 43.8334 0 0
28.897 43.8577 0 0
28.7996 43.8879 0 0
28.6984 43.9017 0 0
28.5969 43.9218 0 0
28.4973 43.9473 0 0
28.3947 43.9558 0 0
28.2909 43.9709 0 0
28.1894 43.9973 0 0
28.0916 44.0294 0 0
27.9901 44.0448 0 0
27.8889 44.0659 0 0
27.7907 44.0928 0 0
27.6894 44.1034 0 0
27.5881 44.1207 0 0
27.4895 44.1446 0 0
27.3883 44.1525 0 0
27.2868 44.1675 0 0
27.1876 44.1893 0 0
27.0863 44.1949 0 0
26.9843 44.2076 0 0
26.8842 44.2269 0 0
26.7823 44.2296 0 0
26.6793 44.2388 0 0
26.5776 44.2537 0 0
26.4747 44.2515 0 0
26.3698 44.2559 0 0
26.266 44.2717 0 0
26.1654 44.2937 0 0
26.0627 44.2987 0 0
25.9598 44.3095 0 0
25.8592 44.3265 0 0
25.7573 44.3269 0 0
25.6547 44.3342 0 0
25.5541 44.3483 0 0
25.4525 44.3463 0 0
25.3499 44.3514 0 0
25.2491 44.3635 0 0
25.1477 44.3595 0 0
25.0449 44.3627 0 0
24.9438 44.3728 0 0
24.8423 44.3668 0 0
24.7394 44.3678 0 0
24.6376 44.3755 0 0
24.5359 44.3667 0 0
24.4323 44.3642 0 0
24.3294 44.3675 0 0
24.2271 44.3538 0 0
24.1221 44.3464 0 0
24.017 44.3503 0 0
23.9143 44.3606 0 0
23.8115 44.3538 0 0
23.7078 44.3526 0 0
23.6057 44.3578 0 0
23.5041 44.3464 0 0
23.4011 44.3417 0 0
23.2992 44.344 0 0
23.1983 44.3303 0 0
23.0954 44.3233 0 0
22.9935 44.3235 0 0
22.8929 44.3076 0 0
22.79 44.2985 0 0
22.6879 44.2963 0 0
22.5874 44.2778 0 0
22.4844 44.2654 0 0
22.3815 44.2587 0 0
22.281 44.2352 0 0
22.1771 44.2177 0 0
22.072 44.2114 0 0
21.9687 44.2118 0 0
21.867 44.1952 0 0
21.7637 44.1842 0 0
21.6616 44.1797 0 0
21.5614 44.1589 0 0
21.4591 44.1448 0 0
21.3573 44.1378 0 0
21.2579 44.115 0 0
21.156 44.0988 0 0
21.0545 44.0899 0 0
20.9555 44.0652 0 0
20.8539 44.0473 0 0
20.7524 44.0364 0 0
20.6539 44.0099 0 0
20.5524 43.9899 0 0
20.4509 43.9768 0 0
20.3526 43.9478 0 0
20.2513 43.9246 0 0
20.1495 43.9072 0 0
20.0517 43.8733 0 0
19.95 43.845 0 0
19.8459 43.8277 0 0
19.7429 43.8171 0 0
19.6432 43.7899 0 0
19.5414 43.7681 0 0
19.44 43.7529 0 0
19.3423 43.7218 0 0
19.2417 43.697 0 0
19.141 43.6793 0 0
19.0442 43.6461 0 0
18.9442 43.6193 0 0
18.8438 43.5996 0 0
18.7477 43.5646 0 0
18.6481 43.5357 0 0
18.5478 43.5138 0 0
18.4523 43.4762 0 0
18.3531 43.4442 0 0
18.253 43.4179 0 0
18.1583 43.3755 0 0
18.0593 43.3384 0 0
17.9569 43.312 0 0
17.855 43.2923 0 0
17.7578 43.2564 0 0
17.6581 43.2257 0 0
17.5582 43.2016 0 0
17.4634 43.162 0 0
17.3651 43.1284 0 0
17.2661 43.1018 0 0
17.1723 43.0603 0 0
17.0748 43.0247 0 0
16.9762 42.9961 0 0
16.8833 42.9525 0 0
16.7863 42.9148 0 0
16.6881 42.8838 0 0
16.5959 42.8378 0 0
16.4995 42.797 0 0
16.4014 42.7622 0 0
16.3102 42.7114 0 0
16.2146 42.6645 0 0
16.1171 42.6212 0 0
16.0285 42.5608 0 0
15.9348 42.5012 0 0
15.8357 42.446 0 0
15.7328 42.3942 0 0
15.6272 42.3454 0 0
15.5192 42.2993 0 0
15.4084 42.2568 0 0
15.2929 42.225 0 0
15.1777 42.2408 0 0
15.1244 42.3407 0 0
15.1049 42.4477 0 0
15.1032 42.5527 0 0
15.1116 42.6547 0 0
15.1194 42.755 0 0
15.1118 42.8537 0 0
15.0733 42.9443 0 0
14.9984 43.0072 0 0
14.902 43.0223 0 0
14.8099 42.9884 0 0
14.7367 42.9219 0 0
14.6792 42.8398 0 0
14.6255 42.7528 0 0
14.5652 42.6671 0 0
14.4906 42.5878 0 0
14.3932 42.5282 0 0
14.2869 42.5563 0 0
14.2028 42.6269 0 0
14.1305 42.7061 0 0
14.0664 42.7887 0 0
14.0111 42.8743 0 0
13.9596 42.9586 0 0
13.8883 43.0254 0 0
13.8182 43.0932 0 0
13.7506 43.1615 0 0
13.6676 43.2108 0 0
13.5868 43.2653 0 0
13.5148 43.3303 0 0
13.4484 43.3987 0 0
13.3682 43.4492 0 0
13.2901 43.5038 0 0
13.2161 43.5618 0 0
13.1308 43.6012 0 0
13.0478 43.6466 0 0
12.9691 43.6972 0 0
12.8815 43.7298 0 0
12.7958 43.7691 0 0
12.7142 43.8142 0 0
12.6249 43.8412 0 0
12.5373 43.8753 0 0
12.4534 43.9158 0 0
12.3631 43.9381 0 0
12.2739 43.9678 0 0
12.1882 44.004 0 0
12.0967 44.0213 0 0
12.0056 44.045 0 0
11.917 44.0743 0 0
11.8237 44.0849 0 0
11.7306 44.1046 0 0
11.6426 44.1406 0 0
11.5597 44.1842 0 0
11.4701 44.2098 0 0
11.3817 44.2414 0 0
11.2967 44.2788 0 0
11.2058 44.2976 0 0
11.1159 44.3239 0 0
11.0294 44.3573 0 0
10.938 44.3728 0 0
10.8474 44.3961 0 0
10.7599 44.4267 0 0
10.668 44.4392 0 0
10.5767 44.4597 0 0
10.4881 44.4873 0 0
10.3957 44.4959 0 0
10.3031 44.5112 0 0
10.2125 44.5327 0 0
10.119 44.5354 0 0
10.0249 44.5477 0 0
9.93455 44.5769 0 0
9.84884 44.6144 0 0
9.75783 44.6339 0 0
9.66767 44.6597 0 0
9.58057 44.6917 0 0
9.48877 44.7049 0 0
9.39761 44.7259 0 0
9.30946 44.7544 0 0
9.21741 44.7649 0 0
9.12578 44.7835 0 0
9.03693 44.8096 0 0
8.94467 44.8177 0 0
8.85259 44.834 0 0
8.76307 44.8578 0 0
8.6706 44.8636 0 0
8.57807 44.8774 0 0
8.48779 44.8987 0 0
8.39501 44.9009 0 0
8.30163 44.91 0 0
8.20982 44.9253 0 0
8.11628 44.922 0 0
8.02152 44.9281 0 0
7.92947 44.9515 0 0
7.84146 44.9834 0 0
7.74935 44.997 0 0
7.65767 45.017 0 0
7.56865 45.0434 0 0
7.47614 45.0508 0 0
7.38376 45.0661 0 0
7.29389 45.0889 0 0
7.20128 45.0935 0 0
7.10855 45.1062 0 0
7.0181 45.1266 0 0
6.92539 45.1289 0 0
6.83232 45.1391 0 0
6.7412 45.1568 0 0
6.64834 45.1554 0 0
6.55462 45.1608 0 0
6.46222 45.1725 0 0
6.36884 45.1655 0 0
6.27387 45.1679 0 0
6.18093 45.1876 0 0
6.09171 45.216 0 0
5.99911 45.2261 0 0
5.90671 45.2426 0 0
5.81675 45.2656 0 0
5.72402 45.2696 0 0
5.63115 45.2814 0 0
5.54054 45.301 0 0
5.44784 45.3025 0 0
5.35475 45.3121 0 0
5.26371 45.3295 0 0
5.17102 45.3288 0 0
5.07773 45.3361 0 0
4.98625 45.3514 0 0
4.89357 45.3484 0 0
4.80006 45.3534 0 0
4.70807 45.3661 0 0
4.61539 45.3597 0 0
4.52146 45.36 0 0
4.42849 45.3668 0 0
4.33555 45.3547 0 0
4.2405 45.3519 0 0
4.14649 45.3663 0 0
4.05565 45.3896 0 0
3.96248 45.3941 0 0
3.86909 45.4051 0 0
3.77769 45.4225 0 0
3.6847 45.4207 0 0
3.59103 45.4264 0 0
3.49902 45.4399 0 0
3.40618 45.4347 0 0
3.31232 45.4374 0 0
3.21982 45.4477 0 0
3.12712 45.4393 0 0
3.03308 45.4385 0 0
2.94 45.4451 0 0
2.84759 45.4319 0 0
2.75341 45.425 0 0
2.65959 45.424 0 0
2.56764 45.4032 0 0
2.47259 45.3903 0 0
2.3766 45.3935 0 0
2.28241 45.4046 0 0
2.18854 45.3951 0 0
2.09336 45.3909 0 0
1.99886 45.3922 0 0
1.90658 45.3721 0 0
1.81211 45.3579 0 0
1.71752 45.3495 0 0
1.62746 45.3196 0 0
1.53454 45.2943 0 0
1.44078 45.2734 0 0
1.35504 45.2296 0 0
1.26615 45.1879 0 0
1.17593 45.1479 0 0
1.09826 45.085 0 0
1.01653 45.0213 0 0
0.927137 44.9624 0 0
0.827931 44.9144 0 0
0.717069 44.9107 0 0
0.631165 44.9869 0 0
0.568285 45.0764 0 0
0.520608 45.1702 0 0
0.487569 45.267 0 0
0.470213 45.3663 0 0
0.467262 45.4662 0 0
0.474762 45.566 0 2
0.488807 45.6651 0 2
0.505563 45.7637 0 2
0.521252 45.8626 0 2
0.532074 45.962 0 2
0.534145 46.062 0 2
0.523579 46.1614 0 2
0.496794 46.2576 0 2
0.451147 46.3463 0 2
0.385848 46.4216 0 2
0.302926 46.4767 0 2
0.2077 46.5056 0 2
0.108232 46.5045 0 2
0.0136306 46.4737 0 2
-0.0681385 46.4169 0 2
-0.131924 46.3404 0 2
-0.17591 46.2508 0 2
-0.201107 46.1542 0 2
-0.210366 46.0547 0 2
-0.207449 45.9547 0 2
-0.196413 45.8553 0 2
-0.181313 45.7564 0 2
-0.166152 45.6575 0 2
-0.15494 45.558 0 2
-0.151757 45.4579 0 2
-0.160377 45.3573 0 2
-0.182666 45.2574 0 2
-0.219931 45.1598 0 2
-0.274826 45.0675 0 2
-0.356934 44.9932 0 2
-0.465159 45.0058 0 2
-0.563906 45.0486 0 2
-0.665151 45.0831 0 2
-0.766286 45.1177 0 2
-0.871887 45.1348 0 2
-0.978612 45.1571 0 2
-1.08378 45.1835 0 2
-1.19184 45.193 0 2
-1.3013 45.2063 0 2
-1.4096 45.2226 0 2
-1.51917 45.221 0 2
-1.63063 45.2221 0 2
-1.74154 45.2253 0 2
-1.85159 45.2095 0 2
-1.96436 45.1955 0 2
-2.07819 45.186 0 2
-2.19056 45.1776 0 2
-2.2997 45.1494 0 2
-2.41092 45.1215 0 2
-2.52308 45.0973 0 2
-2.63359 45.074 0 2
-2.73824 45.0316 0 2
-2.84474 44.9892 0 2
-2.95256 44.9507 0 2
-3.05882 44.9143 0 2
-3.157 44.86 0 2
-3.25674 44.806 0 2
-3.35609 44.7531 0 2
-3.44482 44.6835 0 2
-3.53624 44.6135 0 2
-3.63034 44.546 0 2
-3.7235 44.4787 0 2
-3.80335 44.3955 0 2
-3.88545 44.3096 0 2
-3.9726 44.2256 0 2
-4.07369 44.1579 0 2
-4.18145 44.196 0 2
-4.27259 44.2573 0 2
-4.35322 44.326 0 2
-4.42599 44.3993 0 2
-4.49137 44.4769 0 2
-4.54988 44.5585 0 2
-4.6027 44.6434 0 2
-4.65115 44.731 0 2
-4.69645 44.8202 0 2
-4.73996 44.9104 0 2
-4.78306 45.0007 0 2
-4.82718 45.0905 0 2
-4.87375 45.1791 0 2
-4.92422 45.2656 0 2
-4.97993 45.3487 0 2
-5.04212 45.4271 0 2
-5.11179 45.4988 0 2
-5.18951 45.5618 0 2
-5.27526 45.6131 0 2
-5.36813 45.65 0 2
-5.4661 45.6693 0 2
-5.5659 45.6684 0 2
-5.66302 45.6457 0 2
-5.75208 45.6009 0 2
-5.82749 45.5357 0 2
-5.88435 45.4538 0 2
-5.91931 45.3605 0 2
-5.93103 45.2615 0 2
-5.9203 45.1623 0 2
-5.8895 45.0674 0 2
-5.84202 44.9796 0 2
-5.78151 44.9001 0 2
-5.71145 44.8288 0 2
-5.63483 44.7646 0 2
-5.55415 44.7055 0 2
-5.47149 44.6492 0 2
-5.38869 44.5931 0 2
-5.3076 44.5345 0 2
-5.23033 44.4711 0 2
-5.15951 44.4006 0 2
-5.09839 44.3216 0 2
-5.05072 44.2336 0 2
-5.01944 44.1376 0 2
-5.00559 44.0362 0 2
-5.0085 43.9316 0 2
-5.02994 43.826 0 2
-5.08162 43.7275 0 2
-5.19162 43.6972 0 2
-5.30613 43.6956 0 2
-5.41799 43.7024 0 2
-5.52924 43.6937 0 2
-5.64112 43.6887 0 2
-5.75095 43.6885 0 2
-5.85901 43.6709 0 2
-5.96712 43.6531 0 2
-6.07149 43.6182 0 2
-6.17952 43.5871 0 2
-6.28823 43.5592 0 2
-6.39161 43.5146 0 2
-6.49845 43.4712 0 2
-6.60756 43.4317 0 2
-6.71575 43.3937 0 2
-6.81619 43.3383 0 2
-6.91879 43.2826 0 2
-7.0233 43.2301 0 2
-7.12645 43.179 0 2
-7.21968 43.1115 0 2
-7.31476 43.0436 0 2
-7.41184 42.9792 0 2
-7.50788 42.9173 0 2
-7.5924 42.8405 0 2
-7.67861 42.7639 0 2
-7.76474 42.6887 0 2
-7.83746 42.6003 0 2
-7.91276 42.5108 0 2
-7.99124 42.4233 0 2
-8.0689 42.3365 0 2
-8.13078 42.2377 0 2
-8.19389 42.1363 0 2
-8.25927 42.0346 0 2
-8.32605 41.9334 0 2
-8.39669 41.8358 0 2
-8.48327 41.7555 0 2
-8.59561 41.7589 0 2
-8.70045 41.7867 0 2
-8.79912 41.8228 0 2
-8.8934 41.8635 0 2
-8.9844 41.9077 0 2
-9.07284 41.9548 0 2
-9.15966 42.0046 0 2
-9.24528 42.0564 0 2
-9.33009 42.1095 0 2
-9.41453 42.1633 0 2
-9.49907 42.2169 0 2
-9.58424 42.2695 0 2
-9.67057 42.3201 0 2
-9.75858 42.3678 0 2
-9.84872 42.4113 0 2
-9.94134 42.4493 0 2
-10.0366 42.4801 0 2
-10.1342 42.5018 0 2
-10.2337 42.5126 0 2
-10.3336 42.5103 0 2
-10.432 42.4928 0 2
-10.5259 42.4586 0 2
-10.6112 42.4068 0 2
-10.6834 42.3379 0 2
-10.7375 42.2542 0 2
-10.7692 42.1597 0 2
-10.7759 42.0603 0 2
-10.7569 41.9625 0 2
-10.7142 41.8725 0 2
-10.6515 41.795 0 2
-10.5736 41.7327 0 2
-10.4854 41.686 0 2
-10.3909 41.6537 0 2
-10.2931 41.6333 0 2
-10.1938 41.6215 0 2
-10.0941 41.6147 0 2
-9.99423 41.609 0 2
-9.89461 41.6005 0 2
-9.79584 41.5853 0 2
-9.69937 41.5595 0 2
-9.60795 41.5195 0 2
-9.52563 41.4628 0 2
-9.45676 41.3893 0 2
-9.40391 41.302 0 2
-9.36736 41.2043 0 2
-9.34905 41.0984 0 2
-9.36251 40.9883 0 2
-9.45656 40.9211 0 2
-9.56459 40.8781 0 2
-9.67311 40.8431 0 2
-9.77565 40.7946 0 2
-9.88005 40.749 0 2
-9.98435 40.7083 0 2
-10.0811 40.653 0 2
-10.178 40.5975 0 2
-10.2658 40.5279 0 2
-10.3583 40.4604 0 2
-10.4524 40.3955 0 2
-10.5362 40.3173 0 2
-10.6236 40.2391 0 2
-10.7142 40.1641 0 2
-10.8046 40.0914 0 2
-10.8827 40.0059 0 2
-10.9628 39.9202 0 2
-11.0431 39.8359 0 2
-11.1096 39.7401 0 2
-11.1786 39.643 0 2
-11.2505 39.5474 0 2
-11.3217 39.4531 0 2
-11.377 39.3487 0 2
-11.4334 39.2421 0 2
-11.4922 39.136 0 2
-11.5527 39.0322 0 2
-11.6125 38.9312 0 2
-11.6557 38.8223 0 2
-11.6999 38.7132 0 2
-11.7446 38.6058 0 2
-11.7722 38.4927 0 2
-11.8016 38.378 0 2
-11.8348 38.2643 0 2
-11.8683 38.1528 0 2
-11.8852 38.0376 0 2
-11.9075 37.9217 0 2
-11.9537 37.8141 0 2
-12.0569 37.7711 0 2
-12.1633 37.7511 0 2
-12.2674 37.7375 0 2
-12.3693 37.7238 0 2
-12.4693 37.707 0 2
-12.5677 37.6864 0 2
-12.665 37.6625 0 2
-12.7617 37.636 0 2
-12.8579 37.6078 0 2
-12.9536 37.5782 0 2
-13.0491 37.5477 0 2
-13.1443 37.5163 0 2
-13.2392 37.484 0 2
-13.3338 37.4508 0 2
-13.4278 37.416 0 2
-13.5211 37.3794 0 2
-13.6133 37.34 0 2
-13.7039 37.2971 0 2
-13.792 37.2494 0 2
-13.8767 37.1959 0 2
-13.9565 37.1353 0 2
-14.0291 37.0663 0 2
-14.0918 36.9884 0 2
-14.1412 36.9014 0 2
-14.173 36.8067 0 2
-14.183 36.7074 0 2
-14.168 36.6089 0 2
-14.1265 36.5184 0 2
-14.0605 36.4439 0 2
-13.9753 36.3926 0 2
-13.8788 36.3683 0 2
-13.7792 36.3713 0 2
-13.6833 36.3983 0 2
-13.5948 36.4445 0 2
-13.5147 36.5042 0 2
-13.4417 36.5725 0 2
-13.3729 36.6451 0 2
-13.3047 36.7183 0 2
-13.2332 36.7882 0 2
-13.1551 36.8505 0 2
-13.0682 36.8997 0 2
-12.9728 36.929 0 2
-12.8728 36.9329 0 2
-12.7745 36.91 0 2
-12.683 36.8636 0 2
-12.6007 36.7981 0 2
-12.5305 36.7153 0 2
-12.4875 36.6118 0 2
-12.5553 36.5093 0 2
-12.6391 36.4231 0 2
-12.7135 36.33 0 2
-12.789 36.2376 0 2
-12.8646 36.1484 0 2
-12.9273 36.0501 0 2
-12.9929 35.953 0 2
-13.0605 35.8599 0 2
-13.1145 35.7587 0 2
-13.1683 35.6574 0 2
-13.2077 35.5491 0 2
-13.2515 35.44 0 2
-13.2973 35.332 0 2
-13.3279 35.2184 0 2
-13.3612 35.1029 0 2
-13.398 34.9881 0 2
-13.4355 34.8755 0 2
-13.4565 34.7588 0 2
-13.4788 34.6411 0 2
-13.5017 34.5245 0 2
-13.5078 34.4057 0 2
-13.5152 34.2849 0 2
-13.526 34.1643 0 2
-13.5379 34.0458 0 2
-13.5326 33.9269 0 2
-13.5281 33.8067 0 2
-13.5245 33.6875 0 2
-13.5036 33.5699 0 2
-13.4832 33.4496 0 2
-13.4654 33.3286 0 2
-13.4478 33.2088 0 2
-13.4124 33.0929 0 2
-13.3759 32.9746 0 2
-13.3407 32.8551 0 2
-13.3101 32.735 0 2
-13.3015 32.614 0 2
-13.3727 32.5272 0 2
-13.4561 32.4575 0 2
-13.5384 32.3916 0 2
-13.6156 32.3233 0 2
-13.6859 32.2499 0 2
-13.7488 32.171 0 2
-13.8049 32.0877 0 2
-13.8561 32.0012 0 2
-13.9036 31.9127 0 2
-13.9487 31.8229 0 2
-13.9922 31.7323 0 2
-14.035 31.6414 0 2
-14.0774 31.5504 0 2
-14.1199 31.4594 0 2
-14.1625 31.3684 0 2
-14.2053 31.2776 0 2
-14.2478 31.1866 0 2
-14.2898 31.0954 0 2
-14.3305 31.0036 0 2
-14.369 30.9109 0 2
-14.404 30.8169 0 2
-14.4341 30.7212 0 2
-14.4571 30.6235 0 2
-14.4706 30.5242 0 2
-14.4719 30.424 0 2
-14.4577 30.325 0 2
-14.4251 30.2305 0 2
-14.3721 30.1458 0 2
-14.2991 30.078 0 2
-14.2096 30.0344 0 2
-14.111 30.0211 0 2
-14.0135 30.0403 0 2
-13.927 30.0894 0 2
-13.8587 30.1619 0 2
-13.8115 30.2497 0 2
-13.7841 30.3457 0 2
-13.7729 30.4451 0 2
-13.7728 30.5452 0 2
-13.7784 30.6452 0 2
-13.7839 30.7452 0 2
-13.7836 30.8453 0 2
-13.7716 30.9446 0 2
-13.7419 31.04 0 2
-13.6898 31.1253 0 2
-13.6151 31.1922 0 2
-13.5235 31.2352 0 2
-13.4222 31.2534 0 2
-13.3168 31.2498 0 2
-13.2109 31.2247 0 2
-13.1147 31.1663 0 2
-13.108 31.0388 0 2
-13.1223 30.913 0 2
-13.1398 30.7913 0 2
-13.141 30.6689 0 2
-13.1422 30.5462 0 2
-13.1437 30.4251 0 2
-13.1284 30.3051 0 2
-13.1137 30.1833 0 2
-13.1023 30.0616 0 2
-13.0933 29.9425 0 2
-13.0677 29.8263 0 2
-13.0402 29.7104 0 2
-12.9963 29.5991 0 2
-12.9532 29.4842 0 2
-12.9125 29.3675 0 2
-12.8719 29.252 0 2
-12.8151 29.1434 0 2
-12.7566 29.0327 0 2
-12.6985 28.9209 0 2
-12.6391 28.8106 0 2
-12.5637 28.7104 0 2
-12.4847 28.6084 0 2
-12.4031 28.5055 0 2
-12.3184 28.4034 0 2
-12.2302 28.303 0 2
-12.1386 28.2052 0 2
-12.0437 28.1103 0 2
-11.9459 28.0184 0 2
-11.8454 27.9295 0 2
-11.7441 27.8419 0 2
-11.6531 27.7449 0 2
-11.6647 27.63 0 2
-11.6961 27.5234 0 2
-11.7282 27.4209 0 2
-11.7546 27.3195 0 2
-11.7732 27.2181 0 2
-11.7833 27.1165 0 2
-11.7861 27.015 0 2
-11.783 26.9135 0 2
-11.7748 26.8123 0 2
-11.7613 26.7117 0 2
-11.7415 26.6121 0 2
-11.7136 26.5146 0 2
-11.675 26.4209 0 2
-11.6223 26.3342 0 2
-11.5534 26.2593 0 2
-11.4692 26.2005 0 2
-11.3734 26.1586 0 2
-11.2699 26.1306 0 2
