-12.9306 27.0825 0 1
-12.8237 27.0349 0 1
-12.7676 26.9279 0 1
-12.7454 26.8069 0 1
-12.7285 26.6864 0 1
-12.7109 26.5673 0 1
-12.6924 26.4496 0 1
-12.6738 26.3333 0 1
-12.6565 26.2185 0 1
-12.6426 26.1056 0 1
-12.6301 25.9963 0 1
-12.5969 25.892 0 1
-12.565 25.7872 0 1
-12.5356 25.6833 0 1
-12.4877 25.5866 0 1
-12.442 25.4873 0 1
-12.4036 25.3852 0 1
-12.3696 25.2838 0 1
-12.3181 25.1903 0 1
-12.269 25.0946 0 1
-12.2232 24.9983 0 1
-12.1609 24.9116 0 1
-12.101 24.821 0 1
-12.0479 24.726 0 1
-11.9985 24.6308 0 1
-11.933 24.546 0 1
-11.8693 24.4579 0 1
-11.8125 24.3654 0 1
-11.7606 24.2724 0 1
-11.6933 24.1903 0 1
-11.6281 24.1051 0 1
-11.5662 24.0187 0 1
-11.4899 23.9444 0 1
-11.4153 23.8656 0 1
-11.3467 23.7811 0 1
-11.2819 23.6955 0 1
-11.2023 23.6233 0 1
-11.123 23.5483 0 1
-11.0445 23.4721 0 1
-10.9518 23.4126 0 1
-10.8561 23.3501 0 1
-10.7591 23.2838 0 1
-10.66 23.2156 0 1
-10.5593 23.1447 0 1
-10.4693 23.0594 0 1
-10.3924 22.9655 0 1
-10.3714 22.8476 0 1
-10.3526 22.7345 0 1
-10.32 22.6286 0 1
-10.2681 22.5332 0 1
-10.1963 22.453 0 1
-10.1076 22.3923 0 1
-10.0067 22.3525 0 1
-9.8984 22.331 0 1
-9.78562 22.3199 0 1
-9.6701 22.3004 0 1
-9.58797 22.2172 0 1
-9.52423 22.1189 0 1
-9.46962 22.0171 0 1
-9.41953 21.9164 0 1
-9.35385 21.8256 0 1
-9.28987 21.733 0 1
-9.22916 21.6402 0 1
-9.15422 21.5582 0 1
-9.08073 21.4726 0 1
-9.01286 21.3826 0 1
-8.94932 21.2921 0 1
-8.87226 21.213 0 1
-8.79682 21.131 0 1
-8.72466 21.0476 0 1
-8.64002 20.9768 0 1
-8.55639 20.9018 0 1
-8.47788 20.8215 0 1
-8.40366 20.7401 0 1
-8.31754 20.6716 0 1
-8.23276 20.5997 0 1
-8.15122 20.526 0 1
-8.05892 20.4661 0 1
-7.96731 20.4017 0 1
-7.88041 20.331 0 1
-7.79782 20.2585 0 1
-7.70494 20.2001 0 1
-7.61311 20.1379 0 1
-7.52436 20.0734 0 1
-7.42639 20.0237 0 1
-7.32862 19.9694 0 1
-7.23485 19.9084 0 1
-7.14509 19.845 0 1
-7.04652 19.7969 0 1
-6.94849 19.745 0 1
-6.85313 19.6904 0 1
-6.75011 19.6519 0 1
-6.64655 19.6088 0 1
-6.54581 19.559 0 1
-6.44798 19.5068 0 1
-6.34297 19.4716 0 1
-6.23714 19.4331 0 1
-6.13204 19.3929 0 1
-6.02098 19.3717 0 1
-5.90621 19.3482 0 1
-5.78918 19.321 0 1
-5.6703 19.2915 0 1
-5.55068 19.2561 0 1
-5.44645 19.1902 0 1
-5.40297 19.0811 0 1
-5.36867 18.9739 0 1
-5.32712 18.8736 0 1
-5.27257 18.7828 0 1
-5.20353 18.7046 0 1
-5.12165 18.6417 0 1
-5.03002 18.5951 0 1
-4.93204 18.5647 0 1
-4.83062 18.5498 0 1
-4.72798 18.5511 0 1
-4.62666 18.5701 0 1
-4.5293 18.6068 0 1
-4.43762 18.6594 0 1
-4.35115 18.7245 0 1
-4.26546 18.7966 0 1
-4.16899 18.8617 0 1
-4.0444 18.8504 0 1
-3.92556 18.8042 0 1
-3.81131 18.753 0 1
-3.70093 18.7005 0 1
-3.59439 18.6491 0 1
-3.4814 18.6159 0 1
-3.36796 18.5815 0 1
-3.25665 18.5429 0 1
-3.14851 18.5028 0 1
-3.0356 18.4798 0 1
-2.92177 18.4545 0 1
-2.80879 18.4277 0 1
-2.69252 18.4192 0 1
-2.57289 18.409 0 1
-2.45132 18.3953 0 1
-2.32915 18.3772 0 1
-2.20997 18.3446 0 1
-2.11888 18.263 0 1
-2.03052 18.1845 0 1
-1.93578 18.1187 0 1
-1.83333 18.0696 0 1
-1.72492 18.0389 0 1
-1.6131 18.0273 0 1
-1.50039 18.0348 0 1
-1.38888 18.0604 0 1
-1.27885 18.1001 0 1
-1.16611 18.1432 0 1
-1.04218 18.1465 0 1
-0.919381 18.111 0 1
-0.800284 18.0684 0 1
-0.684426 18.0239 0 1
-0.572147 17.98 0 1
-0.454884 17.9539 0 1
-0.33696 17.9269 0 1
-0.220843 17.8959 0 1
-0.107722 17.8633 0 1
0.0088213 17.8476 0 1
0.126522 17.8298 0 1
0.243508 17.8106 0 1
0.362479 17.8094 0 1
0.485175 17.8068 0 1
0.610003 17.8017 0 1
0.736044 17.795 0 1
0.862419 17.7854 0 1
0.986598 17.7625 0 1
1.08565 17.6889 0 1
1.18179 17.6181 0 1
1.28291 17.5599 0 1
1.38978 17.5178 0 1
1.50104 17.493 0 1
1.61456 17.4859 0 1
1.72832 17.4966 0 1
1.8406 17.5243 0 1
1.95124 17.5657 0 1
2.06429 17.6108 0 1
2.1893 17.6174 0 1
2.31371 17.5858 0 1
2.43354 17.5462 0 1
2.54944 17.5063 0 1
2.66964 17.4837 0 1
2.79066 17.4605 0 1
2.91026 17.4342 0 1
3.0272 17.4068 0 1
3.14678 17.3963 0 1
3.26785 17.3841 0 1
3.38818 17.3675 0 1
3.50605 17.349 0 1
3.62526 17.3474 0 1
3.74615 17.3439 0 1
3.86691 17.3392 0 1
3.98743 17.352 0 1
4.11218 17.3627 0 1
4.23996 17.3646 0 1
4.36008 17.3293 0 1
4.46029 17.2599 0 1
4.55898 17.1947 0 1
4.66221 17.1423 0 1
4.77059 17.106 0 1
4.88265 17.0867 0 1
4.99652 17.0847 0 1
5.11036 17.0996 0 1
5.22277 17.1303 0 1
5.33378 17.1738 0 1
5.44861 17.2176 0 1
5.5753 17.2027 0 1
5.7004 17.1733 0 1
5.82468 17.141 0 1
5.94769 17.108 0 1
6.06836 17.0738 0 1
6.18572 17.0401 0 1
6.30655 17.0239 0 1
6.42833 17.007 0 1
6.54888 16.9866 0 1
6.66677 16.9647 0 1
6.78645 16.9598 0 1
6.90764 16.9532 0 1
7.02856 16.9457 0 1
7.14976 16.9559 0 1
7.27499 16.9654 0 1
7.40295 16.9723 0 1
7.53267 16.9721 0 1
7.6533 16.9362 0 1
7.75356 16.8665 0 1
7.85241 16.8012 0 1
7.95582 16.7489 0 1
8.06436 16.7127 0 1
8.17655 16.6933 0 1
8.29056 16.691 0 1
8.40465 16.7052 0 1
8.51755 16.7345 0 1
8.62931 16.7762 0 1
8.74491 16.8182 0 1
8.87158 16.8011 0 1
8.9964 16.7695 0 1
9.1203 16.7352 0 1
9.24276 16.6999 0 1
9.36255 16.6634 0 1
9.47846 16.6268 0 1
9.59811 16.6071 0 1
9.71788 16.5862 0 1
9.83587 16.564 0 1
9.95588 16.5587 0 1
10.0782 16.5514 0 1
10.2008 16.5404 0 1
10.3225 16.529 0 1
10.4447 16.5353 0 1
10.5701 16.5412 0 1
10.6974 16.5451 0 1
10.8256 16.5455 0 1
10.9526 16.5319 0 1
11.0571 16.4654 0 1
11.1583 16.4007 0 1
11.2634 16.3482 0 1
11.373 16.3108 0 1
11.4859 16.2892 0 1
11.6006 16.2837 0 1
11.7154 16.2945 0 1
11.829 16.3211 0 1
11.9412 16.3609 0 1
12.0557 16.4046 0 1
12.1827 16.4103 0 1
12.3107 16.3795 0 1
12.4355 16.3427 0 1
12.5571 16.3043 0 1
12.6745 16.2661 0 1
12.7957 16.2447 0 1
12.9168 16.2224 0 1
13.0359 16.1991 0 1
13.157 16.192 0 1
13.2799 16.1828 0 1
13.4024 16.1696 0 1
13.5228 16.1548 0 1
13.6441 16.1563 0 1
13.7671 16.1564 0 1
13.8901 16.1559 0 1
14.0123 16.1723 0 1
14.1387 16.1872 0 1
14.2684 16.1938 0 1
14.3913 16.1641 0 1
14.4958 16.0997 0 1
14.5986 16.0395 0 1
14.7052 15.9919 0 1
14.8159 15.9594 0 1
14.9295 15.9429 0 1
15.0445 15.9428 0 1
15.1592 15.9588 0 1
15.2726 15.9903 0 1
15.3844 16.0345 0 1
15.4997 16.08 0 1
15.6282 16.069 0 1
15.756 16.0449 0 1
15.8836 16.019 0 1
16.0107 15.9936 0 1
16.1365 15.9684 0 1
16.2597 15.9424 0 1
16.3791 15.9164 0 1
16.5006 15.9079 0 1
16.6224 15.8987 0 1
16.7426 15.8884 0 1
16.8631 15.8953 0 1
16.9861 15.9009 0 1
17.1099 15.9034 0 1
17.2329 15.906 0 1
17.3545 15.9264 0 1
17.4798 15.9463 0 1
17.6081 15.9583 0 1
17.7308 15.9327 0 1
17.8352 15.8706 0 1
17.9375 15.8122 0 1
18.0434 15.7665 0 1
18.1533 15.7367 0 1
18.2659 15.7239 0 1
18.3793 15.7286 0 1
18.4917 15.7502 0 1
18.6018 15.7871 0 1
18.7099 15.8364 0 1
18.8219 15.8862 0 1
18.9488 15.878 0 1
19.0749 15.8554 0 1
19.2004 15.8303 0 1
19.3245 15.8047 0 1
19.4462 15.7778 0 1
19.5642 15.751 0 1
19.6845 15.7419 0 1
19.8051 15.7319 0 1
19.9241 15.7209 0 1
20.0435 15.7272 0 1
20.1653 15.7322 0 1
20.2879 15.7339 0 1
20.4092 15.7353 0 1
20.5292 15.7549 0 1
20.6523 15.7748 0 1
20.7773 15.7931 0 1
20.9035 15.8077 0 1
21.0298 15.8072 0 1
21.1371 15.7489 0 1
21.2401 15.6907 0 1
21.3461 15.6446 0 1
21.4559 15.6137 0 1
21.568 15.6 0 1
21.6807 15.604 0 1
21.7919 15.6257 0 1
21.9003 15.6635 0 1
22.006 15.7145 0 1
22.114 15.7688 0 1
22.2381 15.7849 0 1
22.3662 15.7635 0 1
22.4917 15.7358 0 1
22.6147 15.707 0 1
22.7342 15.6792 0 1
22.8562 15.6698 0 1
22.9791 15.6606 0 1
23.101 15.6486 0 1
23.2202 15.6356 0 1
23.34 15.64 0 1
23.4612 15.6436 0 1
23.582 15.6465 0 1
23.7012 15.6673 0 1
23.8241 15.688 0 1
23.9491 15.7075 0 1
24.0753 15.7264 0 1
24.2017 15.7425 0 1
24.328 15.743 0 1
24.4332 15.6834 0 1
24.5336 15.623 0 1
24.637 15.574 0 1
24.7445 15.5405 0 1
24.8548 15.5245 0 1
24.9661 15.5275 0 1
25.0759 15.5492 0 1
25.1826 15.5877 0 1
25.2864 15.6395 0 1
25.393 15.6941 0 1
25.5149 15.7093 0 1
25.6388 15.6855 0 1
25.7588 15.6541 0 1
25.8753 15.6229 0 1
25.9949 15.6105 0 1
26.1156 15.5985 0 1
26.2352 15.5839 0 1
26.3525 15.5689 0 1
26.4706 15.5723 0 1
26.5904 15.575 0 1
26.7098 15.574 0 1
26.827 15.5716 0 1
26.943 15.5873 0 1
27.0608 15.6023 0 1
27.1784 15.6169 0 1
27.2927 15.6496 0 1
27.4109 15.6815 0 1
27.5335 15.7041 0 1
27.6529 15.685 0 1
27.7535 15.6236 0 1
27.8504 15.5633 0 1
27.9509 15.515 0 1
28.0562 15.4839 0 1
28.1648 15.4728 0 1
28.2737 15.4831 0 1
28.3797 15.5135 0 1
28.4814 15.5611 0 1
28.5804 15.6202 0 1
28.685 15.6774 0 1
28.8079 15.6714 0 1
28.93 15.6487 0 1
29.0516 15.623 0 1
29.1723 15.5968 0 1
29.291 15.5699 0 1
29.4068 15.544 0 1
29.5248 15.5377 0 1
29.644 15.5316 0 1
29.7622 15.5221 0 1
29.8779 15.5116 0 1
29.9937 15.5196 0 1
30.111 15.5269 0 1
30.2276 15.5336 0 1
30.342 15.5595 0 1
30.4597 15.5854 0 1
30.5797 15.6092 0 1
30.701 15.6286 0 1
30.8229 15.6304 0 1
30.9248 15.5691 0 1
31.0205 15.5054 0 1
31.1195 15.4529 0 1
31.2236 15.4172 0 1
31.3316 15.4018 0 1
31.4404 15.4084 0 1
31.5467 15.4357 0 1
31.6487 15.4808 0 1
31.7474 15.5384 0 1
31.8497 15.5973 0 1
31.97 15.6136 0 1
32.0939 15.5891 0 1
32.2151 15.5573 0 1
32.3337 15.5242 0 1
32.4494 15.4927 0 1
32.5684 15.4808 0 1
32.6884 15.4695 0 1
32.8079 15.4559 0 1
32.9252 15.4423 0 1
33.0431 15.4479 0 1
33.163 15.4534 0 1
33.2832 15.4563 0 1
33.402 15.4596 0 1
33.5189 15.4823 0 1
33.6384 15.506 0 1
33.7597 15.5282 0 1
33.882 15.5465 0 1
34.0046 15.5474 0 1
34.1057 15.485 0 1
34.2008 15.4203 0 1
34.2989 15.3667 0 1
34.4025 15.3299 0 1
34.5102 15.3136 0 1
34.6189 15.3195 0 1
34.7253 15.3464 0 1
34.8273 15.3912 0 1
34.926 15.4485 0 1
35.0284 15.5074 0 1
35.1481 15.5241 0 1
35.2708 15.5 0 1
35.3905 15.4682 0 1
35.5072 15.4346 0 1
35.6202 15.4019 0 1
35.7366 15.3884 0 1
35.8531 15.3749 0 1
35.9679 15.3608 0 1
36.0835 15.3654 0 1
36.2011 15.3688 0 1
36.3187 15.3681 0 1
36.4343 15.3662 0 1
36.5486 15.3829 0 1
36.6647 15.3991 0 1
36.7804 15.4152 0 1
36.8924 15.4501 0 1
37.0083 15.4844 0 1
37.1288 15.5089 0 1
37.2468 15.4905 0 1
37.346 15.4282 0 1
37.4414 15.3672 0 1
37.5407 15.3185 0 1
37.6452 15.2878 0 1
37.7529 15.2787 0 1
37.8602 15.2924 0 1
37.9636 15.3275 0 1
38.0614 15.3802 0 1
38.1561 15.4442 0 1
38.2574 15.5056 0 1
38.3795 15.5026 0 1
38.5017 15.4827 0 1
38.6237 15.4602 0 1
38.7456 15.4384 0 1
38.8665 15.4171 0 1
38.9851 15.395 0 1
39.1003 15.3739 0 1
39.2169 15.3727 0 1
39.334 15.3717 0 1
39.4496 15.3702 0 1
39.564 15.388 0 1
39.6808 15.4055 0 1
39.7984 15.4202 0 1
39.9149 15.4356 0 1
40.0275 15.4705 0 1
40.1433 15.5057 0 1
40.2634 15.5314 0 1
40.3809 15.5135 0 1
40.4789 15.4505 0 1
40.5727 15.3881 0 1
40.6706 15.3379 0 1
40.7739 15.3062 0 1
40.8808 15.297 0 1
40.9871 15.3112 0 1
41.0891 15.3475 0 1
41.1852 15.4018 0 1
41.278 15.4671 0 1
41.378 15.529 0 1
41.4987 15.5251 0 1
41.6187 15.5032 0 1
41.7382 15.4781 0 1
41.8568 15.4525 0 1
41.9732 15.426 0 1
42.0863 15.4005 0 1
42.2016 15.3952 0 1
42.3175 15.39 0 1
42.4319 15.3845 0 1
42.5458 15.3985 0 1
42.6619 15.4121 0 1
42.7787 15.4226 0 1
42.8943 15.4335 0 1
43.0065 15.4648 0 1
43.1212 15.4975 0 1
43.2377 15.5288 0 1
43.3555 15.5556 0 1
43.4749 15.5631 0 1
43.5745 15.502 0 1
43.6661 15.4361 0 1
43.7606 15.3805 0 1
43.8613 15.3428 0 1
43.9668 15.3281 0 1
44.0727 15.3384 0 1
44.1744 15.3724 0 1
44.2697 15.4255 0 1
44.3608 15.4909 0 1
44.4563 15.5568 0 1
44.5728 15.5772 0 1
44.6934 15.5539 0 1
44.811 15.5224 0 1
44.9263 15.4896 0 1
45.0387 15.4586 0 1
45.1545 15.4486 0 1
45.2713 15.4395 0 1
45.3873 15.4276 0 1
45.5009 15.4153 0 1
45.6147 15.423 0 1
45.7298 15.4308 0 1
45.8442 15.4388 0 1
45.9557 15.4673 0 1
46.0705 15.497 0 1
46.1873 15.5257 0 1
46.305 15.5539 0 1
46.4233 15.5784 0 1
46.5425 15.5835 0 1
46.6397 15.5195 0 1
46.728 15.4503 0 1
46.8194 15.3913 0 1
46.918 15.3504 0 1
47.0223 15.3332 0 1
47.1275 15.342 0 1
47.2287 15.3753 0 1
47.3233 15.428 0 1
47.4137 15.4928 0 1
47.5093 15.557 0 1
47.6249 15.5733 0 1
47.742 15.5439 0 1
47.8543 15.5048 0 1
47.9635 15.4662 0 1
48.0775 15.448 0 1
48.1924 15.4306 0 1
48.3063 15.4103 0 1
48.4176 15.3895 0 1
48.5307 15.3887 0 1
48.6447 15.3874 0 1
48.7578 15.3857 0 1
48.8695 15.404 0 1
48.9837 15.4219 0 1
49.099 15.4368 0 1
49.2131 15.4525 0 1
49.323 15.4888 0 1
49.436 15.5257 0 1
49.5536 15.5527 0 1
49.6687 15.5339 0 1
49.7626 15.4674 0 1
49.851 15.4001 0 1
49.9443 15.345 0 1
50.0446 15.3095 0 1
50.1495 15.2985 0 1
50.254 15.3138 0 1
50.3531 15.353 0 1
50.4453 15.4107 0 1
50.5343 15.4788 0 1
50.632 15.5417 0 1
50.7508 15.5351 0 1
50.8685 15.5091 0 1
50.9856 15.4797 0 1
51.102 15.45 0 1
51.2168 15.4201 0 1
51.3289 15.3924 0 1
51.444 15.386 0 1
51.5601 15.3804 0 1
51.6756 15.3719 0 1
51.7887 15.3631 0 1
51.9015 15.3745 0 1
52.0154 15.386 0 1
52.1286 15.3977 0 1
52.2383 15.43 0 1
52.3508 15.4633 0 1
52.4653 15.4948 0 1
52.5814 15.5215 0 1
52.6992 15.5276 0 1
52.7958 15.4635 0 1
52.8839 15.3945 0 1
52.9752 15.3357 0 1
53.0736 15.2952 0 1
53.1778 15.2789 0 1
53.2826 15.2893 0 1
53.3827 15.3245 0 1
53.4759 15.3795 0 1
53.5647 15.4464 0 1
53.6591 15.5124 0 1
53.7747 15.531 0 1
53.8937 15.5048 0 1
54.0096 15.4702 0 1
54.1232 15.4345 0 1
54.2343 15.4012 0 1
54.3492 15.3895 0 1
54.4653 15.3791 0 1
54.5809 15.3665 0 1
54.6948 15.3547 0 1
54.8088 15.3641 0 1
54.9244 15.3743 0 1
55.0405 15.3821 0 1
55.1551 15.3909 0 1
55.2663 15.4211 0 1
55.3797 15.4533 0 1
55.4947 15.4845 0 1
55.6111 15.5112 0 1
55.7289 15.5179 0 1
55.8264 15.455 0 1
55.9155 15.3871 0 1
56.0077 15.3296 0 1
56.1069 15.2907 0 1
56.2113 15.2759 0 1
56.3161 15.2876 0 1
56.4159 15.324 0 1
56.5086 15.3799 0 1
56.5969 15.4476 0 1
56.6907 15.5145 0 1
56.8062 15.5342 0 1
56.9254 15.5092 0 1
57.0413 15.4755 0 1
57.1544 15.4398 0 1
57.2642 15.4058 0 1
57.3777 15.3925 0 1
57.4917 15.3797 0 1
57.604 15.3669 0 1
57.7169 15.3744 0 1
57.8317 15.3813 0 1
57.9466 15.3845 0 1
58.0596 15.3869 0 1
58.1702 15.4093 0 1
58.2824 15.4319 0 1
58.3941 15.4549 0 1
58.5004 15.4977 0 1
58.6105 15.5402 0 1
58.726 15.572 0 1
58.8407 15.5562 0 1
58.934 15.49 0 1
59.0206 15.4214 0 1
59.1116 15.3642 0 1
59.2103 15.3268 0 1
59.3143 15.3154 0 1
59.4175 15.3325 0 1
59.5142 15.3752 0 1
59.6028 15.4368 0 1
59.6879 15.5086 0 1
59.7824 15.5753 0 1
59.8995 15.5713 0 1
60.0159 15.5472 0 1
60.1316 15.5195 0 1
60.2468 15.4918 0 1
60.3605 15.464 0 1
60.4719 15.439 0 1
60.5858 15.4366 0 1
60.7009 15.4357 0 1
60.8157 15.4325 0 1
60.9287 15.4302 0 1
61.0401 15.4498 0 1
61.153 15.4705 0 1
61.2665 15.4889 0 1
61.3787 15.5087 0 1
61.4853 15.55 0 1
61.5946 15.5924 0 1
61.709 15.6244 0 1
61.8224 15.6076 0 1
61.9133 15.539 0 1
61.9967 15.4675 0 1
62.0847 15.407 0 1
62.1814 15.367 0 1
62.2844 15.3547 0 1
62.3866 15.3729 0 1
62.4813 15.4181 0 1
62.5673 15.4822 0 1
62.6503 15.5555 0 1
62.7441 15.6216 0 1
62.8604 15.6137 0 1
62.975 15.5844 0 1
63.0887 15.5511 0 1
63.2016 15.5174 0 1
63.3126 15.4831 0 1
63.4209 15.4508 0 1
63.5329 15.4402 0 1
63.6456 15.4303 0 1
63.757 15.421 0 1
63.8684 15.4332 0 1
63.9817 15.4456 0 1
64.0956 15.4551 0 1
64.2083 15.4656 0 1
64.3169 15.4983 0 1
64.4277 15.5331 0 1
64.5401 15.5668 0 1
64.6541 15.5954 0 1
64.7698 15.6018 0 1
64.8625 15.5341 0 1
64.9438 15.4591 0 1
65.0282 15.3931 0 1
65.1218 15.3457 0 1
65.2234 15.325 0 1
65.3265 15.3352 0 1
65.4238 15.3736 0 1
65.5126 15.4326 0 1
65.597 15.5029 0 1
65.689 15.57 0 1
65.8031 15.5851 0 1
65.9184 15.5522 0 1
66.0297 15.51 0 1
66.1384 15.4665 0 1
66.2447 15.4257 0 1
66.3566 15.4068 0 1
66.4696 15.3891 0 1
66.5815 15.3684 0 1
66.6911 15.3477 0 1
66.8023 15.3481 0 1
66.9145 15.3486 0 1
67.0257 15.3491 0 1
67.135 15.3708 0 1
67.2467 15.3927 0 1
67.3594 15.4118 0 1
67.4709 15.4321 0 1
67.5778 15.4713 0 1
67.6905 15.502 0 1
67.8034 15.4842 0 1
67.8945 15.4159 0 1
67.9788 15.3451 0 1
68.0679 15.2856 0 1
68.1653 15.2462 0 1
68.2688 15.2336 0 1
68.3717 15.2504 0 1
68.4678 15.2934 0 1
68.5558 15.3554 0 1
68.6407 15.4269 0 1
68.7361 15.4915 0 1
68.8542 15.4827 0 1
68.9711 15.4537 0 1
69.0877 15.4215 0 1
69.2045 15.3902 0 1
69.3207 15.3598 0 1
69.4348 15.3295 0 1
69.546 15.301 0 1
69.6601 15.294 0 1
69.7747 15.2877 0 1
69.8881 15.2821 0 1
70.0008 15.2972 0 1
70.1156 15.3125 0 1
70.2312 15.3255 0 1
70.3456 15.3397 0 1
70.4558 15.375 0 1
70.5689 15.411 0 1
70.6863 15.4369 0 1
70.8005 15.4162 0 1
70.8915 15.3467 0 1
70.9762 15.2754 0 1
71.0658 15.2157 0 1
71.1635 15.1756 0 1
71.2673 15.1611 0 1
71.3712 15.1748 0 1
71.4696 15.2138 0 1
71.5608 15.2718 0 1
71.649 15.3401 0 1
71.7463 15.4026 0 1
71.8637 15.3935 0 1
71.9797 15.3645 0 1
72.0949 15.3322 0 1
72.2096 15.3 0 1
72.3228 15.2678 0 1
72.4335 15.2383 0 1
72.5476 15.2309 0 1
72.6628 15.2248 0 1
72.7774 15.216 0 1
72.8897 15.2072 0 1
73.0015 15.2195 0 1
73.1144 15.2322 0 1
73.2266 15.2454 0 1
73.3347 15.2798 0 1
73.4455 15.3156 0 1
73.5583 15.3497 0 1
73.6727 15.3789 0 1
73.7892 15.3865 0 1
73.884 15.3211 0 1
73.9684 15.249 0 1
74.0557 15.1861 0 1
74.1513 15.1417 0 1
74.2539 15.1231 0 1
74.3576 15.1338 0 1
74.4557 15.1715 0 1
74.5456 15.2298 0 1
74.6309 15.2997 0 1
74.723 15.3674 0 1
74.8374 15.385 0 1
74.9545 15.3561 0 1
75.068 15.3183 0 1
75.1792 15.2793 0 1
75.2879 15.2431 0 1
75.4012 15.2289 0 1
75.5156 15.216 0 1
75.6293 15.2006 0 1
75.7408 15.1855 0 1
75.8531 15.1918 0 1
75.9665 15.1986 0 1
76.0792 15.2062 0 1
76.1888 15.2355 0 1
76.3013 15.2667 0 1
76.4156 15.2974 0 1
76.5307 15.328 0 1
76.6466 15.3548 0 1
76.7637 15.3614 0 1
76.8592 15.2963 0 1
76.9453 15.2257 0 1
77.0346 15.1649 0 1
77.1317 15.123 0 1
77.235 15.1066 0 1
77.3389 15.1186 0 1
77.4372 15.1569 0 1
77.5275 15.2152 0 1
77.6131 15.2851 0 1
77.7052 15.353 0 1
77.82 15.3711 0 1
77.9379 15.3429 0 1
78.0523 15.3057 0 1
78.1638 15.2666 0 1
78.2723 15.2292 0 1
78.3852 15.2126 0 1
78.4987 15.1967 0 1
78.6106 15.1811 0 1
78.7235 15.1859 0 1
78.8383 15.1905 0 1
78.9532 15.1914 0 1
79.0661 15.1919 0 1
79.177 15.2127 0 1
79.2894 15.2338 0 1
79.4012 15.2556 0 1
79.5078 15.2974 0 1
79.6181 15.3392 0 1
79.7337 15.3702 0 1
79.8481 15.3536 0 1
79.9403 15.2862 0 1
80.0256 15.2163 0 1
80.1155 15.1576 0 1
80.2134 15.119 0 1
80.3171 15.1067 0 1
80.4201 15.1234 0 1
80.5167 15.166 0 1
80.6052 15.2275 0 1
80.6906 15.2987 0 1
80.7859 15.3637 0 1
80.903 15.3568 0 1
81.0189 15.3296 0 1
81.1342 15.2989 0 1
81.249 15.2683 0 1
81.3623 15.2378 0 1
81.4734 15.2101 0 1
81.5875 15.205 0 1
81.7029 15.2015 0 1
81.818 15.1958 0 1
81.9313 15.1913 0 1
82.0434 15.2086 0 1
82.1571 15.2273 0 1
82.2714 15.2439 0 1
82.3842 15.262 0 1
82.4919 15.3017 0 1
82.6023 15.3427 0 1
82.7175 15.3736 0 1
82.8315 15.3568 0 1
82.9234 15.2892 0 1
83.0085 15.2192 0 1
83.0981 15.1606 0 1
83.196 15.1222 0 1
83.2995 15.1109 0 1
83.4021 15.129 0 1
83.4977 15.1731 0 1
83.5851 15.2359 0 1
83.6696 15.3078 0 1
83.7647 15.3727 0 1
83.8819 15.3645 0 1
83.9977 15.3355 0 1
84.1126 15.3029 0 1
84.2268 15.2701 0 1
84.3392 15.2369 0 1
84.4488 15.2056 0 1
84.5618 15.1957 0 1
84.6755 15.1867 0 1
84.788 15.1782 0 1
84.9002 15.1908 0 1
85.0145 15.2035 0 1
85.1295 15.2135 0 1
85.2432 15.2246 0 1
85.3529 15.2573 0 1
85.4648 15.2922 0 1
85.5783 15.326 0 1
85.6931 15.3551 0 1
85.8099 15.3627 0 1
85.9042 15.2968 0 1
85.9879 15.2241 0 1
86.0746 15.1604 0 1
86.1698 15.1152 0 1
86.2722 15.0959 0 1
86.3758 15.1061 0 1
86.4739 15.1435 0 1
86.564 15.2014 0 1
86.6496 15.2708 0 1
86.7419 15.338 0 1
86.8561 15.3545 0 1
86.9722 15.3241 0 1
87.0844 15.2844 0 1
87.1938 15.2433 0 1
87.3002 15.2042 0 1
87.4115 15.1866 0 1
87.5235 15.1699 0 1
87.6341 15.1538 0 1
87.746 15.1589 0 1
87.8596 15.1641 0 1
87.9735 15.166 0 1
88.0859 15.1684 0 1
88.1958 15.1924 0 1
88.3075 15.2174 0 1
88.4199 15.2404 0 1
88.5309 15.2646 0 1
88.6367 15.3076 0 1
88.7483 15.3424 0 1
88.8614 15.3278 0 1
88.9534 15.2611 0 1
89.0381 15.1912 0 1
89.1274 15.1324 0 1
89.225 15.094 0 1
89.3283 15.083 0 1
89.4305 15.102 0 1
89.5253 15.1476 0 1
89.6112 15.2121 0 1
89.6939 15.2858 0 1
89.7875 15.3527 0 1
89.905 15.3467 0 1
90.0217 15.3204 0 1
90.1383 15.2909 0 1
90.255 15.2625 0 1
90.371 15.235 0 1
90.4851 15.2077 0 1
90.5962 15.1823 0 1
90.7096 15.1789 0 1
90.8236 15.1766 0 1
90.9364 15.1749 0 1
91.0476 15.1945 0 1
91.1608 15.2147 0 1
91.2748 15.2325 0 1
91.3876 15.2517 0 1
91.495 15.2924 0 1
91.6054 15.3342 0 1
91.7206 15.3664 0 1
91.8353 15.3516 0 1
91.9293 15.2865 0 1
92.0169 15.2192 0 1
92.1088 15.1637 0 1
92.2081 15.1285 0 1
92.3122 15.1198 0 1
92.4148 15.1398 0 1
92.5103 15.1851 0 1
92.5973 15.2488 0 1
92.681 15.3221 0 1
92.7751 15.389 0 1
92.893 15.3844 0 1
93.0102 15.3598 0 1
93.1269 15.3317 0 1
93.2431 15.3039 0 1
93.3579 15.2761 0 1
93.4701 15.251 0 1
93.5848 15.2479 0 1
93.7006 15.2462 0 1
93.8159 15.2419 0 1
93.9289 15.2377 0 1
94.0406 15.2543 0 1
94.1534 15.2714 0 1
94.2654 15.2891 0 1
94.3726 15.3275 0 1
94.4823 15.3675 0 1
94.594 15.4059 0 1
94.7076 15.4393 0 1
94.8239 15.4509 0 1
94.9197 15.3877 0 1
95.005 15.3169 0 1
95.0928 15.255 0 1
95.1888 15.2119 0 1
95.2915 15.1951 0 1
95.3946 15.2083 0 1
95.4913 15.2489 0 1
95.5792 15.3099 0 1
95.662 15.3825 0 1
95.7519 15.4531 0 1
95.8653 15.4743 0 1
95.9824 15.4488 0 1
96.0961 15.4143 0 1
96.2075 15.3787 0 1
96.3163 15.346 0 1
96.4291 15.3359 0 1
96.5429 15.3274 0 1
96.6559 15.3159 0 1
96.7666 15.3045 0 1
96.877 15.3148 0 1
96.9883 15.3254 0 1
97.0985 15.336 0 1
97.2049 15.3679 0 1
97.3136 15.4001 0 1
97.4235 15.4297 0 1
97.532 15.4602 0 1
97.6344 15.509 0 1
97.7433 15.5491 0 1
97.856 15.5383 0 1
97.9486 15.4732 0 1
98.0332 15.4038 0 1
98.1218 15.345 0 1
98.2189 15.3067 0 1
98.3219 15.297 0 1
98.4231 15.3191 0 1
98.5158 15.3684 0 1
98.599 15.4367 0 1
98.6791 15.514 0 1
98.7709 15.5845 0 1
98.8907 15.5791 0 1
99.0032 15.5369 0 1
99.11 15.4919 0 1
99.2226 15.468 0 1
99.3363 15.4469 0 1
99.4489 15.4247 0 1
99.5595 15.4044 0 1
99.6717 15.4067 0 1
99.7852 15.4101 0 1
99.8985 15.4105 0 1
100.01 15.411 0 1
100.119 15.4331 0 1
100.229 15.4562 0 1
100.338 15.4802 0 1
100.442 15.5252 0 1
100.548 15.5705 0 1
100.661 15.6047 0 1
100.774 15.5891 0 1
100.863 15.5203 0 1
100.945 15.4475 0 1
101.031 15.3854 0 1
101.127 15.3435 0 1
101.229 15.3304 0 1
101.33 15.3497 0 1
101.423 15.397 0 1
101.507 15.4635 0 1
101.587 15.5387 0 1
101.68 15.6062 0 1
101.795 15.5981 0 1
101.909 15.568 0 1
102.022 15.5339 0 1
102.134 15.4998 0 1
102.245 15.4657 0 1
102.354 15.4345 0 1
102.467 15.4263 0 1
102.581 15.4195 0 1
102.694 15.4101 0 1
102.805 15.4012 0 1
102.916 15.4143 0 1
103.028 15.4282 0 1
103.139 15.4431 0 1
103.246 15.4802 0 1
103.355 15.5194 0 1
103.467 15.5571 0 1
103.583 15.5852 0 1
103.697 15.5656 0 1
103.786 15.495 0 1
103.868 15.4216 0 1
103.954 15.3592 0 1
104.05 15.3174 0 1
104.152 15.3038 0 1
104.255 15.3213 0 1
104.349 15.3662 0 1
104.435 15.43 0 1
104.519 15.5028 0 1
104.613 15.5681 0 1
104.729 15.5584 0 1
104.843 15.5272 0 1
104.956 15.492 0 1
105.068 15.4565 0 1
105.179 15.4205 0 1
105.286 15.3866 0 1
105.398 15.3745 0 1
105.511 15.3633 0 1
105.622 15.3528 0 1
105.734 15.3637 0 1
105.847 15.375 0 1
105.961 15.3835 0 1
106.074 15.3932 0 1
106.183 15.4251 0 1
106.294 15.4593 0 1
106.407 15.4924 0 1
106.521 15.5206 0 1
106.637 15.5272 0 1
106.731 15.4605 0 1
106.814 15.3869 0 1
106.899 15.3225 0 1
106.994 15.2767 0 1
107.096 15.2573 0 1
107.2 15.268 0 1
107.297 15.3064 0 1
107.386 15.3654 0 1
107.471 15.4358 0 1
107.562 15.5038 0 1
107.676 15.5206 0 1
107.793 15.4901 0 1
107.905 15.4502 0 1
108.014 15.4087 0 1
108.12 15.3692 0 1
108.232 15.3511 0 1
108.344 15.3338 0 1
108.454 15.317 0 1
108.566 15.3215 0 1
108.68 15.3259 0 1
108.794 15.3271 0 1
108.907 15.3287 0 1
109.017 15.3519 0 1
109.129 15.376 0 1
109.242 15.3981 0 1
109.353 15.4214 0 1
109.46 15.4635 0 1
109.572 15.4972 0 1
109.685 15.4817 0 1
109.777 15.4145 0 1
109.861 15.3442 0 1
109.95 15.2851 0 1
110.048 15.2463 0 1
110.151 15.2348 0 1
110.254 15.2531 0 1
110.349 15.2979 0 1
110.435 15.3617 0 1
110.518 15.4351 0 1
110.612 15.5021 0 1
110.729 15.4967 0 1
110.846 15.4709 0 1
110.962 15.442 0 1
111.079 15.4141 0 1
111.195 15.387 0 1
111.308 15.3599 0 1
111.419 15.3348 0 1
111.532 15.3317 0 1
111.646 15.3296 0 1
111.758 15.3281 0 1
111.869 15.3478 0 1
111.982 15.3681 0 1
112.096 15.3858 0 1
112.208 15.4049 0 1
112.315 15.4453 0 1
112.425 15.4867 0 1
112.541 15.5181 0 1
112.655 15.5016 0 1
112.747 15.4343 0 1
112.832 15.3645 0 1
112.922 15.3061 0 1
113.02 15.2682 0 1
113.123 15.2573 0 1
113.226 15.2761 0 1
113.321 15.3208 0 1
113.408 15.3844 0 1
113.492 15.4573 0 1
113.586 15.5239 0 1
113.702 15.518 0 1
113.818 15.4912 0 1
113.933 15.4607 0 1
114.047 15.4298 0 1
114.159 15.3983 0 1
114.269 15.3687 0 1
114.381 15.3607 0 1
114.494 15.3535 0 1
114.606 15.3468 0 1
114.718 15.3612 0 1
114.831 15.3759 0 1
114.945 15.3877 0 1
115.058 15.4005 0 1
115.166 15.435 0 1
115.277 15.4717 0 1
115.389 15.5072 0 1
115.503 15.5379 0 1
115.619 15.5468 0 1
115.715 15.4823 0 1
115.799 15.4106 0 1
115.887 15.3482 0 1
115.983 15.3045 0 1
116.085 15.2869 0 1
116.189 15.2989 0 1
116.286 15.3382 0 1
116.375 15.3977 0 1
116.459 15.4687 0 1
116.551 15.5374 0 1
116.665 15.5556 0 1
116.782 15.527 0 1
116.895 15.4892 0 1
117.007 15.4499 0 1
117.115 15.4134 0 1
117.229 15.3986 0 1
117.343 15.3852 0 1
117.457 15.369 0 1
117.569 15.3532 0 1
117.681 15.3585 0 1
117.795 15.3642 0 1
117.908 15.3707 0 1
118.018 15.3987 0 1
118.131 15.4285 0 1
118.246 15.4577 0 1
118.362 15.4866 0 1
118.478 15.5119 0 1
118.596 15.5172 0 1
118.691 15.4519 0 1
118.778 15.3816 0 1
118.868 15.3214 0 1
118.966 15.28 0 1
119.069 15.2636 0 1
119.174 15.2748 0 1
119.273 15.3115 0 1
119.365 15.3679 0 1
119.452 15.4359 0 1
119.546 15.5019 0 1
119.661 15.5181 0 1
119.778 15.4876 0 1
119.89 15.4472 0 1
119.999 15.4075 0 1
120.113 15.3882 0 1
120.229 15.3699 0 1
120.344 15.3495 0 1
120.457 15.3297 0 1
120.571 15.3304 0 1
120.687 15.3315 0 1
120.803 15.3294 0 1
120.916 15.3268 0 1
121.028 15.3444 0 1
121.142 15.3622 0 1
121.255 15.3806 0 1
121.364 15.4189 0 1
121.476 15.457 0 1
121.594 15.4846 0 1
121.708 15.4659 0 1
121.801 15.3988 0 1
121.889 15.3302 0 1
121.981 15.2734 0 1
122.08 15.2362 0 1
122.185 15.2237 0 1
122.289 15.2379 0 1
122.388 15.2763 0 1
122.481 15.3334 0 1
122.57 15.4008 0 1
122.668 15.4631 0 1
122.786 15.4555 0 1
122.903 15.4285 0 1
123.02 15.3981 0 1
123.135 15.3677 0 1
123.249 15.337 0 1
123.361 15.3087 0 1
123.476 15.302 0 1
123.591 15.2963 0 1
123.706 15.2877 0 1
123.819 15.2788 0 1
123.931 15.2905 0 1
124.045 15.3023 0 1
124.158 15.3144 0 1
124.267 15.3472 0 1
124.379 15.3812 0 1
124.493 15.4134 0 1
124.609 15.4407 0 1
124.726 15.4475 0 1
124.823 15.384 0 1
124.912 15.3155 0 1
125.003 15.2574 0 1
125.102 15.2179 0 1
125.206 15.2026 0 1
125.311 15.214 0 1
125.411 15.2503 0 1
125.504 15.306 0 1
125.592 15.3736 0 1
125.686 15.4404 0 1
125.801 15.4599 0 1
125.921 15.4347 0 1
126.037 15.4011 0 1
126.151 15.3664 0 1
126.263 15.334 0 1
126.379 15.3232 0 1
126.495 15.3137 0 1
126.611 15.302 0 1
126.726 15.2913 0 1
126.84 15.3015 0 1
126.956 15.3126 0 1
127.072 15.3214 0 1
127.187 15.3311 0 1
127.299 15.362 0 1
127.413 15.3949 0 1
127.528 15.4267 0 1
127.645 15.4542 0 1
127.763 15.4616 0 1
127.861 15.3993 0 1
127.95 15.3319 0 1
128.043 15.275 0 1
128.142 15.2366 0 1
128.247 15.2221 0 1
128.352 15.2339 0 1
128.452 15.27 0 1
128.545 15.3255 0 1
128.634 15.3927 0 1
128.728 15.4592 0 1
128.844 15.4789 0 1
128.963 15.4539 0 1
129.079 15.4202 0 1
129.192 15.3845 0 1
129.302 15.3502 0 1
129.415 15.3365 0 1
129.529 15.3231 0 1
129.642 15.3095 0 1
129.755 15.3159 0 1
129.87 15.3216 0 1
129.985 15.3232 0 1
130.098 15.324 0 1
130.209 15.3447 0 1
130.322 15.3654 0 1
130.435 15.3864 0 1
130.542 15.4273 0 1
130.654 15.4682 0 1
130.771 15.4993 0 1
130.887 15.4856 0 1
130.986 15.425 0 1
131.08 15.3645 0 1
131.178 15.3161 0 1
131.282 15.287 0 1
131.388 15.2817 0 1
131.493 15.3012 0 1
131.591 15.3436 0 1
131.683 15.4038 0 1
131.771 15.4742 0 1
131.868 15.5402 0 1
131.989 15.5391 0 1
132.11 15.5199 0 1
132.232 15.4981 0 1
132.353 15.477 0 1
132.473 15.4567 0 1
132.591 15.4358 0 1
132.706 15.4161 0 1
132.823 15.4168 0 1
132.939 15.4179 0 1
133.054 15.4189 0 1
133.168 15.4394 0 1
133.284 15.46 0 1
133.401 15.478 0 1
133.516 15.4968 0 1
133.627 15.5352 0 1
133.741 15.5741 0 1
133.86 15.6035 0 1
133.977 15.588 0 1
134.073 15.5248 0 1
134.165 15.4607 0 1
134.26 15.4082 0 1
134.361 15.3748 0 1
134.467 15.3647 0 1
134.572 15.3799 0 1
134.672 15.4186 0 1
134.766 15.4756 0 1
134.856 15.5432 0 1
134.954 15.6065 0 1
135.073 15.6027 0 1
135.192 15.5802 0 1
135.31 15.5543 0 1
135.426 15.5279 0 1
135.541 15.5006 0 1
135.653 15.4744 0 1
135.767 15.4691 0 1
135.881 15.4639 0 1
135.994 15.4586 0 1
136.107 15.4735 0 1
136.222 15.4879 0 1
136.337 15.499 0 1
136.452 15.5106 0 1
136.562 15.543 0 1
136.675 15.577 0 1
136.79 15.6094 0 1
136.906 15.6372 0 1
137.025 15.6447 0 1
137.123 15.5826 0 1
137.213 15.5155 0 1
137.306 15.4588 0 1
137.406 15.4205 0 1
137.511 15.4063 0 1
137.616 15.4181 0 1
137.716 15.4539 0 1
137.81 15.5087 0 1
137.9 15.5754 0 1
137.994 15.6416 0 1
138.11 15.6611 0 1
138.23 15.6363 0 1
138.347 15.603 0 1
138.462 15.5682 0 1
138.574 15.5354 0 1
138.69 15.5234 0 1
138.806 15.5122 0 1
138.922 15.4982 0 1
139.036 15.4839 0 1
139.15 15.4895 0 1
139.265 15.4951 0 1
139.38 15.5009 0 1
139.492 15.5271 0 1
139.608 15.5545 0 1
139.726 15.5809 0 1
139.844 15.6068 0 1
139.964 15.6293 0 1
140.084 15.6332 0 1
140.182 15.57 0 1
140.273 15.5027 0 1
140.367 15.4461 0 1
140.467 15.4076 0 1
140.573 15.3922 0 1
140.679 15.4015 0 1
140.781 15.4342 0 1
140.877 15.4859 0 1
140.97 15.5495 0 1
141.067 15.6132 0 1
141.183 15.6305 0 1
141.302 15.603 0 1
141.416 15.5657 0 1
141.527 15.5284 0 1
141.642 15.5111 0 1
141.758 15.4942 0 1
141.873 15.4741 0 1
141.985 15.4532 0 1
142.099 15.4517 0 1
142.214 15.4494 0 1
142.328 15.4463 0 1
142.442 15.4626 0 1
142.557 15.4781 0 1
142.674 15.4904 0 1
142.79 15.5033 0 1
142.903 15.5364 0 1
143.019 15.57 0 1
143.139 15.5947 0 1
143.257 15.5772 0 1
143.357 15.5166 0 1
143.454 15.4577 0 1
143.554 15.4116 0 1
143.66 15.3836 0 1
143.768 15.3772 0 1
143.875 15.3934 0 1
143.978 15.4306 0 1
144.075 15.4849 0 1
144.169 15.5502 0 1
144.269 15.6124 0 1
144.392 15.6097 0 1
144.514 15.5895 0 1
144.637 15.5662 0 1
144.758 15.5427 0 1
144.878 15.5186 0 1
144.995 15.4958 0 1
145.114 15.4927 0 1
145.234 15.4901 0 1
145.353 15.4845 0 1
145.47 15.4782 0 1
145.586 15.4907 0 1
145.704 15.5028 0 1
145.822 15.515 0 1
145.936 15.5463 0 1
146.054 15.5784 0 1
146.175 15.6087 0 1
146.298 15.6313 0 1
146.418 15.6125 0 1
146.518 15.5505 0 1
146.613 15.4895 0 1
146.713 15.4406 0 1
146.818 15.4095 0 1
146.926 15.3993 0 1
147.033 15.4111 0 1
147.137 15.4438 0 1
147.236 15.4941 0 1
147.331 15.5567 0 1
147.43 15.6208 0 1
147.549 15.643 0 1
147.673 15.6246 0 1
147.794 15.5988 0 1
147.913 15.5715 0 1
148.028 15.5456 0 1
148.147 15.5401 0 1
148.266 15.5352 0 1
148.385 15.5278 0 1
148.501 15.5203 0 1
148.618 15.5323 0 1
148.736 15.5442 0 1
148.855 15.5534 0 1
148.972 15.5628 0 1
149.087 15.5919 0 1
149.204 15.6222 0 1
149.323 15.6509 0 1
149.443 15.6755 0 1
149.565 15.6822 0 1
149.668 15.6242 0 1
149.765 15.5633 0 1
149.865 15.5136 0 1
149.969 15.4812 0 1
150.077 15.4699 0 1
150.185 15.4812 0 1
150.29 15.5135 0 1
150.389 15.5636 0 1
150.484 15.6257 0 1
150.584 15.6891 0 1
150.703 15.71 0 1
150.826 15.6897 0 1
150.947 15.6613 0 1
151.065 15.6307 0 1
151.179 15.6008 0 1
151.296 15.5899 0 1
151.413 15.5787 0 1
151.528 15.5667 0 1
151.644 15.5731 0 1
151.761 15.5782 0 1
151.879 15.5792 0 1
151.995 15.5787 0 1
152.11 15.5967 0 1
152.226 15.6139 0 1
152.343 15.6309 0 1
152.455 15.6663 0 1
152.572 15.7011 0 1
152.693 15.7266 0 1
152.813 15.7106 0 1
152.915 15.6524 0 1
153.014 15.5957 0 1
153.117 15.5515 0 1
153.223 15.5247 0 1
153.332 15.518 0 1
153.441 15.5325 0 1
153.546 15.5669 0 1
153.646 15.618 0 1
153.743 15.6804 0 1
153.846 15.7407 0 1
153.97 15.7381 0 1
154.093 15.7188 0 1
154.217 15.6963 0 1
154.339 15.6735 0 1
154.46 15.6499 0 1
154.578 15.6273 0 1
154.697 15.6238 0 1
154.818 15.6206 0 1
154.939 15.6148 0 1
155.058 15.6087 0 1
155.176 15.6213 0 1
155.296 15.6337 0 1
155.417 15.6437 0 1
155.537 15.6542 0 1
155.654 15.6836 0 1
155.774 15.7132 0 1
155.899 15.7345 0 1
156.019 15.7162 0 1
156.124 15.658 0 1
156.225 15.6024 0 1
156.329 15.5599 0 1
156.438 15.5345 0 1
156.548 15.5284 0 1
156.659 15.5419 0 1
156.766 15.5735 0 1
156.87 15.6211 0 1
156.97 15.6802 0 1
157.076 15.7382 0 1
157.201 15.7354 0 1
157.326 15.7169 0 1
157.451 15.6954 0 1
157.574 15.6732 0 1
157.695 15.6497 0 1
157.813 15.6263 0 1
157.932 15.621 0 1
158.052 15.615 0 1
158.171 15.608 0 1
158.289 15.6188 0 1
158.41 15.6283 0 1
158.531 15.6347 0 1
158.652 15.6409 0 1
158.77 15.6655 0 1
158.892 15.6907 0 1
159.015 15.7144 0 1
159.14 15.7347 0 1
159.265 15.7399 0 1
159.375 15.6866 0 1
159.48 15.6333 0 1
159.588 15.5924 0 1
159.699 15.5672 0 1
159.812 15.5595 0 1
159.924 15.5698 0 1
160.034 15.5978 0 1
160.139 15.6416 0 1
160.242 15.6983 0 1
160.347 15.7583 0 1
160.47 15.7806 0 1
160.599 15.7655 0 1
160.726 15.7439 0 1
160.85 15.7209 0 1
160.971 15.6987 0 1
161.094 15.6947 0 1
161.217 15.6908 0 1
161.34 15.6839 0 1
161.46 15.6758 0 1
161.58 15.685 0 1
161.701 15.6933 0 1
161.822 15.7008 0 1
161.941 15.7259 0 1
162.064 15.751 0 1
162.189 15.775 0 1
162.316 15.7985 0 1
162.443 15.8196 0 1
162.57 15.8265 0 1
162.682 15.776 0 1
162.791 15.7261 0 1
162.901 15.6886 0 1
163.014 15.6662 0 1
163.128 15.6603 0 1
163.241 15.6715 0 1
163.351 15.6996 0 1
163.459 15.7435 0 1
163.562 15.8002 0 1
163.668 15.8608 0 1
163.791 15.8852 0 1
163.92 15.8723 0 1
164.045 15.8517 0 1
164.166 15.8305 0 1
164.289 15.827 0 1
164.413 15.8235 0 1
164.536 15.8168 0 1
164.656 15.8086 0 1
164.776 15.8171 0 1
164.897 15.8241 0 1
165.017 15.8294 0 1
165.135 15.8514 0 1
165.256 15.8721 0 1
165.379 15.8898 0 1
165.501 15.9074 0 1
165.62 15.9424 0 1
165.742 15.9773 0 1
165.869 16.005 0 1
165.995 15.9957 0 1
166.108 15.9494 0 1
166.219 15.907 0 1
166.332 15.878 0 1
166.446 15.865 0 1
166.561 15.8685 0 1
166.674 15.8885 0 1
166.784 15.9243 0 1
166.89 15.9748 0 1
166.992 16.0375 0 1
167.098 16.1016 0 1
167.226 16.1115 0 1
167.356 16.1078 0 1
167.486 16.1017 0 1
167.614 16.095 0 1
167.741 16.0873 0 1
167.864 16.0794 0 1
167.987 16.0892 0 1
168.111 16.0987 0 1
168.235 16.105 0 1
168.356 16.1095 0 1
168.475 16.1305 0 1
168.596 16.1505 0 1
168.717 16.1692 0 1
168.834 16.2046 0 1
168.955 16.2398 0 1
169.078 16.2732 0 1
169.203 16.3031 0 1
169.33 16.3186 0 1
169.446 16.276 0 1
169.559 16.2338 0 1
169.672 16.2039 0 1
169.787 16.1892 0 1
169.902 16.1904 0 1
170.015 16.208 0 1
170.125 16.2419 0 1
170.231 16.2916 0 1
170.332 16.3543 0 1
170.435 16.4217 0 1
170.557 16.4557 0 1
170.688 16.4548 0 1
170.818 16.4475 0 1
170.944 16.4384 0 1
171.068 16.4293 0 1
171.191 16.4383 0 1
171.314 16.447 0 1
171.437 16.4525 0 1
171.558 16.4561 0 1
171.677 16.4765 0 1
171.798 16.4958 0 1
171.918 16.5139 0 1
172.035 16.5489 0 1
172.156 16.5839 0 1
172.279 16.6176 0 1
172.404 16.6505 0 1
172.53 16.6808 0 1
172.657 16.6968 0 1
172.772 16.6542 0 1
172.884 16.612 0 1
172.997 16.5823 0 1
173.112 16.568 0 1
173.226 16.57 0 1
173.339 16.5886 0 1
173.448 16.6238 0 1
173.553 16.6748 0 1
173.653 16.7386 0 1
173.755 16.807 0 1
173.876 16.8415 0 1
174.007 16.8404 0 1
174.135 16.8322 0 1
174.26 16.8215 0 1
174.381 16.8099 0 1
174.503 16.8159 0 1
174.624 16.8208 0 1
174.744 16.8238 0 1
174.862 16.8433 0 1
174.982 16.8609 0 1
175.103 16.874 0 1
175.222 16.8846 0 1
175.339 16.9116 0 1
175.458 16.9373 0 1
175.577 16.9619 0 1
175.692 17.0031 0 1
175.811 17.0434 0 1
175.936 17.0757 0 1
176.062 17.0708 0 1
176.177 17.0284 0 1
176.289 16.99 0 1
176.403 16.965 0 1
176.518 16.9564 0 1
176.632 16.9645 0 1
176.744 16.989 0 1
176.853 17.0295 0 1
176.956 17.085 0 1
177.055 17.1526 0 1
177.158 17.222 0 1
177.285 17.2382 0 1
177.415 17.2405 0 1
177.544 17.24 0 1
177.673 17.2386 0 1
177.799 17.2355 0 1
177.923 17.2321 0 1
178.045 17.2463 0 1
178.169 17.26 0 1
178.292 17.2705 0 1
178.414 17.2796 0 1
178.533 17.3055 0 1
178.655 17.3306 0 1
178.778 17.3528 0 1
178.899 17.3746 0 1
179.017 17.4133 0 1
179.139 17.4517 0 1
179.265 17.4827 0 1
179.392 17.4764 0 1
179.506 17.4326 0 1
179.619 17.393 0 1
179.732 17.3668 0 1
179.847 17.3572 0 1
179.962 17.3644 0 1
180.075 17.3885 0 1
180.183 17.4292 0 1
180.287 17.4856 0 1
180.386 17.5549 0 1
180.487 17.6274 0 1
180.612 17.6509 0 1
180.739 17.6618 0 1
180.866 17.6701 0 1
180.992 17.677 0 1
181.116 17.6814 0 1
181.236 17.6843 0 1
181.353 17.7047 0 1
181.472 17.7237 0 1
181.589 17.7404 0 1
181.703 17.7738 0 1
181.819 17.8055 0 1
181.937 17.8332 0 1
182.055 17.8596 0 1
182.168 17.9031 0 1
182.283 17.9467 0 1
182.402 17.9882 0 1
182.523 18.0256 0 1
182.646 18.0474 0 1
182.762 18.0087 0 1
182.874 17.9697 0 1
182.987 17.9437 0 1
183.101 17.9348 0 1
183.214 17.9439 0 1
183.324 17.9712 0 1
183.428 18.0169 0 1
183.525 18.0795 0 1
183.616 18.156 0 1
183.705 18.2392 0 1
183.816 18.2948 0 1
183.941 18.3172 0 1
184.065 18.3324 0 1
184.186 18.3443 0 1
184.303 18.3547 0 1
184.417 18.3837 0 1
184.531 18.4114 0 1
184.644 18.4369 0 1
184.752 18.4795 0 1
184.863 18.5207 0 1
184.976 18.5577 0 1
185.089 18.5937 0 1
185.195 18.6475 0 1
185.304 18.7024 0 1
185.418 18.7562 0 1
185.536 18.8053 0 1
185.661 18.8198 0 1
185.76 18.7577 0 1
185.848 18.6886 0 1
185.937 18.6266 0 1
186.031 18.5777 0 1
186.13 18.5447 0 1
186.232 18.5294 0 1
186.334 18.5314 0 1
186.436 18.5492 0 1
186.533 18.5818 0 1
186.624 18.6302 0 1
186.705 18.6944 0 1
186.773 18.7736 0 1
186.827 18.8653 0 1
186.866 18.9665 0 1
186.899 19.0745 0 1
186.939 19.1847 0 1
187.042 19.2541 0 1
187.16 19.2938 0 1
187.278 19.3278 0 1
187.395 19.3595 0 1
187.509 19.3874 0 1
187.619 19.4128 0 1
187.723 19.4569 0 1
187.828 19.4993 0 1
187.932 19.5384 0 1
188.028 19.5941 0 1
188.127 19.6476 0 1
188.23 19.6945 0 1
188.332 19.7368 0 1
188.425 19.7947 0 1
188.522 19.8501 0 1
188.619 19.9018 0 1
188.707 19.9683 0 1
188.799 20.0326 0 1
188.895 20.0905 0 1
188.991 20.1436 0 1
189.078 20.2113 0 1
189.168 20.2767 0 1
189.259 20.3383 0 1
189.339 20.4137 0 1
189.424 20.4873 0 1
189.514 20.5549 0 1
189.604 20.6179 0 1
189.684 20.6942 0 1
189.766 20.7688 0 1
189.85 20.8398 0 1
189.922 20.9234 0 1
189.999 21.0059 0 1
190.081 21.0833 0 1
190.164 21.1565 0 1
190.234 21.2418 0 1
190.307 21.326 0 1
190.382 21.4071 0 1
190.444 21.4993 0 1
190.51 21.5911 0 1
190.581 21.6787 0 1
190.654 21.7626 0 1
190.713 21.857 0 1
190.775 21.951 0 1
190.839 22.0431 0 1
190.887 22.1446 0 1
190.94 22.2472 0 1
191.003 22.3459 0 1
191.085 22.4283 0 1
191.2 22.4418 0 1
191.312 22.444 0 1
191.421 22.4541 0 1
191.524 22.4812 0 1
191.618 22.5297 0 1
191.697 22.5994 0 1
191.756 22.6872 0 1
191.793 22.7877 0 1
191.812 22.8958 0 1
191.82 23.0095 0 1
191.832 23.1283 0 1
191.906 23.226 0 1
192.003 23.3031 0 1
192.099 23.3776 0 1
192.192 23.4531 0 1
192.283 23.5293 0 1
192.373 23.6056 0 1
192.461 23.6809 0 1
192.549 23.7537 0 1
192.638 23.8221 0 1
192.725 23.8871 0 1
192.797 23.9676 0 1
192.871 24.0469 0 1
192.945 24.1232 0 1
193.004 24.2121 0 1
193.067 24.3 0 1
193.136 24.3823 0 1
193.208 24.4601 0 1
193.264 24.5493 0 1
193.324 24.6372 0 1
193.387 24.7222 0 1
193.433 24.8171 0 1
193.485 24.9114 0 1
193.544 25.0011 0 1
193.606 25.0867 0 1
193.651 25.1817 0 1
193.701 25.2762 0 1
193.753 25.3682 0 1
193.787 25.4682 0 1
193.826 25.5687 0 1
193.873 25.6659 0 1
193.923 25.7599 0 1
193.955 25.8612 0 1
193.99 25.9628 0 1
194.027 26.0628 0 1
194.045 26.1684 0 1
194.067 26.2758 0 1
194.095 26.3823 0 1
194.124 26.4876 0 1
194.132 26.5971 0 1
194.141 26.7097 0 1
194.153 26.824 0 1
194.17 26.9395 0 1
194.192 27.0552 0 1
194.237 27.1642 0 1
194.349 27.1881 0 1
194.459 27.1821 0 2
194.563 27.1639 0 2
194.663 27.1389 0 2
194.759 27.1104 0 2
194.855 27.0819 0 2
194.952 27.0575 0 2
195.05 27.0412 0 2
195.15 27.0371 0 2
195.248 27.0484 0 2
195.344 27.0778 0 2
195.431 27.1259 0 2
195.505 27.1918 0 2
195.563 27.2725 0 2
195.603 27.364 0 2
195.622 27.4617 0 2
195.623 27.5614 0 2
195.606 27.6597 0 2
195.575 27.7546 0 2
195.533 27.8449 0 2
195.481 27.9303 0 2
195.422 28.0113 0 2
195.359 28.0888 0 2
195.293 28.1638 0 2
195.226 28.2374 0 2
195.158 28.3108 0 2
195.091 28.385 0 2
195.026 28.461 0 2
194.963 28.5402 0 2
194.903 28.6234 0 2
194.847 28.7121 0 2
194.8 28.8089 0 2
194.779 28.9176 0 2
194.847 29.0144 0 2
194.935 29.0953 0 2
195.025 29.1707 0 2
195.105 29.257 0 2
195.186 29.3431 0 2
195.268 29.427 0 2
195.337 29.5211 0 2
195.409 29.615 0 2
195.482 29.7064 0 2
195.541 29.8068 0 2
195.603 29.907 0 2
195.667 30.0045 0 2
195.717 30.1095 0 2
195.77 30.214 0 2
195.825 30.3151 0 2
195.867 30.4226 0 2
195.908 30.5305 0 2
195.933 30.6434 0 2
195.963 30.7579 0 2
195.995 30.8717 0 2
196.011 30.9892 0 2
196.029 31.1091 0 2
196.051 31.2289 0 2
196.073 31.3468 0 2
196.078 31.4667 0 2
196.084 31.5879 0 2
196.09 31.7084 0 2
196.079 31.8288 0 2
196.068 31.9519 0 2
196.059 32.0761 0 2
196.049 32.1993 0 2
196.02 32.3199 0 2
195.991 32.4436 0 2
195.962 32.5693 0 2
195.934 32.6967 0 2
195.924 32.8263 0 2
196.012 32.8969 0 2
196.114 32.9367 0 2
196.217 32.956 0 2
196.32 32.9546 0 2
196.418 32.9297 0 2
196.506 32.8812 0 2
196.579 32.8136 0 2
196.639 32.7336 0 2
196.688 32.6465 0 2
196.731 32.556 0 2
196.771 32.4647 0 2
196.815 32.3748 0 2
196.866 32.2888 0 2
196.928 32.2103 0 2
197.002 32.1438 0 2
197.089 32.0948 0 2
197.185 32.069 0 2
197.284 32.0704 0 2
197.379 32.1 0 2
197.462 32.1555 0 2
197.526 32.2316 0 2
197.569 32.3217 0 2
197.59 32.4193 0 2
197.591 32.5192 0 2
197.575 32.6179 0 2
197.545 32.7133 0 2
197.504 32.8046 0 2
197.454 32.8915 0 2
197.398 32.9744 0 2
197.337 33.054 0 2
197.272 33.1308 0 2
197.206 33.2056 0 2
197.137 33.2789 0 2
197.068 33.3511 0 2
196.997 33.4227 0 2
196.927 33.4937 0 2
196.855 33.5642 0 2
196.784 33.6343 0 2
196.711 33.7036 0 2
196.638 33.7719 0 2
196.563 33.8386 0 2
196.486 33.9031 0 2
196.407 33.9643 0 2
196.324 34.0214 0 2
196.237 34.0736 0 2
196.146 34.1217 0 2
196.052 34.1687 0 2
195.958 34.2211 0 2
195.874 34.2941 0 2
195.865 34.4129 0 2
195.88 34.5324 0 2
195.9 34.6499 0 2
195.903 34.769 0 2
195.909 34.8897 0 2
195.917 35.0098 0 2
195.929 35.127 0 2
195.924 35.2442 0 2
195.917 35.3614 0 2
195.894 35.477 0 2
195.872 35.596 0 2
195.855 35.7161 0 2
195.839 35.8349 0 2
195.806 35.9503 0 2
195.774 36.0675 0 2
195.741 36.1842 0 2
195.693 36.2956 0 2
195.643 36.4099 0 2
195.593 36.5261 0 2
195.543 36.6424 0 2
195.492 36.7566 0 2
195.425 36.8619 0 2
195.354 36.9687 0 2
195.281 37.0764 0 2
195.205 37.1837 0 2
195.127 37.2897 0 2
195.047 37.3937 0 2
194.966 37.4957 0 2
194.885 37.5958 0 2
194.804 37.6926 0 2
194.711 37.777 0 2
194.616 37.8639 0 2
194.536 37.9643 0 2
194.568 38.0726 0 2
194.628 38.1636 0 2
194.701 38.2396 0 2
194.786 38.2984 0 2
194.88 38.3345 0 2
194.979 38.3432 0 2
195.077 38.3245 0 2
195.168 38.2838 0 2
195.251 38.2274 0 2
195.325 38.1608 0 2
195.394 38.0885 0 2
195.461 38.0141 0 2
195.529 37.9408 0 2
195.602 37.8719 0 2
195.681 37.8112 0 2
195.769 37.7629 0 2
195.863 37.732 0 2
195.963 37.723 0 2
196.061 37.7392 0 2
196.151 37.7813 0 2
196.226 37.8469 0 2
196.28 37.9308 0 2
196.309 38.026 0 2
196.313 38.1257 0 2
196.295 38.2239 0 2
196.258 38.3165 0 2
196.205 38.4012 0 2
196.139 38.4771 0 2
196.065 38.5442 0 2
195.984 38.6032 0 2
195.899 38.6551 0 2
195.81 38.701 0 2
195.718 38.742 0 2
195.625 38.779 0 2
195.531 38.8129 0 2
195.436 38.8444 0 2
195.34 38.874 0 2
195.244 38.9022 0 2
195.147 38.9291 0 2
195.051 38.955 0 2
194.953 38.9797 0 2
194.856 39.0031 0 2
194.758 39.025 0 2
194.66 39.0447 0 2
194.561 39.0617 0 2
194.462 39.0753 0 2
194.362 39.0845 0 2
194.261 39.089 0 2
194.158 39.0894 0 2
194.053 39.0891 0 2
193.945 39.0946 0 2
193.837 39.1236 0 2
193.777 39.2253 0 2
193.738 39.3386 0 2
193.707 39.4534 0 2
193.678 39.566 0 2
193.633 39.6728 0 2
193.589 39.7807 0 2
193.548 39.8879 0 2
193.491 39.9877 0 2
193.436 40.0898 0 2
193.384 40.1921 0 2
193.317 40.2856 0 2
193.251 40.3818 0 2
193.188 40.4783 0 2
193.11 40.5643 0 2
193.032 40.6532 0 2
192.957 40.745 0 2
192.884 40.8363 0 2
192.798 40.9154 0 2
192.712 40.996 0 2
192.626 41.0767 0 2
192.528 41.143 0 2
192.429 41.2114 0 2
192.329 41.2822 0 2
192.23 41.354 0 2
192.132 41.4238 0 2
192.024 41.4767 0 2
191.912 41.5296 0 2
191.801 41.5834 0 2
191.689 41.6376 0 2
191.579 41.6919 0 2
191.472 41.7444 0 2
191.357 41.7792 0 2
191.241 41.8143 0 2
191.127 41.8554 0 2
191.027 41.9181 0 2
191.006 42.0274 0 2
191.016 42.1345 0 2
191.043 42.2353 0 2
191.086 42.3284 0 2
191.142 42.4115 0 2
191.213 42.4827 0 2
191.293 42.5417 0 2
191.38 42.5902 0 2
191.472 42.6307 0 2
191.565 42.6661 0 2
191.659 42.6996 0 2
191.753 42.7344 0 2
191.845 42.7737 0 2
191.933 42.8201 0 2
192.016 42.8761 0 2
192.09 42.9432 0 2
192.152 43.0217 0 2
192.197 43.1104 0 2
192.223 43.2068 0 2
192.226 43.3064 0 2
192.205 43.4039 0 2
192.162 43.4937 0 2
192.099 43.5707 0 2
192.019 43.631 0 2
191.928 43.6724 0 2
191.831 43.6945 0 2
191.731 43.6979 0 2
191.632 43.6844 0 2
191.536 43.6562 0 2
191.445 43.6156 0 2
191.359 43.565 0 2
191.278 43.5064 0 2
191.202 43.4417 0 2
191.129 43.3726 0 2
191.06 43.3004 0 2
190.993 43.2262 0 2
190.927 43.1513 0 2
190.86 43.0766 0 2
190.793 43.0031 0 2
190.723 42.9318 0 2
190.649 42.8638 0 2
190.572 42.8003 0 2
190.49 42.7419 0 2
190.402 42.689 0 2
190.308 42.643 0 2
190.206 42.6076 0 2
190.095 42.5985 0 2
190.009 42.673 0 2
189.943 42.7667 0 2
189.886 42.8628 0 2
189.816 42.9495 0 2
189.749 43.0387 0 2
189.687 43.129 0 2
189.612 43.208 0 2
189.537 43.2869 0 2
189.45 43.3532 0 2
189.365 43.4248 0 2
189.283 43.4993 0 2
189.191 43.5607 0 2
189.098 43.6257 0 2
189.008 43.6924 0 2
188.907 43.7438 0 2
188.806 43.7983 0 2
188.706 43.857 0 2
188.608 43.9159 0 2
188.502 43.9577 0 2
188.395 44.0011 0 2
188.289 44.0486 0 2
188.187 44.0967 0 2
188.078 44.1274 0 2
187.968 44.1602 0 2
187.861 44.1944 0 2
187.75 44.211 0 2
187.637 44.2299 0 2
187.526 44.2503 0 2
187.412 44.2522 0 2
187.296 44.2558 0 2
187.18 44.2635 0 2
187.064 44.2715 0 2
186.949 44.2599 0 2
186.831 44.2484 0 2
186.712 44.2399 0 2
186.593 44.238 0 2
186.478 44.261 0 2
186.418 44.3555 0 2
186.386 44.4588 0 2
186.372 44.5625 0 2
186.372 44.6648 0 2
186.387 44.7645 0 2
186.417 44.86 0 2
186.459 44.9506 0 2
186.511 45.0363 0 2
186.568 45.1181 0 2
186.629 45.1974 0 2
186.691 45.2759 0 2
186.752 45.3554 0 2
186.809 45.4376 0 2
186.859 45.5239 0 2
186.9 45.6149 0 2
186.929 45.7106 0 2
186.942 45.8096 0 2
186.937 45.9092 0 2
186.91 46.0054 0 2
186.862 46.0929 0 2
186.795 46.166 0 2
186.711 46.2196 0 2
186.616 46.2497 0 2
186.516 46.2547 0 2
186.418 46.2353 0 2
186.327 46.1939 0 2
186.247 46.1343 0 2
186.18 46.0606 0 2
186.126 45.9767 0 2
186.084 45.886 0 2
186.053 45.7909 0 2
186.03 45.6935 0 2
186.014 45.5947 0 2
186.002 45.4954 0 2
185.992 45.3959 0 2
185.981 45.2965 0 2
185.966 45.1975 0 2
185.946 45.0996 0 2
185.918 45.0037 0 2
185.88 44.9112 0 2
185.829 44.8238 0 2
185.767 44.7427 0 2
185.693 44.6691 0 2
185.606 44.6056 0 2
185.502 44.5666 0 2
185.401 44.6148 0 2
185.317 44.6887 0 2
185.243 44.7681 0 2
185.159 44.8347 0 2
185.074 44.8998 0 2
184.979 44.9498 0 2
184.887 45.0057 0 2
184.799 45.0663 0 2
184.702 45.1117 0 2
184.605 45.1568 0 2
184.502 45.1852 0 2
184.397 45.2191 0 2
184.293 45.2562 0 2
184.184 45.2757 0 2
184.073 45.2981 0 2
183.962 45.3255 0 2
183.853 45.3533 0 2
183.741 45.3615 0 2
183.626 45.3704 0 2
183.512 45.383 0 2
183.399 45.3957 0 2
183.286 45.388 0 2
183.171 45.3803 0 2
183.056 45.3758 0 2
182.942 45.371 0 2
182.83 45.3455 0 2
182.717 45.319 0 2
182.602 45.2949 0 2
182.488 45.2738 0 2
182.376 45.2534 0 2
182.27 45.2134 0 2
182.163 45.1731 0 2
182.056 45.133 0 2
181.957 45.0751 0 2
181.853 45.0198 0 2
181.738 44.9875 0 2
181.653 45.0623 0 2
181.594 45.1548 0 2
181.551 45.2511 0 2
181.516 45.3479 0 2
181.484 45.4438 0 2
181.447 45.537 0 2
181.4 45.6244 0 2
181.335 45.7 0 2
181.253 45.7551 0 2
181.157 45.7801 0 2
181.059 45.7691 0 2
180.971 45.7236 0 2
180.903 45.6516 0 2
180.857 45.5633 0 2
180.831 45.4673 0 2
180.817 45.3686 0 0
180.807 45.2693 0 0
180.794 45.1695 0 0
180.771 45.0699 0 0
180.736 44.9712 0 0
180.684 44.8748 0 0
180.607 44.7899 0 0
180.497 44.7832 0 0
180.394 44.8221 0 0
180.298 44.8711 0 0
180.206 44.9236 0 0
180.118 44.9801 0 0
180.036 45.0419 0 0
179.962 45.1093 0 0
179.891 45.1763 0 0
179.805 45.2208 0 0
179.72 45.2671 0 0
179.637 45.3154 0 0
179.545 45.3407 0 0
179.454 45.3696 0 0
179.365 45.4015 0 0
179.27 45.4106 0 0
179.175 45.426 0 0
179.083 45.4557 0 0
178.996 45.4915 0 0
178.903 45.5058 0 0
178.81 45.5249 0 0
178.72 45.549 0 0
178.627 45.5515 0 0
178.533 45.5607 0 0
178.442 45.5766 0 0
178.349 45.5723 0 0
178.255 45.575 0 0
178.163 45.5848 0 0
178.071 45.5747 0 0
177.978 45.5719 0 0
177.885 45.5763 0 0
177.794 45.5603 0 0
177.701 45.5505 0 0
177.609 45.5468 0 0
177.518 45.5237 0 0
177.425 45.5093 0 0
177.33 45.5125 0 0
177.238 45.525 0 0
177.146 45.5183 0 0
177.053 45.5178 0 0
176.961 45.5239 0 0
176.87 45.5103 0 0
176.777 45.5044 0 0
176.685 45.5064 0 0
176.595 45.4897 0 0
176.503 45.4808 0 0
176.411 45.48 0 0
176.321 45.4605 0 0
176.229 45.4487 0 0
176.137 45.4451 0 0
176.048 45.423 0 0
175.957 45.4087 0 0
175.865 45.4022 0 0
175.777 45.3766 0 0
175.686 45.3573 0 0
175.595 45.3446 0 0
175.507 45.3136 0 0
175.416 45.2916 0 0
175.322 45.2877 0 0
175.229 45.2937 0 0
175.138 45.281 0 0
175.045 45.2747 0 0
174.954 45.2753 0 0
174.864 45.2564 0 0
174.772 45.2453 0 0
174.68 45.2422 0 0
174.591 45.2207 0 0
174.499 45.2071 0 0
174.408 45.2016 0 0
174.319 45.1777 0 0
174.228 45.1616 0 0
174.137 45.1533 0 0
174.049 45.1259 0 0
173.958 45.1049 0 0
173.868 45.0904 0 0
173.781 45.0577 0 0
173.69 45.034 0 0
173.596 45.0284 0 0
173.504 45.0328 0 0
173.413 45.0185 0 0
173.32 45.0106 0 0
173.229 45.0096 0 0
173.139 44.9891 0 0
173.047 44.9763 0 0
172.956 44.9715 0 0
172.867 44.9483 0 0
172.776 44.9328 0 0
172.684 44.9255 0 0
172.596 44.8997 0 0
172.506 44.8816 0 0
172.415 44.8714 0 0
172.328 44.8419 0 0
172.238 44.8187 0 0
172.147 44.8019 0 0
172.062 44.767 0 0
171.971 44.7408 0 0
171.878 44.7326 0 0
171.785 44.7343 0 0
171.695 44.7172 0 0
171.602 44.7063 0 0
171.511 44.7021 0 0
171.422 44.6783 0 0
171.331 44.6618 0 0
171.239 44.6533 0 0
171.152 44.6261 0 0
171.061 44.6063 0 0
170.97 44.5942 0 0
170.884 44.5635 0 0
170.794 44.5398 0 0
170.703 44.5238 0 0
170.618 44.4892 0 0
170.529 44.4615 0 0
170.44 44.4411 0 0
170.356 44.4014 0 0
170.27 44.3671 0 0
170.182 44.3385 0 0
170.102 44.2913 0 0
170.016 44.2514 0 0
169.924 44.2277 0 0
169.832 44.2127 0 0
169.746 44.178 0 0
169.658 44.1481 0 0
169.568 44.1239 0 0
169.487 44.0797 0 0
169.402 44.041 0 0
169.314 44.0086 0 0
169.237 43.9574 0 0
169.155 43.9111 0 0
169.072 43.8707 0 0
168.999 43.8119 0 0
168.923 43.7575 0 0
168.843 43.7081 0 0
168.778 43.6409 0 0
168.709 43.576 0 0
168.638 43.5144 0 0
168.584 43.4368 0 0
168.524 43.3617 0 0
168.453 43.2961 0 0
168.38 43.2358 0 0
168.325 43.1591 0 0
168.266 43.0833 0 0
168.206 43.0102 0 0
168.167 42.9236 0 0
168.125 42.8371 0 0
168.081 42.7519 0 0
168.061 42.6568 0 0
168.037 42.5596 0 0
168.003 42.4635 0 0
167.958 42.3696 0 0
167.904 42.2781 0 0
167.835 42.1943 0 0
167.734 42.1509 0 0
167.63 42.1969 0 0
167.546 42.2672 0 0
167.479 42.3475 0 0
167.422 42.4329 0 0
167.367 42.517 0 0
167.299 42.5892 0 0
167.21 42.6315 0 0
167.114 42.622 0 0
167.04 42.5581 0 0
167.01 42.4645 0 0
167.017 42.3656 0 0
167.041 42.268 0 0
167.065 42.1687 0 0
167.078 42.0651 0 0
167.072 41.9573 0 0
167.034 41.852 0 0
166.935 41.7998 0 0
166.815 41.8095 0 0
166.701 41.8522 0 0
166.593 41.902 0 0
166.489 41.9551 0 0
166.39 42.0117 0 0
166.297 42.0724 0 0
166.208 42.1338 0 0
166.111 42.1782 0 0
166.016 42.2261 0 0
165.925 42.2778 0 0
165.828 42.3137 0 0
165.732 42.3553 0 0
165.64 42.4023 0 0
165.542 42.4342 0 0
165.445 42.4728 0 0
165.353 42.5172 0 0
165.254 42.5468 0 0
165.157 42.5833 0 0
165.064 42.6257 0 0
164.965 42.6532 0 0
164.867 42.6877 0 0
164.773 42.7282 0 0
164.673 42.7533 0 0
164.574 42.785 0 0
164.477 42.8218 0 0
164.375 42.8425 0 0
164.273 42.8699 0 0
164.174 42.908 0 0
164.08 42.9512 0 0
163.98 42.9785 0 0
163.881 43.0115 0 0
163.786 43.05 0 0
163.686 43.073 0 0
163.587 43.1028 0 0
163.491 43.1388 0 0
163.391 43.1595 0 0
163.291 43.1874 0 0
163.195 43.2215 0 0
163.094 43.2402 0 0
162.994 43.266 0 0
162.896 43.2981 0 0
162.795 43.3143 0 0
162.694 43.3371 0 0
162.594 43.3654 0 0
162.491 43.377 0 0
162.387 43.3954 0 0
162.286 43.4246 0 0
162.189 43.4595 0 0
162.087 43.478 0 0
161.986 43.5022 0 0
161.888 43.5322 0 0
161.786 43.5463 0 0
161.685 43.5673 0 0
161.587 43.5948 0 0
161.486 43.6067 0 0
161.384 43.6257 0 0
161.285 43.6513 0 0
161.184 43.6613 0 0
161.082 43.6784 0 0
160.983 43.7022 0 0
160.881 43.7102 0 0
160.779 43.7254 0 0
160.679 43.7471 0 0
160.577 43.7526 0 0
160.474 43.7646 0 0
160.372 43.7822 0 0
160.269 43.7829 0 0
160.164 43.7902 0 0
160.06 43.8087 0 0
159.96 43.8332 0 0
159.857 43.8408 0 0
159.754 43.8542 0 0
159.654 43.8736 0 0
159.552 43.8768 0 0
159.449 43.8868 0 0
159.348 43.9036 0 0
159.247 43.9045 0 0
159.144 43.9123 0 0
159.043 43.927 0 0
158.941 43.9256 0 0
158.838 43.9313 0 0
158.737 43.9436 0 0
158.634 43.9394 0 0
158.531 43.9416 0 0
158.428 43.9496 0 0
158.325 43.9404 0 0
158.22 43.9378 0 0
158.115 43.9465 0 0
158.013 43.9615 0 0
157.91 43.9594 0 0
157.807 43.9631 0 0
157.705 43.973 0 0
157.603 43.9664 0 0
157.5 43.9665 0 0
157.399 43.9734 0 0
157.297 43.9643 0 0
157.195 43.9621 0 0
157.093 43.9669 0 0
156.992 43.9557 0 0
156.89 43.9515 0 0
156.788 43.9544 0 0
156.687 43.9411 0 0
156.585 43.9347 0 0
156.483 43.9351 0 0
156.382 43.9189 0 0
156.279 43.909 0 0
156.176 43.9048 0 0
156.075 43.8836 0 0
155.971 43.8686 0 0
155.866 43.865 0 0
155.764 43.868 0 0
155.662 43.8539 0 0
155.559 43.8454 0 0
155.457 43.8434 0 0
155.356 43.8249 0 0
155.254 43.813 0 0
155.153 43.808 0 0
155.054 43.787 0 0
154.952 43.7727 0 0
154.851 43.7656 0 0
154.752 43.7423 0 0
154.651 43.7257 0 0
154.549 43.7158 0 0
154.451 43.6896 0 0
154.349 43.6692 0 0
154.248 43.6545 0 0
154.15 43.623 0 0
154.048 43.5974 0 0
153.944 43.5829 0 0
153.841 43.5751 0 0
153.742 43.5502 0 0
153.64 43.5308 0 0
153.539 43.5176 0 0
153.441 43.488 0 0
153.341 43.4643 0 0
153.24 43.4472 0 0
153.143 43.4137 0 0
153.043 43.386 0 0
152.943 43.3641 0 0
152.847 43.325 0 0
152.748 43.2898 0 0
152.647 43.2582 0 0
152.553 43.2078 0 0
152.455 43.1585 0 0
152.351 43.1134 0 0
152.245 43.0714 0 0
152.136 43.0312 0 0
152.025 42.9926 0 0
151.909 42.9612 0 0
151.791 42.9699 0 0
151.713 43.0539 0 0
151.653 43.1458 0 0
151.595 43.2344 0 0
151.532 43.315 0 0
151.456 43.3819 0 0
151.368 43.4291 0 0
151.271 43.4515 0 0
151.171 43.4472 0 0
151.077 43.4167 0 0
150.992 43.3634 0 0
150.923 43.2917 0 0
150.868 43.207 0 0
150.823 43.1142 0 0
150.782 43.0167 0 0
150.737 42.9172 0 0
150.669 42.8251 0 0
150.551 42.8078 0 0
150.43 42.8321 0 0
150.314 42.8648 0 0
150.201 42.9005 0 0
150.09 42.9394 0 0
149.985 42.9828 0 0
149.885 43.028 0 0
149.779 43.0557 0 0
149.674 43.0873 0 0
149.573 43.1235 0 0
149.468 43.1437 0 0
149.364 43.17 0 0
149.263 43.2019 0 0
149.158 43.2183 0 0
149.053 43.241 0 0
148.95 43.269 0 0
148.844 43.281 0 0
148.737 43.2995 0 0
148.632 43.328 0 0
148.531 43.362 0 0
148.427 43.3803 0 0
148.323 43.4044 0 0
148.222 43.4343 0 0
148.117 43.4491 0 0
148.013 43.4708 0 0
147.912 43.4988 0 0
147.808 43.5121 0 0
147.704 43.5324 0 0
147.602 43.5592 0 0
147.498 43.5713 0 0
147.394 43.5905 0 0
147.292 43.6162 0 0
147.188 43.6271 0 0
147.083 43.645 0 0
146.981 43.6694 0 0
146.876 43.6785 0 0
146.771 43.6941 0 0
146.667 43.7153 0 0
146.561 43.7206 0 0
146.454 43.7324 0 0
146.348 43.7546 0 0
146.246 43.7826 0 0
146.14 43.7947 0 0
146.035 43.8127 0 0
145.933 43.8366 0 0
145.828 43.8453 0 0
145.723 43.8608 0 0
145.621 43.8829 0 0
145.516 43.8899 0 0
145.411 43.904 0 0
145.308 43.9248 0 0
145.204 43.9305 0 0
145.099 43.9432 0 0
144.995 43.9625 0 0
144.89 43.9663 0 0
144.784 43.9767 0 0
144.68 43.9928 0 0
144.574 43.9928 0 0
144.466 43.9992 0 0
144.36 44.0161 0 0
144.256 44.0389 0 0
144.151 44.0456 0 0
144.045 44.0582 0 0
143.942 44.077 0 0
143.837 44.0803 0 0
143.731 44.0906 0 0
143.628 44.1075 0 0
143.524 44.1093 0 0
143.418 44.1182 0 0
143.315 44.1339 0 0
143.211 44.1345 0 0
143.105 44.1421 0 0
143.002 44.1566 0 0
142.897 44.156 0 0
142.792 44.1623 0 0
142.688 44.1753 0 0
142.583 44.1727 0 0
142.477 44.1766 0 0
142.372 44.1862 0 0
142.266 44.1796 0 0
142.158 44.1791 0 0
142.051 44.189 0 0
141.946 44.2047 0 0
141.84 44.204 0 0
141.734 44.2088 0 0
141.63 44.2195 0 0
141.525 44.2143 0 0
141.419 44.2155 0 0
141.315 44.2233 0 0
141.21 44.2154 0 0
141.105 44.2141 0 0
141 44.2195 0 0
140.896 44.2093 0 0
140.791 44.2057 0 0
140.686 44.2088 0 0
140.582 44.1962 0 0
140.476 44.1898 0 0
140.371 44.1893 0 0
140.266 44.1724 0 0
140.159 44.1617 0 0
140.052 44.1615 0 0
139.946 44.1677 0 0
139.842 44.1577 0 0
139.736 44.1534 0 0
139.631 44.1556 0 0
139.528 44.1422 0 0
139.422 44.1355 0 0
139.318 44.1358 0 0
139.215 44.1208 0 0
139.11 44.1128 0 0
139.006 44.1118 0 0
138.903 44.0956 0 0
138.798 44.0863 0 0
138.694 44.084 0 0
138.592 44.0666 0 0
138.487 44.0558 0 0
138.382 44.052 0 0
138.28 44.0326 0 0
138.175 44.0194 0 0
138.07 44.0121 0 0
137.967 43.9886 0 0
137.861 43.971 0 0
137.754 43.964 0 0
137.649 43.9636 0 0
137.545 43.9468 0 0
137.44 43.9358 0 0
137.335 43.9313 0 0
137.233 43.9113 0 0
137.128 43.8978 0 0
137.025 43.8913 0 0
136.923 43.8696 0 0
136.819 43.8545 0 0
136.715 43.8465 0 0
136.613 43.8232 0 0
136.509 43.8065 0 0
136.405 43.7965 0 0
136.304 43.7709 0 0
136.199 43.7511 0 0
136.095 43.7368 0 0
135.993 43.7061 0 0
135.888 43.6807 0 0
135.781 43.6651 0 0
135.674 43.6547 0 0
135.571 43.6266 0 0
135.464 43.6022 0 0
135.357 43.5812 0 0
135.255 43.5414 0 0
135.148 43.5033 0 0
135.037 43.4694 0 0
134.922 43.4393 0 0
134.803 43.4174 0 0
134.684 43.4352 0 0
134.609 43.5231 0 0
134.55 43.6163 0 0
134.49 43.7043 0 0
134.422 43.7824 0 0
134.342 43.8459 0 0
134.252 43.8901 0 0
134.154 43.9132 0 0
134.053 43.9155 0 0
133.954 43.8975 0 0
133.861 43.8599 0 0
133.778 43.803 0 0
133.707 43.7296 0 0
133.648 43.6441 0 0
133.598 43.5505 0 0
133.546 43.453 0 0
133.477 43.3608 0 0
133.358 43.3393 0 0
133.235 43.3574 0 0
133.115 43.3828 0 0
132.997 43.41 0 0
132.881 43.4389 0 0
132.767 43.4705 0 0
132.657 43.5058 0 0
132.551 43.5423 0 0
132.44 43.56 0 0
132.33 43.5809 0 0
132.222 43.6097 0 0
132.119 43.6429 0 0
132.012 43.6599 0 0
131.906 43.6822 0 0
131.803 43.71 0 0
131.697 43.7225 0 0
131.592 43.7417 0 0
131.489 43.7672 0 0
131.384 43.7778 0 0
131.278 43.7953 0 0
131.175 43.8193 0 0
131.07 43.8284 0 0
130.964 43.8445 0 0
130.861 43.867 0 0
130.755 43.8743 0 0
130.648 43.8882 0 0
130.543 43.9078 0 0
130.436 43.9117 0 0
130.328 43.9221 0 0
130.221 43.9427 0 0
130.117 43.9691 0 0
130.011 43.9798 0 0
129.905 43.9966 0 0
129.802 44.0194 0 0
129.696 44.027 0 0
129.59 44.0415 0 0
129.487 44.0626 0 0
129.382 44.0689 0 0
129.276 44.0823 0 0
129.172 44.1023 0 0
129.067 44.1076 0 0
128.961 44.1199 0 0
128.857 44.139 0 0
128.752 44.1432 0 0
128.646 44.1544 0 0
128.542 44.1722 0 0
128.436 44.1747 0 0
128.329 44.1838 0 0
128.223 44.1987 0 0
128.117 44.1978 0 0
128.008 44.2033 0 0
127.9 44.2192 0 0
127.796 44.2409 0 0
127.69 44.2469 0 0
127.583 44.2589 0 0
127.479 44.277 0 0
127.373 44.2799 0 0
127.267 44.2896 0 0
127.163 44.306 0 0
127.057 44.3074 0 0
126.951 44.3158 0 0
126.847 44.331 0 0
126.742 44.3312 0 0
126.635 44.3383 0 0
126.53 44.3521 0 0
126.425 44.3506 0 0
126.318 44.3556 0 0
126.212 44.3664 0 0
126.105 44.3612 0 0
125.997 44.3624 0 0
125.889 44.3741 0 0
125.784 44.3918 0 0
125.677 44.3936 0 0
125.57 44.4013 0 0
125.465 44.4152 0 0
125.36 44.4138 0 0
125.253 44.4192 0 0
125.149 44.4312 0 0
125.043 44.4282 0 0
124.937 44.432 0 0
124.832 44.4424 0 0
124.727 44.4376 0 0
124.62 44.4395 0 0
124.515 44.4479 0 0
124.41 44.441 0 0
124.303 44.4406 0 0
124.198 44.4467 0 0
124.092 44.437 0 0
123.985 44.4333 0 0
123.879 44.4351 0 0
123.773 44.4207 0 0
123.665 44.4122 0 0
123.556 44.414 0 0
123.45 44.422 0 0
123.344 44.414 0 0
123.237 44.4117 0 0
123.132 44.4158 0 0
123.027 44.4046 0 0
122.92 44.4 0 0
122.815 44.4024 0 0
122.711 44.3897 0 0
122.605 44.3839 0 0
122.5 44.385 0 0
122.395 44.3712 0 0
122.289 44.3641 0 0
122.184 44.3638 0 0
122.079 44.3482 0 0
121.973 44.3388 0 0
121.867 44.3353 0 0
121.762 44.3159 0 0
121.655 44.3025 0 0
121.547 44.2997 0 0
121.44 44.3033 0 0
121.335 44.2908 0 0
121.228 44.2842 0 0
121.123 44.2841 0 0
121.019 44.2686 0 0
120.913 44.2598 0 0
120.808 44.2579 0 0
120.704 44.2411 0 0
120.599 44.2312 0 0
120.494 44.2283 0 0
120.39 44.2105 0 0
120.285 44.1996 0 0
120.18 44.1957 0 0
120.077 44.1768 0 0
119.971 44.1647 0 0
119.866 44.1594 0 0
119.763 44.1388 0 0
119.657 44.1243 0 0
119.551 44.1157 0 0
119.448 44.0911 0 0
119.341 44.0724 0 0
119.233 44.064 0 0
119.126 44.0619 0 0
119.022 44.0437 0 0
118.915 44.031 0 0
118.809 44.0246 0 0
118.705 44.0024 0 0
118.599 43.9862 0 0
118.493 43.976 0 0
118.389 43.9495 0 0
118.282 43.9279 0 0
118.175 43.9103 0 0
118.071 43.8745 0 0
117.962 43.8407 0 0
117.849 43.8117 0 0
117.733 43.7857 0 0
117.614 43.7623 0 0
117.493 43.7463 0 0
117.374 43.769 0 0
117.302 43.8595 0 0
117.244 43.9544 0 0
117.185 44.0435 0 0
117.117 44.1227 0 0
117.038 44.1878 0 0
116.948 44.2346 0 0
116.851 44.2614 0 0
116.75 44.268 0 0
116.65 44.2554 0 0
116.554 44.2238 0 0
116.466 44.1732 0 0
116.389 44.1054 0 0
116.324 44.0243 0 0
116.267 43.934 0 0
116.211 43.8388 0 0
116.138 43.7487 0 0
116.019 43.7279 0 0
115.896 43.746 0 0
115.776 43.7711 0 0
115.658 43.798 0 0
115.542 43.8268 0 0
115.429 43.8585 0 0
115.32 43.8947 0 0
115.216 43.933 0 0
115.108 43.9536 0 0
115.001 43.9783 0 0
114.897 44.0078 0 0
114.791 44.0216 0 0
114.684 44.0414 0 0
114.581 44.0672 0 0
114.475 44.0779 0 0
114.369 44.0953 0 0
114.265 44.1189 0 0
114.159 44.1273 0 0
114.052 44.1422 0 0
113.947 44.1626 0 0
113.84 44.1672 0 0
113.732 44.1783 0 0
113.625 44.1996 0 0
113.521 44.2265 0 0
113.415 44.2379 0 0
113.309 44.2552 0 0
113.205 44.2786 0 0
113.1 44.2868 0 0
112.994 44.3019 0 0
112.89 44.3236 0 0
112.785 44.3304 0 0
112.679 44.3442 0 0
112.575 44.3646 0 0
112.47 44.3701 0 0
112.363 44.3827 0 0
112.259 44.4017 0 0
112.153 44.4056 0 0
112.046 44.4161 0 0
111.941 44.4323 0 0
111.834 44.4328 0 0
111.725 44.4396 0 0
111.617 44.4568 0 0
111.513 44.4798 0 0
111.406 44.4871 0 0
111.3 44.5005 0 0
111.196 44.5199 0 0
111.09 44.5242 0 0
110.984 44.5353 0 0
110.88 44.5531 0 0
110.774 44.5561 0 0
110.668 44.566 0 0
110.564 44.5827 0 0
110.459 44.5846 0 0
110.352 44.5936 0 0
110.248 44.6093 0 0
110.142 44.6101 0 0
110.036 44.6178 0 0
109.931 44.6323 0 0
109.825 44.6314 0 0
109.718 44.6371 0 0
109.612 44.6486 0 0
109.505 44.6443 0 0
109.396 44.6463 0 0
109.288 44.6587 0 0
109.183 44.677 0 0
109.076 44.6795 0 0
108.969 44.688 0 0
108.864 44.7026 0 0
108.758 44.7018 0 0
108.651 44.7077 0 0
108.547 44.7202 0 0
108.441 44.7174 0 0
108.334 44.7214 0 0
108.229 44.7318 0 0
108.123 44.7269 0 0
108.016 44.7285 0 0
107.911 44.7364 0 0
107.805 44.7287 0 0
107.697 44.7269 0 0
107.591 44.7306 0 0
107.484 44.718 0 0
107.376 44.7112 0 0
107.267 44.7145 0 0
107.16 44.7236 0 0
107.054 44.7168 0 0
106.946 44.7157 0 0
106.841 44.721 0 0
106.736 44.7109 0 0
106.629 44.7075 0 0
106.523 44.711 0 0
106.419 44.6995 0 0
106.312 44.6949 0 0
106.207 44.6973 0 0
106.102 44.6848 0 0
105.996 44.6792 0 0
105.891 44.6805 0 0
105.786 44.6669 0 0
105.68 44.6601 0 0
105.574 44.66 0 0
105.469 44.6447 0 0
105.363 44.6357 0 0
105.256 44.6326 0 0
105.151 44.6137 0 0
105.043 44.6008 0 0
104.934 44.5983 0 0
104.828 44.6021 0 0
104.722 44.5901 0 0
104.615 44.5839 0 0
104.509 44.5842 0 0
104.405 44.5692 0 0
104.298 44.5609 0 0
104.193 44.5594 0 0
104.089 44.5431 0 0
103.983 44.5334 0 0
103.877 44.5308 0 0
103.773 44.5132 0 0
103.667 44.5023 0 0
103.562 44.4982 0 0
103.458 44.4789 0 0
103.351 44.4657 0 0
103.245 44.4585 0 0
103.141 44.4355 0 0
103.034 44.4184 0 0
102.925 44.4117 0 0
102.819 44.4114 0 0
102.713 44.3953 0 0
102.607 44.3849 0 0
102.501 44.381 0 0
102.397 44.3619 0 0
102.291 44.3493 0 0
102.186 44.3437 0 0
102.083 44.3232 0 0
101.977 44.3093 0 0
101.872 44.3025 0 0
101.769 44.2807 0 0
101.663 44.2654 0 0
101.557 44.257 0 0
101.454 44.2334 0 0
101.348 44.216 0 0
101.242 44.2047 0 0
101.139 44.1775 0 0
101.032 44.1552 0 0
100.924 44.1371 0 0
100.819 44.101 0 0
100.71 44.0671 0 0
100.597 44.0377 0 0
100.481 44.0114 0 0
100.363 43.987 0 0
100.243 43.9643 0 0
100.121 43.9487 0 0
100.002 43.9717 0 0
99.9296 44.0625 0 0
99.8726 44.1577 0 0
99.8139 44.2472 0 0
99.7466 44.3268 0 0
99.6678 44.3924 0 0
99.5783 44.4403 0 0
99.4812 44.4686 0 0
99.3806 44.4773 0 0
99.2801 44.4671 0 0
99.1833 44.4377 0 0
99.0942 44.3892 0 0
99.0159 44.323 0 0
98.9492 44.243 0 0
98.8911 44.1532 0 0
98.8345 44.0578 0 0
98.7629 43.9668 0 0
98.6441 43.9437 0 0
98.5218 43.9593 0 0
98.4026 43.9825 0 0
98.2858 44.0081 0 0
98.1718 44.0368 0 0
98.0619 44.0699 0 0
97.9567 44.105 0 0
97.8477 44.1216 0 0
97.7392 44.1419 0 0
97.6334 44.166 0 0
97.5249 44.1731 0 0
97.4156 44.1855 0 0
97.3083 44.2074 0 0
97.2046 44.2347 0 0
97.0982 44.246 0 0
96.9921 44.263 0 0
96.8889 44.2859 0 0
96.7835 44.2934 0 0
96.6778 44.3078 0 0
96.5746 44.3288 0 0
96.4695 44.3348 0 0
96.3638 44.3479 0 0
96.2604 44.3677 0 0
96.1554 44.3726 0 0
96.0496 44.3847 0 0
95.946 44.4035 0 0
95.8409 44.4074 0 0
95.7348 44.4183 0 0
95.6308 44.4359 0 0
95.5252 44.4382 0 0
95.4185 44.447 0 0
95.3132 44.4616 0 0
95.2066 44.4603 0 0
95.0982 44.4655 0 0
94.9907 44.4812 0 0
94.8864 44.5028 0 0
94.7802 44.5085 0 0
94.6737 44.5202 0 0
94.5696 44.538 0 0
94.4641 44.5406 0 0
94.3578 44.5501 0 0
94.2537 44.5662 0 0
94.1484 44.5674 0 0
94.0422 44.5756 0 0
93.938 44.5907 0 0
93.8327 44.5908 0 0
93.7262 44.5978 0 0
93.6216 44.6115 0 0
93.516 44.6099 0 0
93.4089 44.6148 0 0
93.3032 44.6255 0 0
93.1968 44.6202 0 0
93.0882 44.6213 0 0
92.9802 44.6329 0 0
92.8752 44.6506 0 0
92.7689 44.6523 0 0
92.662 44.66 0 0
92.5574 44.674 0 0
92.4519 44.6727 0 0
92.3454 44.6781 0 0
92.2409 44.6904 0 0
92.1357 44.6878 0 0
92.0293 44.6921 0 0
91.9248 44.7033 0 0
91.8196 44.6997 0 0
91.7132 44.703 0 0
91.6084 44.7131 0 0
91.5032 44.7082 0 0
91.3966 44.71 0 0
91.2913 44.7183 0 0
91.1859 44.7111 0 0
91.0787 44.71 0 0
90.9723 44.7145 0 0
90.8662 44.7028 0 0
90.7576 44.6969 0 0
90.6489 44.7011 0 0
90.5427 44.7113 0 0
90.4363 44.7052 0 0
90.329 44.7047 0 0
90.2235 44.7103 0 0
90.1183 44.7003 0 0
90.0115 44.6968 0 0
89.9062 44.7 0 0
89.8015 44.6882 0 0
89.695 44.6831 0 0
89.5896 44.685 0 0
89.4851 44.6719 0 0
89.3786 44.6655 0 0
89.273 44.6659 0 0
89.1685 44.6511 0 0
89.0616 44.6424 0 0
88.9553 44.6397 0 0
88.8504 44.6211 0 0
88.7426 44.6085 0 0
88.634 44.6064 0 0
88.5275 44.6106 0 0
88.4218 44.599 0 0
88.3149 44.5932 0 0
88.2093 44.5939 0 0
88.1049 44.5793 0 0
87.9985 44.5714 0 0
87.8933 44.5704 0 0
87.7893 44.5546 0 0
87.6832 44.5455 0 0
87.5781 44.5436 0 0
87.4743 44.5268 0 0
87.3683 44.5168 0 0
87.2631 44.5138 0 0
87.1594 44.496 0 0
87.0534 44.4848 0 0
86.9479 44.4806 0 0
86.8442 44.4611 0 0
86.7379 44.4477 0 0
86.6318 44.4403 0 0
86.5278 44.4171 0 0
86.4206 44.3999 0 0
86.3122 44.3931 0 0
86.2056 44.3927 0 0
86.1005 44.3765 0 0
85.9938 44.3659 0 0
85.8883 44.362 0 0
85.7844 44.3428 0 0
85.6785 44.3301 0 0
85.5733 44.3245 0 0
85.4699 44.304 0 0
85.3642 44.2901 0 0
85.2591 44.2833 0 0
85.156 44.2616 0 0
85.0504 44.2465 0 0
84.945 44.2381 0 0
84.842 44.2146 0 0
84.7362 44.1971 0 0
84.6302 44.1854 0 0
84.527 44.158 0 0
84.4202 44.1362 0 0
84.3116 44.1244 0 0
84.2043 44.1187 0 0
84.0994 44.0968 0 0
83.9922 44.08 0 0
83.8853 44.0688 0 0
83.7813 44.0414 0 0
83.6741 44.0186 0 0
83.566 44 0 0
83.4621 43.9635 0 0
83.3533 43.9293 0 0
83.2405 43.9 0 0
83.1253 43.8742 0 0
83.0084 43.851 0 0
82.8906 43.8301 0 0
82.7717 43.8126 0 0
82.6516 43.8075 0 0
82.5461 43.8517 0 0
82.4783 43.9419 0 0
82.4229 44.0352 0 0
82.3658 44.1236 0 0
82.2998 44.2026 0 0
82.2222 44.2681 0 0
82.1335 44.3159 0 0
82.0371 44.3444 0 0
81.9369 44.3532 0 0
81.8369 44.3421 0 0
81.7415 44.3106 0 0
81.655 44.2586 0 0
81.5811 44.1884 0 0
81.52 44.1047 0 0
81.4678 44.0119 0 0
81.4163 43.9142 0 0
81.3482 43.821 0 0
81.2298 43.7965 0 0
81.1069 43.8109 0 0
80.9866 43.8325 0 0
80.8678 43.8558 0 0
80.7505 43.8802 0 0
80.6351 43.9066 0 0
80.5222 43.9362 0 0
80.4135 43.9704 0 0
80.3097 44.0067 0 0
80.2018 44.0251 0 0
80.0951 44.0477 0 0
79.9918 44.0751 0 0
79.8856 44.0865 0 0
79.7796 44.1041 0 0
79.6765 44.1278 0 0
79.571 44.1361 0 0
79.465 44.1512 0 0
79.3615 44.1726 0 0
79.2559 44.1786 0 0
79.1493 44.1911 0 0
79.0445 44.2092 0 0
78.938 44.2114 0 0
78.8297 44.22 0 0
78.7228 44.2391 0 0
78.6193 44.264 0 0
78.5134 44.2731 0 0
78.4074 44.2881 0 0
78.304 44.3093 0 0
78.1987 44.3152 0 0
78.0929 44.328 0 0
77.9895 44.3475 0 0
77.8844 44.3521 0 0
77.7786 44.3638 0 0
77.6751 44.3823 0 0
77.57 44.3859 0 0
77.4642 44.3967 0 0
77.3604 44.4143 0 0
77.2553 44.417 0 0
77.1491 44.4267 0 0
77.0449 44.443 0 0
76.9394 44.4441 0 0
76.8325 44.4516 0 0
76.727 44.465 0 0
76.6206 44.4625 0 0
76.5121 44.4664 0 0
76.4044 44.4808 0 0
76.2999 44.5012 0 0
76.1937 44.5057 0 0
76.087 44.5162 0 0
75.9827 44.5328 0 0
75.8772 44.5342 0 0
75.7708 44.5424 0 0
75.6666 44.5574 0 0
75.5612 44.5574 0 0
75.4549 44.5644 0 0
75.3505 44.5783 0 0
75.2451 44.5771 0 0
75.1386 44.583 0 0
75.0337 44.5954 0 0
74.9281 44.5926 0 0
74.8209 44.5962 0 0
74.7149 44.6056 0 0
74.6084 44.599 0 0
74.4997 44.5985 0 0
74.3913 44.6084 0 0
74.2857 44.6241 0 0
74.1792 44.6236 0 0
74.0719 44.6288 0 0
73.9667 44.6399 0 0
73.8611 44.6354 0 0
73.7542 44.6373 0 0
73.649 44.6457 0 0
73.5438 44.6388 0 0
73.437 44.6384 0 0
73.3318 44.6447 0 0
73.2267 44.6358 0 0
73.12 44.6335 0 0
73.0147 44.6379 0 0
72.9097 44.6271 0 0
72.803 44.6231 0 0
72.6973 44.6257 0 0
72.5924 44.613 0 0
72.4852 44.6066 0 0
72.3788 44.606 0 0
72.2733 44.5896 0 0
72.1651 44.5793 0 0
72.0563 44.5794 0 0
71.9498 44.5858 0 0
71.8437 44.5763 0 0
71.7365 44.5728 0 0
71.6309 44.5758 0 0
71.526 44.5634 0 0
71.4194 44.5577 0 0
71.3141 44.5589 0 0
71.2096 44.5452 0 0
71.1031 44.5383 0 0
70.9977 44.5383 0 0
70.8934 44.5234 0 0
70.7869 44.5152 0 0
70.6813 44.5138 0 0
70.5769 44.4972 0 0
70.4702 44.4868 0 0
70.3637 44.4824 0 0
70.2589 44.4622 0 0
70.1509 44.448 0 0
70.0422 44.4442 0 0
69.9354 44.4467 0 0
69.8297 44.4335 0 0
69.7226 44.4261 0 0
69.6169 44.4253 0 0
69.5125 44.4092 0 0
69.4061 44.3997 0 0
69.3007 44.3973 0 0
69.1967 44.38 0 0
69.0905 44.3694 0 0
68.9852 44.3659 0 0
68.8814 44.3477 0 0
68.7753 44.3362 0 0
68.6699 44.3317 0 0
68.5662 44.3125 0 0
68.4601 44.2998 0 0
68.3545 44.2941 0 0
68.2508 44.2732 0 0
68.1445 44.2584 0 0
68.0382 44.2496 0 0
67.9341 44.2252 0 0
67.8268 44.2065 0 0
67.7181 44.1983 0 0
67.6112 44.1964 0 0
67.506 44.1788 0 0
67.3991 44.1668 0 0
67.2932 44.1614 0 0
67.1893 44.1408 0 0
67.0831 44.1266 0 0
66.9775 44.1193 0 0
66.874 44.0971 0 0
66.7679 44.0813 0 0
66.6622 44.0724 0 0
66.5589 44.0483 0 0
66.4526 44.0303 0 0
66.3459 44.0186 0 0
66.2422 43.991 0 0
66.1349 43.9682 0 0
66.0264 43.9497 0 0
65.9218 43.9134 0 0
65.8122 43.8792 0 0
65.6983 43.8497 0 0
65.5814 43.8233 0 0
65.462 43.7993 0 0
65.3396 43.783 0 0
65.2203 43.8056 0 0
65.1489 43.8966 0 0
65.0927 43.9923 0 0
65.0354 44.0825 0 0
64.9695 44.1633 0 0
64.8921 44.2306 0 0
64.8039 44.2808 0 0
64.7078 44.3122 0 0
64.6075 44.3247 0 0
64.5066 44.3182 0 0
64.4089 44.2917 0 0
64.3185 44.2455 0 0
64.2386 44.1811 0 0
64.1701 44.1024 0 0
64.1105 44.0136 0 0
64.0526 43.9188 0 0
63.9802 43.8281 0 0
63.8613 43.8047 0 0
63.7386 43.8196 0 0
63.6188 43.8414 0 0
63.5009 43.8649 0 0
63.3849 43.8902 0 0
63.2715 43.9185 0 0
63.1623 43.9514 0 0
63.0579 43.9864 0 0
62.9495 44.0031 0 0
62.842 44.0237 0 0
62.7377 44.0491 0 0
62.6307 44.0579 0 0
62.5233 44.0723 0 0
62.4181 44.0917 0 0
62.3109 44.0948 0 0
62.2022 44.104 0 0
62.0952 44.1233 0 0
61.9915 44.1482 0 0
61.8855 44.1572 0 0
61.7793 44.172 0 0
61.6759 44.1928 0 0
61.5705 44.1983 0 0
61.4646 44.2107 0 0
61.361 44.2296 0 0
61.2559 44.2336 0 0
61.1499 44.2446 0 0
61.0462 44.2624 0 0
60.941 44.2651 0 0
60.8348 44.2748 0 0
60.7306 44.2912 0 0
60.6251 44.2922 0 0
60.5182 44.2997 0 0
60.4128 44.3129 0 0
60.3063 44.3102 0 0
60.1978 44.3139 0 0
60.0902 44.3281 0 0
59.9856 44.3482 0 0
59.8794 44.3525 0 0
59.7728 44.3627 0 0
59.6686 44.3791 0 0
59.5631 44.3802 0 0
59.4568 44.3881 0 0
59.3526 44.4028 0 0
59.2473 44.4025 0 0
59.1411 44.4093 0 0
59.0368 44.4229 0 0
58.9316 44.4216 0 0
58.8253 44.4273 0 0
58.7208 44.4398 0 0
58.6156 44.4374 0 0
58.509 44.4419 0 0
58.404 44.4531 0 0
58.2985 44.4489 0 0
58.1914 44.4511 0 0
58.0852 44.4592 0 0
57.9788 44.4513 0 0
57.87 44.4495 0 0
57.7614 44.4581 0 0
57.6556 44.4725 0 0
57.549 44.4708 0 0
57.4416 44.4748 0 0
57.3362 44.4847 0 0
57.2305 44.4789 0 0
57.1235 44.4795 0 0
57.0181 44.4866 0 0
56.9128 44.4783 0 0
56.8059 44.4765 0 0
56.7003 44.4813 0 0
56.5952 44.4708 0 0
56.4883 44.4667 0 0
56.3824 44.4691 0 0
56.2773 44.4561 0 0
56.1701 44.4491 0 0
56.0635 44.4479 0 0
55.958 44.4309 0 0
55.8497 44.4197 0 0
55.7408 44.419 0 0
55.6341 44.4246 0 0
55.528 44.4143 0 0
55.4207 44.4099 0 0
55.315 44.4119 0 0
55.2101 44.3986 0 0
55.1035 44.392 0 0
54.998 44.3923 0 0
54.8935 44.3777 0 0
54.7871 44.3699 0 0
54.6817 44.3691 0 0
54.5774 44.3535 0 0
54.471 44.3447 0 0
54.3656 44.3429 0 0
54.2614 44.3262 0 0
54.1549 44.3161 0 0
54.0492 44.3129 0 0
53.9449 44.2945 0 0
53.8382 44.2823 0 0
53.7316 44.276 0 0
53.627 44.254 0 0
53.5191 44.2379 0 0
53.4103 44.2321 0 0
53.3033 44.2327 0 0
53.1976 44.2174 0 0
53.0905 44.208 0 0
52.9846 44.2051 0 0
52.8803 44.187 0 0
52.7738 44.1755 0 0
52.6682 44.1709 0 0
52.5644 44.1514 0 0
52.4582 44.1386 0 0
52.3526 44.1327 0 0
52.249 44.112 0 0
52.1428 44.0979 0 0
52.0371 44.0906 0 0
51.9335 44.0682 0 0
51.8271 44.0518 0 0
51.7207 44.0414 0 0
51.6168 44.0154 0 0
51.5095 43.9951 0 0
51.4008 43.9851 0 0
51.2937 43.9814 0 0
51.1885 43.9621 0 0
51.0817 43.9486 0 0
50.9759 43.9415 0 0
50.8721 43.9195 0 0
50.7662 43.904 0 0
50.6608 43.8955 0 0
50.5577 43.8723 0 0
50.4521 43.8556 0 0
50.3468 43.8459 0 0
50.244 43.8216 0 0
50.1384 43.8037 0 0
50.0332 43.7929 0 0
49.9305 43.7673 0 0
49.8249 43.7481 0 0
49.7193 43.7357 0 0
49.6164 43.7083 0 0
49.5105 43.6866 0 0
49.4041 43.6708 0 0
49.301 43.6392 0 0
49.194 43.6127 0 0
49.0847 43.5955 0 0
48.976 43.5836 0 0
48.8706 43.5549 0 0
48.7624 43.5301 0 0
48.6535 43.5087 0 0
48.5491 43.4694 0 0
48.4398 43.432 0 0
48.3262 43.3989 0 0
48.2097 43.3687 0 0
48.0908 43.3409 0 0
47.9686 43.3209 0 0
47.849 43.3405 0 0
47.778 43.4312 0 0
47.7241 43.5276 0 0
47.6709 43.6199 0 0
47.6099 43.7039 0 0
47.5374 43.7758 0 0
47.4529 43.8311 0 0
47.3591 43.8676 0 0
47.2599 43.8849 0 0
47.1593 43.8822 0 0
47.0613 43.8585 0 0
46.9707 43.8137 0 0
46.891 43.7498 0 0
46.8231 43.6712 0 0
46.7639 43.5825 0 0
46.7058 43.4883 0 0
46.6326 43.3986 0 0
46.5141 43.3775 0 0
46.393 43.3952 0 0
46.2749 43.42 0 0
46.1589 43.4464 0 0
46.0449 43.4748 0 0
45.9337 43.5063 0 0
45.8269 43.5425 0 0
45.725 43.5807 0 0
45.6185 43.6005 0 0
45.5131 43.6244 0 0
45.4112 43.653 0 0
45.3063 43.6651 0 0
45.2017 43.6833 0 0
45.1 43.7076 0 0
44.9958 43.7165 0 0
44.8914 43.7322 0 0
44.7896 43.7546 0 0
44.6857 43.7617 0 0
44.5812 43.7758 0 0
44.4791 43.7967 0 0
44.3751 43.8023 0 0
44.2703 43.815 0 0
44.1677 43.8343 0 0
44.0633 43.8381 0 0
43.9577 43.8483 0 0
43.8538 43.8644 0 0
43.7483 43.8641 0 0
43.641 43.8704 0 0
43.5349 43.8873 0 0
43.432 43.9102 0 0
43.3269 43.9168 0 0
43.2216 43.9295 0 0
43.1188 43.9483 0 0
43.0143 43.9515 0 0
42.9092 43.9616 0 0
42.8063 43.9785 0 0
42.702 43.9802 0 0
42.5968 43.9889 0 0
42.4937 44.0044 0 0
42.3894 44.0047 0 0
42.284 44.0121 0 0
42.1803 44.0261 0 0
42.0757 44.0245 0 0
41.9696 44.0294 0 0
41.8648 44.0402 0 0
41.7594 44.0347 0 0
41.6517 44.0355 0 0
41.5447 44.047 0 0
41.4405 44.0646 0 0
41.3351 44.0659 0 0
41.2291 44.0732 0 0
41.1252 44.0867 0 0
41.0205 44.0846 0 0
40.9148 44.0894 0 0
40.811 44.1009 0 0
40.7066 44.0972 0 0
40.6009 44.1002 0 0
40.4969 44.11 0 0
40.3925 44.1044 0 0
40.2867 44.1055 0 0
40.1824 44.1132 0 0
40.078 44.1054 0 0
39.972 44.1041 0 0
39.8672 44.1093 0 0
39.7627 44.0985 0 0
39.6562 44.0938 0 0
39.5505 44.0947 0 0
39.4457 44.079 0 0
39.3382 44.0693 0 0
39.2302 44.0698 0 0
39.1246 44.0766 0 0
39.0193 44.0671 0 0
38.9128 44.0634 0 0
38.8079 44.0661 0 0
38.7038 44.0533 0 0
38.598 44.0472 0 0
38.4933 44.048 0 0
38.3896 44.0337 0 0
38.284 44.0262 0 0
38.1793 44.0257 0 0
38.0758 44.01 0 0
37.9701 44.0011 0 0
37.8651 43.9991 0 0
37.7616 43.9816 0 0
37.6556 43.9703 0 0
37.5499 43.9649 0 0
37.4461 43.9435 0 0
37.3392 43.928 0 0
37.2313 43.923 0 0
37.1253 43.9245 0 0
37.0206 43.9098 0 0
36.9143 43.9009 0 0
36.8093 43.8986 0 0
36.7058 43.8808 0 0
36.6003 43.8697 0 0
36.4956 43.8655 0 0
36.3926 43.8464 0 0
36.2873 43.834 0 0
36.1828 43.8287 0 0
36.08 43.8085 0 0
35.9749 43.795 0 0
35.8703 43.7887 0 0
35.7676 43.7673 0 0
35.6625 43.7525 0 0
35.5577 43.7447 0 0
35.4551 43.7215 0 0
35.3497 43.7043 0 0
35.2444 43.693 0 0
35.1418 43.6659 0 0
35.0357 43.6446 0 0
34.9281 43.6338 0 0
34.822 43.6294 0 0
34.718 43.6092 0 0
34.6121 43.5945 0 0
34.5072 43.5864 0 0
34.4045 43.5631 0 0
34.2995 43.5462 0 0
34.195 43.5363 0 0
34.0929 43.5115 0 0
33.9881 43.4933 0 0
33.8837 43.4821 0 0
33.7819 43.4561 0 0
33.6772 43.4365 0 0
33.5726 43.4238 0 0
33.471 43.3959 0 0
33.3663 43.3739 0 0
33.2613 43.3578 0 0
33.1598 43.326 0 0
33.0546 43.2998 0 0
32.9472 43.2838 0 0
32.8411 43.2744 0 0
32.7378 43.2491 0 0
32.6324 43.2292 0 0
32.5275 43.2159 0 0
32.4257 43.1872 0 0
32.3211 43.1647 0 0
32.2164 43.1489 0 0
32.1152 43.118 0 0
32.0107 43.0929 0 0
31.9055 43.0738 0 0
31.8044 43.039 0 0
31.6995 43.0088 0 0
31.5932 42.9826 0 0
31.4922 42.9389 0 0
31.3861 42.897 0 0
31.2755 42.8596 0 0
31.1618 42.8255 0 0
31.046 42.7934 0 0
30.928 42.7638 0 0
30.8068 42.7422 0 0
30.6883 42.762 0 0
30.6226 42.8556 0 0
30.5786 42.956 0 0
30.5397 43.0543 0 0
30.4971 43.1481 0 0
30.4438 43.2339 0 0
30.3758 43.3072 0 0
30.2929 43.3625 0 0
30.1988 43.3951 0 0
30.0995 43.4014 0 0
30.0021 43.3809 0 0
29.9131 43.3355 0 0
29.8364 43.2698 0 0
29.7711 43.1905 0 0
29.712 43.103 0 0
29.6501 43.0125 0 0
29.5697 42.9305 0 0
29.4522 42.9252 0 0
29.3383 42.9606 0 0
29.2292 43.0035 0 0
29.1232 43.0488 0 0
29.0208 43.0969 0 0
28.9234 43.1492 0 0
28.8311 43.2023 0 0
28.731 43.2367 0 0
28.6325 43.2744 0 0
28.538 43.3161 0 0
28.4378 43.3405 0 0
28.3387 43.3709 0 0
28.2431 43.4068 0 0
28.1428 43.4265 0 0
28.0431 43.4528 0 0
27.9462 43.4849 0 0
27.8453 43.5006 0 0
27.7442 43.5226 0 0
27.6451 43.5499 0 0
27.5427 43.5603 0 0
27.4391 43.5773 0 0
27.3381 43.6055 0 0
27.241 43.6394 0 0
27.1397 43.6565 0 0
27.0389 43.6793 0 0
26.9411 43.7079 0 0
26.84 43.7202 0 0
26.7391 43.7393 0 0
26.6409 43.7648 0 0
26.5398 43.7744 0 0
26.4385 43.791 0 0
26.3397 43.8143 0 0
26.2385 43.8216 0 0
26.1367 43.8358 0 0
26.0369 43.8566 0 0
25.9351 43.8609 0 0
25.8322 43.8716 0 0
25.7308 43.8879 0 0
25.6278 43.8872 0 0
25.523 43.8931 0 0
25.4194 43.9104 0 0
25.3191 43.9337 0 0
25.2165 43.9401 0 0
25.1137 43.9522 0 0
25.0134 43.9705 0 0
24.9115 43.9722 0 0
24.8089 43.9808 0 0
24.7085 43.9961 0 0
24.607 43.9953 0 0
24.5044 44.0016 0 0
24.4037 44.0148 0 0
24.3022 44.0119 0 0
24.1995 44.0161 0 0
24.0985 44.0272 0 0
23.997 44.0222 0 0
23.894 44.024 0 0
23.7923 44.0324 0 0
23.6905 44.0243 0 0
23.5868 44.0224 0 0
23.4839 44.0263 0 0
23.3816 44.0131 0 0
23.2766 44.0063 0 0
23.1715 44.0108 0 0
23.0689 44.0217 0 0
22.9661 44.0156 0 0
22.8623 44.0152 0 0
22.7603 44.0211 0 0
22.6587 44.0105 0 0
22.5556 44.0066 0 0
22.4538 44.0096 0 0
22.3528 43.9966 0 0
22.2499 43.9904 0 0
22.148 43.9912 0 0
22.0473 43.976 0 0
21.9444 43.9676 0 0
21.8423 43.966 0 0
21.7417 43.9481 0 0
21.6386 43.9363 0 0
21.5357 43.9302 0 0
21.435 43.9072 0 0
21.3311 43.8903 0 0
21.226 43.8845 0 0
21.1227 43.8854 0 0
21.0209 43.8693 0 0
20.9176 43.8587 0 0
20.8155 43.8547 0 0
20.7153 43.8344 0 0
20.6129 43.8206 0 0
20.5111 43.814 0 0
20.4116 43.7915 0 0
20.3097 43.7757 0 0
20.2081 43.7671 0 0
20.1091 43.7428 0 0
20.0074 43.7251 0 0
19.906 43.7145 0 0
19.8073 43.6883 0 0
19.7058 43.6685 0 0
19.6043 43.6557 0 0
19.506 43.6269 0 0
19.4047 43.6038 0 0
19.3029 43.5866 0 0
19.205 43.5528 0 0
19.1033 43.5247 0 0
18.9992 43.5075 0 0
18.8962 43.4971 0 0
18.7965 43.47 0 0
18.6947 43.4483 0 0
18.5933 43.4331 0 0
18.4957 43.4021 0 0
18.3951 43.3773 0 0
18.2943 43.3597 0 0
18.1976 43.3266 0 0
18.0976 43.2998 0 0
17.9972 43.28 0 0
17.9011 43.245 0 0
17.8016 43.2161 0 0
17.7013 43.1941 0 0
17.6059 43.1565 0 0
17.5068 43.1244 0 0
17.4067 43.098 0 0
17.312 43.0556 0 0
17.2131 43.0184 0 0
17.1107 42.9918 0 0
17.0089 42.972 0 0
16.9118 42.936 0 0
16.8122 42.9052 0 0
16.7124 42.8809 0 0
16.6176 42.8412 0 0
16.5194 42.8075 0 0
16.4205 42.7808 0 0
16.3268 42.739 0 0
16.2294 42.7033 0 0
16.1309 42.6745 0 0
16.0381 42.6308 0 0
15.9413 42.5929 0 0
15.8431 42.5617 0 0
15.7511 42.5155 0 0
15.6548 42.4745 0 0
15.5568 42.4395 0 0
15.4658 42.3886 0 0
15.3703 42.3415 0 0
15.273 42.2981 0 0
15.1846 42.2375 0 0
15.091 42.178 0 0
14.992 42.1228 0 0
14.8891 42.0715 0 0
14.7833 42.0234 0 0
14.675 41.9784 0 0
14.5637 41.9376 0 0
14.4478 41.9081 0 0
14.3335 41.9272 0 0
14.2856 42.0298 0 0
14.2738 42.138 0 0
14.2818 42.2429 0 0
14.3019 42.3433 0 0
14.3242 42.4415 0 0
14.3327 42.5403 0 0
14.3076 42.6353 0 0
14.239 42.7044 0 0
14.1432 42.7215 0 0
14.0522 42.6852 0 0
13.9813 42.6161 0 0
13.9241 42.5334 0 0
13.8672 42.4484 0 0
13.8001 42.3677 0 0
13.7171 42.297 0 0
13.6123 42.2512 0 0
13.513 42.2958 0 0
13.4459 42.3808 0 0
13.3953 42.4736 0 0
13.3561 42.569 0 0
13.3283 42.6657 0 0
13.3049 42.7604 0 0
13.2576 42.8444 0 0
13.212 42.9293 0 0
13.1686 43.0139 0 0
13.1043 43.0845 0 0
13.0431 43.1594 0 0
12.9933 43.242 0 0
12.9495 43.3261 0 0
12.8862 43.3961 0 0
12.8254 43.469 0 0
12.7687 43.5436 0 0
12.6953 43.6018 0 0
12.6249 43.6647 0 0
12.5594 43.7311 0 0
12.4801 43.7803 0 0
12.4035 43.8349 0 0
12.3315 43.8938 0 0
12.2478 43.9345 0 0
12.1664 43.9811 0 0
12.0893 44.0328 0 0
12.0025 44.0657 0 0
11.9176 44.1051 0 0
11.8366 44.15 0 0
11.7473 44.1752 0 0
11.659 44.206 0 0
11.5734 44.2417 0 0
11.4815 44.2578 0 0
11.3901 44.2826 0 0
11.3049 44.3236 0 0
11.2252 44.3716 0 0
11.1375 44.4012 0 0
11.0512 44.4365 0 0
10.9684 44.4771 0 0
10.8787 44.4984 0 0
10.7902 44.527 0 0
10.7053 44.5624 0 0
10.6147 44.5792 0 0
10.5252 44.6035 0 0
10.4387 44.635 0 0
10.3477 44.6478 0 0
10.2572 44.6683 0 0
10.1694 44.6959 0 0
10.0777 44.7039 0 0
9.98594 44.7185 0 0
9.89611 44.7391 0 0
9.8034 44.7408 0 0
9.70996 44.7523 0 0
9.62046 44.7814 0 0
9.53581 44.8191 0 0
9.44577 44.8385 0 0
9.35659 44.8644 0 0
9.27043 44.8963 0 0
9.17948 44.9092 0 0
9.08917 44.9298 0 0
9.00185 44.9579 0 0
8.91063 44.9678 0 0
8.8198 44.9857 0 0
8.73168 45.0112 0 0
8.64022 45.0182 0 0
8.54889 45.0333 0 0
8.46003 45.0561 0 0
8.36839 45.0605 0 0
8.27663 45.073 0 0
8.18702 45.0931 0 0
8.09515 45.0938 0 0
8.00263 45.1014 0 0
7.9116 45.1153 0 0
7.81908 45.1105 0 0
7.72514 45.1157 0 0
7.63394 45.1388 0 0
7.54705 45.171 0 0
7.456 45.1849 0 0
7.36542 45.2053 0 0
7.27749 45.2321 0 0
7.18593 45.2396 0 0
7.09457 45.2551 0 0
7.00575 45.2783 0 0
6.91407 45.2831 0 0
6.82233 45.296 0 0
6.73289 45.3168 0 0
6.64111 45.3191 0 0
6.54901 45.3295 0 0
6.4589 45.3475 0 0
6.36697 45.3462 0 0
6.27422 45.3517 0 0
6.18283 45.3636 0 0
6.09037 45.3568 0 0
5.99626 45.3599 0 0
5.90449 45.381 0 0
5.81682 45.4111 0 0
5.72541 45.423 0 0
5.63432 45.4414 0 0
5.54577 45.4662 0 0
5.45401 45.4719 0 0
5.36228 45.4854 0 0
5.27295 45.5068 0 0
5.18115 45.5098 0 0
5.08912 45.5209 0 0
4.99923 45.5398 0 0
4.90737 45.5403 0 0
4.81504 45.5488 0 0
4.7246 45.5652 0 0
4.63272 45.5631 0 0
4.5401 45.569 0 0
4.44907 45.5827 0 0
4.35716 45.5768 0 0
4.26409 45.5777 0 0
4.17201 45.585 0 0
4.07984 45.5733 0 0
3.98548 45.5712 0 0
3.89236 45.5868 0 0
3.80268 45.6115 0 0
3.71038 45.6172 0 0
3.61791 45.6293 0 0
3.52741 45.6476 0 0
3.43512 45.6463 0 0
3.34217 45.6524 0 0
3.25087 45.6662 0 0
3.1587 45.6608 0 0
3.06547 45.663 0 0
2.97349 45.6727 0 0
2.88153 45.6629 0 0
2.78811 45.6606 0 0
2.69547 45.6654 0 0
2.60401 45.6498 0 0
2.51064 45.6401 0 0
2.41745 45.636 0 0
2.32694 45.6115 0 0
2.23305 45.5946 0 0
2.13749 45.5939 0 0
2.04346 45.6009 0 0
1.95083 45.5864 0 0
1.85662 45.5766 0 0
1.76273 45.5719 0 0
1.6727 45.545 0 0
1.58015 45.5235 0 0
1.48707 45.5076 0 0
1.40061 45.4697 0 0
1.31106 45.4358 0 0
1.22037 45.4062 0 0
1.14025 45.3539 0 0
1.05695 45.3033 0 0
0.972237 45.2544 0 0
0.902773 45.1838 0 0
0.829041 45.1125 0 0
0.746254 45.0465 0 0
0.651594 44.9924 0 0
0.541977 44.9847 0 0
0.455079 45.0597 0 0
0.392252 45.1492 0 0
0.345651 45.2435 0 0
0.315287 45.3413 0 0
0.303511 45.4413 0 0
0.308972 45.5411 0 0
0.32707 45.6394 0 2
0.353264 45.736 0 2
0.383235 45.8315 0 2
0.41284 45.9271 0 2
0.437943 46.024 0 2
0.454265 46.1226 0 2
0.457381 46.2225 0 2
0.443011 46.3213 0 2
0.407737 46.4146 0 2
0.350125 46.4959 0 2
0.271947 46.5575 0 2
0.178797 46.5923 0 2
0.0794261 46.5962 0 2
-0.0162989 46.5691 0 2
-0.0999056 46.515 0 2
-0.166076 46.4404 0 2
-0.213041 46.3524 0 2
-0.241898 46.2567 0 2
-0.25554 46.1577 0 2
-0.25771 46.0577 0 2
-0.252414 45.9577 0 2
-0.24365 45.858 0 2
-0.235357 45.7583 0 2
-0.231464 45.6583 0 2
-0.235931 45.5582 0 2
-0.252364 45.4585 0 2
-0.282398 45.3607 0 2
-0.327104 45.2662 0 2
-0.388842 45.1782 0 2
-0.476214 45.1101 0 2
-0.583059 45.1301 0 2
-0.678267 45.1797 0 2
-0.776601 45.221 0 2
-0.874838 45.2623 0 2
-0.978775 45.2862 0 2
-1.08347 45.3153 0 2
-1.18634 45.3484 0 2
-1.29322 45.3646 0 2
-1.40125 45.3848 0 2
-1.50793 45.4078 0 2
-1.61702 45.4129 0 2
-1.72784 45.4207 0 2
-1.838 45.4304 0 2
-1.94839 45.421 0 2
-2.06141 45.4134 0 2
-2.17521 45.4104 0 2
-2.28751 45.4083 0 2
-2.39764 45.3861 0 2
-2.50981 45.3641 0 2
-2.62273 45.3459 0 2
-2.73395 45.3285 0 2
-2.84023 45.2915 0 2
-2.94834 45.2544 0 2
-3.05758 45.2214 0 2
-3.16515 45.1902 0 2
-3.26541 45.1407 0 2
-3.36719 45.0914 0 2
-3.4685 45.0431 0 2
-3.55983 44.9776 0 2
-3.65381 44.9116 0 2
-3.75036 44.8483 0 2
-3.84593 44.7852 0 2
-3.92874 44.7053 0 2
-4.01386 44.6229 0 2
-4.10397 44.5427 0 2
-4.20745 44.4793 0 2
-4.31332 44.5217 0 2
-4.40111 44.5872 0 2
-4.47689 44.6609 0 2
-4.54252 44.7402 0 2
-4.59753 44.8252 0 2
-4.64179 44.9151 0 2
-4.6766 45.0088 0 2
-4.70387 45.105 0 2
-4.72562 45.2026 0 2
-4.74394 45.3009 0 2
-4.76101 45.3995 0 2
-4.779 45.4979 0 2
-4.80006 45.5957 0 2
-4.8263 45.6922 0 2
-4.85975 45.7864 0 2
-4.90225 45.8769 0 2
-4.9553 45.9616 0 2
-5.01986 46.0379 0 2
-5.09603 46.1025 0 2
-5.18279 46.1519 0 2
-5.27776 46.1825 0 2
-5.37709 46.1914 0 2
-5.47574 46.1769 0 2
-5.56795 46.1391 0 2
-5.64808 46.0798 0 2
-5.71147 46.0029 0 2
-5.75504 45.9132 0 2
-5.77764 45.816 0 2
-5.77988 45.7163 0 2
-5.76372 45.6177 0 2
-5.73192 45.5231 0 2
-5.68752 45.4335 0 2
-5.63354 45.3494 0 2
-5.57274 45.27 0 2
-5.50759 45.1942 0 2
-5.44031 45.1202 0 2
-5.37299 45.0463 0 2
-5.30772 44.9705 0 2
-5.24678 44.8913 0 2
-5.19271 44.8073 0 2
-5.14837 44.7178 0 2
-5.11683 44.623 0 2
-5.10067 44.5234 0 2
-5.10065 44.4212 0 2
-5.11612 44.3178 0 2
-5.14891 44.2152 0 2
-5.21012 44.1223 0 2
-5.32199 44.1016 0 2
-5.43583 44.1096 0 2
-5.54633 44.1256 0 2
-5.65749 44.1259 0 2
-5.76898 44.1299 0 2
-5.87806 44.1385 0 2
-5.98674 44.1295 0 2
-6.09553 44.1201 0 2
-6.20173 44.0933 0 2
-6.31134 44.0706 0 2
-6.42141 44.0512 0 2
-6.52728 44.0145 0 2
-6.63654 43.9794 0 2
-6.74781 43.9485 0 2
-6.85794 43.919 0 2
-6.96156 43.8713 0 2
-7.06738 43.8236 0 2
-7.17493 43.7792 0 2
-7.28103 43.7362 0 2
-7.37837 43.676 0 2
-7.47759 43.6154 0 2
-7.57861 43.5587 0 2
-7.67845 43.5043 0 2
-7.76776 43.4341 0 2
-7.85877 43.3642 0 2
-7.94959 43.2957 0 2
-8.02784 43.213 0 2
-8.10875 43.1294 0 2
-8.19277 43.048 0 2
-8.27593 42.9674 0 2
-8.34407 42.8733 0 2
-8.41358 42.7768 0 2
-8.48544 42.6802 0 2
-8.55878 42.5844 0 2
-8.63588 42.4924 0 2
-8.72788 42.4191 0 2
-8.83939 42.432 0 2
-8.94085 42.4699 0 2
-9.0344 42.5173 0 2
-9.12158 42.5712 0 2
-9.20308 42.6309 0 2
-9.27942 42.6956 0 2
-9.3517 42.7646 0 2
-9.42077 42.8369 0 2
-9.48756 42.9113 0 2
-9.5531 42.9868 0 2
-9.61851 43.0624 0 2
-9.68495 43.1372 0 2
-9.75354 43.21 0 2
-9.82536 43.2796 0 2
-9.90134 43.3446 0 2
-9.98221 43.4034 0 2
-10.0684 43.4541 0 2
-10.1598 43.4946 0 2
-10.2558 43.5224 0 2
-10.3549 43.5352 0 2
-10.4546 43.5307 0 2
-10.5516 43.5073 0 2
-10.6416 43.4643 0 2
-10.7198 43.4023 0 2
-10.7812 43.3238 0 2
-10.8218 43.2328 0 2
-10.8392 43.1347 0 2
-10.8328 43.0352 0 2
-10.8038 42.9398 0 2
-10.7553 42.8527 0 2
-10.6911 42.7764 0 2
-10.615 42.7117 0 2
-10.5307 42.6581 0 2
-10.4412 42.6139 0 2
-10.3485 42.5766 0 2
-10.2543 42.5432 0 2
-10.1599 42.5105 0 2
-10.0664 42.4753 0 2
-9.9753 42.4343 0 2
-9.88876 42.3845 0 2
-9.80971 42.3237 0 2
-9.74176 42.2504 0 2
-9.68813 42.165 0 2
-9.6502 42.0701 0 2
-9.62769 41.9681 0 2
-9.62262 41.8607 0 2
-9.64848 41.7527 0 2
-9.74888 41.6959 0 2
-9.86059 41.6646 0 2
-9.97192 41.6416 0 2
-10.0787 41.6043 0 2
-10.1871 41.5701 0 2
-10.2946 41.5408 0 2
-10.3962 41.496 0 2
-10.4978 41.4511 0 2
-10.592 41.3911 0 2
-10.6906 41.3337 0 2
-10.7904 41.2791 0 2
-10.8815 41.2102 0 2
-10.9761 41.1416 0 2
-11.0737 41.0768 0 2
-11.1709 41.0143 0 2
-11.2572 40.9377 0 2
-11.3454 40.8611 0 2
-11.4338 40.7859 0 2
-11.5096 40.6979 0 2
-11.5879 40.6088 0 2
-11.6692 40.5217 0 2
-11.7496 40.4357 0 2
-11.8153 40.3379 0 2
-11.8823 40.2382 0 2
-11.9517 40.1393 0 2
-12.0227 40.0429 0 2
-12.0927 39.9492 0 2
-12.147 39.8459 0 2
-12.2024 39.7424 0 2
-12.258 39.6407 0 2
-12.2973 39.5316 0 2
-12.3385 39.421 0 2
-12.3835 39.3119 0 2
-12.4286 39.2051 0 2
-12.4576 39.0927 0 2
-12.4923 38.9803 0 2
-12.5502 38.879 0 2
-12.6579 38.8499 0 2
-12.7658 38.846 0 2
-12.8706 38.8503 0 2
-12.973 38.857 0 2
-13.0739 38.8633 0 2
-13.1742 38.8685 0 2
-13.2741 38.8725 0 2
-13.3741 38.8756 0 2
-13.4742 38.8778 0 2
-13.5742 38.8792 0 2
-13.6743 38.8795 0 2
-13.7744 38.8786 0 2
-13.8744 38.8761 0 2
-13.9744 38.8714 0 2
-14.0742 38.8638 0 2
-14.1737 38.8526 0 2
-14.2726 38.8367 0 2
-14.3703 38.8151 0 2
-14.4662 38.7866 0 2
-14.5593 38.7497 0 2
-14.6479 38.7033 0 2
-14.7299 38.6461 0 2
-14.8027 38.5776 0 2
-14.8627 38.4977 0 2
-14.9062 38.4079 0 2
-14.9292 38.3108 0 2
-14.9286 38.2111 0 2
-14.9028 38.1149 0 2
-14.8527 38.0289 0 2
-14.7817 37.9591 0 2
-14.6951 37.9099 0 2
-14.5992 37.8828 0 2
-14.4997 37.8769 0 2
-14.4007 37.8893 0 2
-14.3045 37.916 0 2
-14.2116 37.9527 0 2
-14.1212 37.9952 0 2
-14.0314 38.0392 0 2
-13.9405 38.0806 0 2
-13.8466 38.1148 0 2
-13.7493 38.1369 0 2
-13.6498 38.1418 0 2
-13.5513 38.1248 0 2
-13.4588 38.0846 0 2
-13.3758 38.0245 0 2
-13.3037 37.9481 0 2
-13.2452 37.8569 0 2
-13.2157 37.7488 0 2
-13.2955 37.655 0 2
-13.3888 37.5792 0 2
-13.4738 37.4953 0 2
-13.5596 37.4122 0 2
-13.6451 37.3321 0 2
-13.7189 37.2416 0 2
-13.7953 37.1526 0 2
-13.8733 37.0679 0 2
-13.9388 36.9735 0 2
-14.0041 36.879 0 2
-14.0559 36.7759 0 2
-14.1122 36.6725 0 2
-14.1703 36.5704 0 2
-14.2141 36.461 0 2
-14.2607 36.35 0 2
-14.3107 36.2401 0 2
-14.3612 36.1325 0 2
-14.3959 36.0189 0 2
-14.4319 35.9044 0 2
-14.4685 35.7911 0 2
-14.4886 35.6737 0 2
-14.5105 35.5545 0 2
-14.5356 35.4358 0 2
-14.5616 35.3193 0 2
-14.5706 35.2004 0 2
-14.5807 35.0804 0 2
-14.5915 34.9614 0 2
-14.5851 34.842 0 2
-14.5795 34.7199 0 2
-14.5766 34.5974 0 2
-14.5737 34.4762 0 2
-14.5529 34.3566 0 2
-14.5313 34.2346 0 2
-14.5111 34.1116 0 2
-14.4956 33.9885 0 2
-14.5024 33.8673 0 2
-14.5851 33.7917 0 2
-14.678 33.7358 0 2
-14.77 33.6848 0 2
-14.8582 33.632 0 2
-14.9415 33.5741 0 2
-15.0195 33.5105 0 2
-15.0929 33.4422 0 2
-15.1628 33.3703 0 2
-15.2301 33.2959 0 2
-15.2954 33.2197 0 2
-15.3594 33.1425 0 2
-15.4225 33.0646 0 2
-15.4852 32.9862 0 2
-15.5475 32.9076 0 2
-15.6094 32.8288 0 2
-15.671 32.7496 0 2
-15.7319 32.6699 0 2
-15.7916 32.5893 0 2
-15.8495 32.5075 0 2
-15.9047 32.4238 0 2
-15.9561 32.3377 0 2
-16.0022 32.2488 0 2
-16.0412 32.1565 0 2
-16.0707 32.0608 0 2
-16.088 31.9622 0 2
-16.0902 31.8622 0 2
-16.0741 31.7636 0 2
-16.0375 31.6707 0 2
-15.9796 31.5895 0 2
-15.9023 31.5268 0 2
-15.8103 31.4888 0 2
-15.7113 31.4794 0 2
-15.6137 31.499 0 2
-15.5251 31.5444 0 2
-15.4501 31.6101 0 2
-15.3902 31.69 0 2
-15.3441 31.7786 0 2
-15.3086 31.872 0 2
-15.2792 31.9676 0 2
-15.2514 32.0637 0 2
-15.2198 32.1587 0 2
-15.1797 32.2502 0 2
-15.1265 32.3347 0 2
-15.0571 32.4065 0 2
-14.9716 32.4586 0 2
-14.8745 32.4869 0 2
-14.7718 32.4916 0 2
-14.6677 32.4756 0 2
-14.5653 32.4391 0 2
-14.4759 32.3711 0 2
-14.4817 32.2426 0 2
-14.5077 32.1179 0 2
-14.5363 31.9973 0 2
-14.5489 31.8748 0 2
-14.5615 31.7517 0 2
-14.5742 31.6305 0 2
-14.5702 31.5086 0 2
-14.5669 31.3851 0 2
-14.5668 31.262 0 2
-14.5688 31.1417 0 2
-14.5542 31.0227 0 2
-14.5377 30.9038 0 2
-14.5047 30.788 0 2
-14.4727 30.6686 0 2
-14.4431 30.5477 0 2
-14.4135 30.4279 0 2
-14.3673 30.3133 0 2
-14.3198 30.1965 0 2
-14.2726 30.0786 0 2
-14.2238 29.9621 0 2
-14.1585 29.8539 0 2
-14.0896 29.7435 0 2
-14.0184 29.632 0 2
-13.9439 29.5208 0 2
-13.8657 29.4111 0 2
-13.7838 29.3036 0 2
-13.6984 29.1986 0 2
-13.6096 29.0963 0 2
-13.5179 28.9967 0 2
-13.4251 28.8984 0 2
-13.3432 28.7921 0 2
-13.3635 28.6776 0 2
-13.4012 28.5721 0 2
-13.4377 28.4701 0 2
-13.4671 28.3685 0 2
-13.4873 28.2665 0 2
-13.4983 28.1641 0 2
-13.5013 28.0617 0 2
-13.4988 27.9593 0 2
-13.4919 27.8571 0 2
-13.4809 27.7553 0 2
-13.4651 27.6541 0 2
-13.4429 27.5542 0 2
-13.4113 27.4569 0 2
-13.3662 27.365 0 2
-13.3049 27.2825 0 2
-13.2275 27.2133 0 2
-13.1371 27.159 0 2
-13.037 27.1179 0 2
