  1.00   0.00003979
  2.00   0.00010168
  3.00   0.00016801
  4.00   0.00024283
  5.00   0.00032299
  6.00   0.00040851
  7.00   0.00049792
  8.00   0.00059053
  9.00   0.00068622
 10.00   0.00078374
 11.00   0.00088237
 12.00   0.00098197
 13.00   0.00108211
 14.00   0.00118272
 15.00   0.00128358
 16.00   0.00138431
 17.00   0.00148450
 18.00   0.00158426
 19.00   0.00168383
 20.00   0.00178288
 21.00   0.00188132
 22.00   0.00197923
 23.00   0.00207642
 24.00   0.00217297
 25.00   0.00226877
 26.00   0.00236356
 27.00   0.00245757
 28.00   0.00255063
 29.00   0.00264295
 30.00   0.00273437
 31.00   0.00282497
 32.00   0.00291484
 33.00   0.00300389
 34.00   0.00309221
 35.00   0.00317962
 36.00   0.00326616
 37.00   0.00335177
 38.00   0.00343654
 39.00   0.00352047
 40.00   0.00357860
 41.00   0.00365211
 42.00   0.00372853
 43.00   0.00380678
 44.00   0.00388601
 45.00   0.00396545
 46.00   0.00404478
 47.00   0.00412377
 48.00   0.00420222
 49.00   0.00427997
 50.00   0.00435704
 51.00   0.00443335
 52.00   0.00450896
 53.00   0.00458371
 54.00   0.00465769
 55.00   0.00473100
 56.00   0.00480356
 57.00   0.00487542
 58.00   0.00494650
 59.00   0.00501680
 60.00   0.00508641
 61.00   0.00515534
 62.00   0.00522349
 63.00   0.00529101
 64.00   0.00535785
 65.00   0.00542403
 66.00   0.00548955
 67.00   0.00555434
 68.00   0.00561847
 69.00   0.00568197
 70.00   0.00574482
 71.00   0.00580699
 72.00   0.00586850
 73.00   0.00592936
 74.00   0.00598954
 75.00   0.00604911
 76.00   0.00610815
 77.00   0.00616664
 78.00   0.00622450
 79.00   0.00628172
 80.00   0.00633830
 81.00   0.00639435
 82.00   0.00644990
 83.00   0.00650495
 84.00   0.00655946
 85.00   0.00661340
 86.00   0.00666681
 87.00   0.00671967
 88.00   0.00677194
 89.00   0.00682364
 90.00   0.00687488
 91.00   0.00692569
 92.00   0.00697604
 93.00   0.00702585
 94.00   0.00707523
 95.00   0.00712409
 96.00   0.00717245
 97.00   0.00722042
 98.00   0.00726788
 99.00   0.00731494
100.00   0.00736157
101.00   0.00740777
102.00   0.00745353
103.00   0.00749886
104.00   0.00754376
105.00   0.00758822
106.00   0.00763230
107.00   0.00767598
108.00   0.00771928
109.00   0.00776215
110.00   0.00780466
111.00   0.00784683
112.00   0.00788862
113.00   0.00792998
114.00   0.00797098
115.00   0.00801163
116.00   0.00805192
117.00   0.00809181
118.00   0.00813133
119.00   0.00817050
120.00   0.00820931
121.00   0.00824778
122.00   0.00828589
123.00   0.00832370
124.00   0.00836117
125.00   0.00839830
126.00   0.00843513
127.00   0.00847163
128.00   0.00850780
129.00   0.00854366
130.00   0.00857913
131.00   0.00861436
132.00   0.00864932
133.00   0.00868399
134.00   0.00871833
135.00   0.00875238
136.00   0.00878616
137.00   0.00881963
138.00   0.00885284
139.00   0.00888566
140.00   0.00891822
141.00   0.00895062
142.00   0.00898274
143.00   0.00901461
144.00   0.00904621
145.00   0.00907754
146.00   0.00910862
147.00   0.00913946
148.00   0.00917008
149.00   0.00920048
150.00   0.00923065
151.00   0.00926058
152.00   0.00929025
153.00   0.00931971
154.00   0.00934895
155.00   0.00937794
156.00   0.00940668
157.00   0.00943517
158.00   0.00946347
159.00   0.00946834
160.00   0.00948768
161.00   0.00951011
162.00   0.00953405
163.00   0.00955908
164.00   0.00958476
165.00   0.00961078
166.00   0.00963693
167.00   0.00966318
168.00   0.00968939
169.00   0.00971539
170.00   0.00974132
171.00   0.00976709
172.00   0.00979274
173.00   0.00981829
174.00   0.00984370
175.00   0.00986894
176.00   0.00989398
177.00   0.00991886
178.00   0.00994357
179.00   0.00996808
180.00   0.00999240
181.00   0.01001658
182.00   0.01004061
183.00   0.01006443
184.00   0.01008814
185.00   0.01011167
186.00   0.01013511
187.00   0.01015837
188.00   0.01018147
189.00   0.01020442
190.00   0.01022713
191.00   0.01024969
192.00   0.01027213
193.00   0.01029442
194.00   0.01031655
195.00   0.01033848
196.00   0.01036029
197.00   0.01038201
198.00   0.01040359
199.00   0.01042497
200.00   0.01044623
201.00   0.01046735
202.00   0.01048835
203.00   0.01050923
204.00   0.01052993
205.00   0.01055049
206.00   0.01057091
207.00   0.01059121
208.00   0.01061133
209.00   0.01063137
210.00   0.01065127
211.00   0.01067100
212.00   0.01069062
213.00   0.01071007
214.00   0.01072943
215.00   0.01074865
216.00   0.01076775
217.00   0.01078671
218.00   0.01080554
219.00   0.01082426
220.00   0.01084287
221.00   0.01086136
222.00   0.01087973
223.00   0.01089798
224.00   0.01091606
225.00   0.01093402
226.00   0.01095190
227.00   0.01096967
228.00   0.01098735
229.00   0.01100493
230.00   0.01102242
231.00   0.01103981
232.00   0.01105706
233.00   0.01107421
234.00   0.01109128
235.00   0.01110821
236.00   0.01112512
237.00   0.01114191
238.00   0.01115860
239.00   0.01117521
240.00   0.01119164
241.00   0.01120786
242.00   0.01122421
243.00   0.01124045
244.00   0.01125658
245.00   0.01127256
246.00   0.01128850
247.00   0.01130427
248.00   0.01131998
249.00   0.01133559
250.00   0.01135114
251.00   0.01136660
252.00   0.01138196
253.00   0.01139720
254.00   0.01141228
255.00   0.01142736
256.00   0.01144241
257.00   0.01145738
258.00   0.01147219
259.00   0.01148698
260.00   0.01150170
261.00   0.01151634
262.00   0.01153090
263.00   0.01154538
264.00   0.01155973
265.00   0.01157402
266.00   0.01158823
267.00   0.01160236
268.00   0.01161639
269.00   0.01163032
270.00   0.01164415
271.00   0.01164908
272.00   0.01165929
273.00   0.01167087
274.00   0.01168317
275.00   0.01169583
276.00   0.01170872
277.00   0.01172173
278.00   0.01173478
279.00   0.01174781
280.00   0.01176081
281.00   0.01177375
282.00   0.01178663
283.00   0.01179945
284.00   0.01181223
285.00   0.01182496
286.00   0.01183760
287.00   0.01185017
288.00   0.01186271
289.00   0.01187517
290.00   0.01188760
291.00   0.01189994
292.00   0.01191222
293.00   0.01192444
294.00   0.01193659
295.00   0.01194868
296.00   0.01196073
297.00   0.01197270
298.00   0.01198462
299.00   0.01199645
300.00   0.01200820
301.00   0.01201988
302.00   0.01203149
303.00   0.01204304
304.00   0.01205452
305.00   0.01206590
306.00   0.01207721
307.00   0.01208845
308.00   0.01209961
309.00   0.01211072
310.00   0.01212175
311.00   0.01213271
312.00   0.01214362
313.00   0.01215445
314.00   0.01216522
315.00   0.01217594
316.00   0.01218660
317.00   0.01219719
318.00   0.01220770
319.00   0.01221817
320.00   0.01222859
321.00   0.01223894
322.00   0.01224924
323.00   0.01225946
324.00   0.01226965
325.00   0.01227976
326.00   0.01228982
327.00   0.01229982
328.00   0.01230977
329.00   0.01231966
330.00   0.01232950
331.00   0.01233928
332.00   0.01234899
333.00   0.01235865
334.00   0.01236825
335.00   0.01237780
336.00   0.01238730
337.00   0.01239674
338.00   0.01240613
339.00   0.01241545
340.00   0.01242473
341.00   0.01243394
342.00   0.01244312
343.00   0.01245225
344.00   0.01246132
345.00   0.01247034
346.00   0.01247933
347.00   0.01248826
348.00   0.01249715
349.00   0.01250599
350.00   0.01251478
351.00   0.01252352
352.00   0.01253222
353.00   0.01254085
354.00   0.01254944
355.00   0.01255799
356.00   0.01256648
357.00   0.01257495
358.00   0.01258336
359.00   0.01259172
360.00   0.01260001
361.00   0.01260829
362.00   0.01261650
363.00   0.01262468
364.00   0.01263281
365.00   0.01264086
366.00   0.01264890
367.00   0.01265689
368.00   0.01266485
369.00   0.01267276
370.00   0.01268062
371.00   0.01268844
372.00   0.01269621
373.00   0.01270393
374.00   0.01271161
375.00   0.01271924
376.00   0.01272684
377.00   0.01273439
378.00   0.01274189
379.00   0.01274935
380.00   0.01275678
381.00   0.01276416
382.00   0.01277150
383.00   0.01277880
384.00   0.01278606
385.00   0.01278567
386.00   0.01279021
387.00   0.01279588
388.00   0.01280193
389.00   0.01280816
390.00   0.01281447
391.00   0.01282080
392.00   0.01282715
393.00   0.01283348
394.00   0.01283996
395.00   0.01284626
396.00   0.01285252
397.00   0.01285873
398.00   0.01286492
399.00   0.01287105
400.00   0.01287717
401.00   0.01288326
402.00   0.01288931
403.00   0.01289534
404.00   0.01290134
405.00   0.01290731
406.00   0.01291323
407.00   0.01291912
408.00   0.01292501
409.00   0.01293091
410.00   0.01293674
411.00   0.01294255
412.00   0.01294833
413.00   0.01295390
414.00   0.01295983
415.00   0.01296555
416.00   0.01297123
417.00   0.01297687
418.00   0.01298247
419.00   0.01298797
420.00   0.01299350
421.00   0.01299901
422.00   0.01300451
423.00   0.01300998
424.00   0.01301544
425.00   0.01302087
426.00   0.01302628
427.00   0.01303167
428.00   0.01303703
429.00   0.01304236
430.00   0.01304768
431.00   0.01305296
432.00   0.01305821
433.00   0.01306343
434.00   0.01306863
435.00   0.01307380
436.00   0.01307894
437.00   0.01308406
438.00   0.01308915
439.00   0.01309422
440.00   0.01309924
441.00   0.01310422
442.00   0.01310921
443.00   0.01311419
444.00   0.01311915
445.00   0.01312410
446.00   0.01312903
447.00   0.01313394
448.00   0.01313882
449.00   0.01314363
450.00   0.01314845
451.00   0.01315324
452.00   0.01315797
453.00   0.01316272
454.00   0.01316745
455.00   0.01317217
456.00   0.01317686
457.00   0.01318153
458.00   0.01318618
459.00   0.01319080
460.00   0.01319541
461.00   0.01319998
462.00   0.01320454
463.00   0.01320906
464.00   0.01321356
465.00   0.01321805
466.00   0.01322251
467.00   0.01322694
468.00   0.01323135
469.00   0.01323574
470.00   0.01324010
471.00   0.01324445
472.00   0.01324875
473.00   0.01325305
474.00   0.01325730
475.00   0.01326156
476.00   0.01326581
477.00   0.01327004
478.00   0.01327426
479.00   0.01327845
480.00   0.01328263
481.00   0.01328678
482.00   0.01329092
483.00   0.01329503
484.00   0.01329912
485.00   0.01330320
486.00   0.01330725
487.00   0.01331128
488.00   0.01331529
489.00   0.01331926
490.00   0.01332323
491.00   0.01332718
492.00   0.01333110
493.00   0.01333496
494.00   0.01333886
495.00   0.01334274
496.00   0.01334661
497.00   0.01335045
498.00   0.01335428
499.00   0.01335809
500.00   0.01336187

