  1.00   0.00124019
  2.00   0.00119152
  3.00   0.00110657
  4.00   0.00101350
  5.00   0.00091710
  6.00   0.00081860
  7.00   0.00071850
  8.00   0.00061730
  9.00   0.00051423
 10.00   0.00041054
 11.00   0.00030549
 12.00   0.00019957
 13.00   0.00009292
 14.00   0.00001452
 15.00   0.00012244
 16.00   0.00023091
 17.00   0.00033975
 18.00   0.00044886
 19.00   0.00055831
 20.00   0.00066802
 21.00   0.00077794
 22.00   0.00088792
 23.00   0.00099779
 24.00   0.00110762
 25.00   0.00121761
 26.00   0.00132751
 27.00   0.00143714
 28.00   0.00154655
 29.00   0.00165573
 30.00   0.00176474
 31.00   0.00187332
 32.00   0.00198144
 33.00   0.00208913
 34.00   0.00219652
 35.00   0.00230346
 36.00   0.00241006
 37.00   0.00251624
 38.00   0.00262196
 39.00   0.00272724
 40.00   0.00283246
 41.00   0.00294595
 42.00   0.00305594
 43.00   0.00316385
 44.00   0.00327039
 45.00   0.00337594
 46.00   0.00348088
 47.00   0.00358518
 48.00   0.00368877
 49.00   0.00379182
 50.00   0.00389430
 51.00   0.00399627
 52.00   0.00409780
 53.00   0.00419874
 54.00   0.00429921
 55.00   0.00439927
 56.00   0.00449881
 57.00   0.00459784
 58.00   0.00469628
 59.00   0.00479404
 60.00   0.00489125
 61.00   0.00498800
 62.00   0.00508410
 63.00   0.00517975
 64.00   0.00527479
 65.00   0.00536935
 66.00   0.00546337
 67.00   0.00555685
 68.00   0.00564980
 69.00   0.00574225
 70.00   0.00583415
 71.00   0.00592547
 72.00   0.00601616
 73.00   0.00610631
 74.00   0.00619581
 75.00   0.00628474
 76.00   0.00637318
 77.00   0.00646117
 78.00   0.00654860
 79.00   0.00663540
 80.00   0.00672133
 81.00   0.00680697
 82.00   0.00689226
 83.00   0.00697719
 84.00   0.00706163
 85.00   0.00714553
 86.00   0.00722896
 87.00   0.00731184
 88.00   0.00739421
 89.00   0.00747591
 90.00   0.00755718
 91.00   0.00763808
 92.00   0.00771855
 93.00   0.00779850
 94.00   0.00787802
 95.00   0.00795702
 96.00   0.00803544
 97.00   0.00811346
 98.00   0.00819087
 99.00   0.00826788
100.00   0.00834446
101.00   0.00842057
102.00   0.00849621
103.00   0.00857141
104.00   0.00864607
105.00   0.00872031
106.00   0.00879416
107.00   0.00886753
108.00   0.00894039
109.00   0.00901283
110.00   0.00908485
111.00   0.00915645
112.00   0.00922762
113.00   0.00929831
114.00   0.00936864
115.00   0.00943851
116.00   0.00950789
117.00   0.00957693
118.00   0.00964557
119.00   0.00971381
120.00   0.00978163
121.00   0.00984904
122.00   0.00991601
123.00   0.00998262
124.00   0.01004889
125.00   0.01011474
126.00   0.01018025
127.00   0.01024538
128.00   0.01031012
129.00   0.01037445
130.00   0.01043821
131.00   0.01050167
132.00   0.01056479
133.00   0.01062752
134.00   0.01068984
135.00   0.01075180
136.00   0.01081342
137.00   0.01087469
138.00   0.01093569
139.00   0.01099624
140.00   0.01105622
141.00   0.01111600
142.00   0.01117548
143.00   0.01123465
144.00   0.01129343
145.00   0.01135180
146.00   0.01140988
147.00   0.01146775
148.00   0.01152536
149.00   0.01158261
150.00   0.01163957
151.00   0.01169600
152.00   0.01175221
153.00   0.01180816
154.00   0.01186386
155.00   0.01191923
156.00   0.01197414
157.00   0.01202880
158.00   0.01208322
159.00   0.01213980
160.00   0.01220510
161.00   0.01226603
162.00   0.01232392
163.00   0.01237985
164.00   0.01243436
165.00   0.01248824
166.00   0.01254151
167.00   0.01259445
168.00   0.01264692
169.00   0.01269886
170.00   0.01275054
171.00   0.01280198
172.00   0.01285308
173.00   0.01290405
174.00   0.01295471
175.00   0.01300509
176.00   0.01305523
177.00   0.01310511
178.00   0.01315475
179.00   0.01320408
180.00   0.01325312
181.00   0.01330189
182.00   0.01335047
183.00   0.01339872
184.00   0.01344677
185.00   0.01349459
186.00   0.01354215
187.00   0.01358942
188.00   0.01363645
189.00   0.01368304
190.00   0.01372944
191.00   0.01377563
192.00   0.01382143
193.00   0.01386727
194.00   0.01391285
195.00   0.01395813
196.00   0.01400329
197.00   0.01404810
198.00   0.01409281
199.00   0.01413708
200.00   0.01418131
201.00   0.01422532
202.00   0.01426909
203.00   0.01431260
204.00   0.01435589
205.00   0.01439898
206.00   0.01444174
207.00   0.01448432
208.00   0.01452662
209.00   0.01456884
210.00   0.01461074
211.00   0.01465245
212.00   0.01469404
213.00   0.01473529
214.00   0.01477630
215.00   0.01481713
216.00   0.01485781
217.00   0.01489816
218.00   0.01493854
219.00   0.01497872
220.00   0.01501870
221.00   0.01505829
222.00   0.01509774
223.00   0.01513713
224.00   0.01517621
225.00   0.01521510
226.00   0.01525376
227.00   0.01529226
228.00   0.01533055
229.00   0.01536871
230.00   0.01540673
231.00   0.01544456
232.00   0.01548214
233.00   0.01551957
234.00   0.01555683
235.00   0.01559386
236.00   0.01563061
237.00   0.01566740
238.00   0.01570403
239.00   0.01574045
240.00   0.01577660
241.00   0.01581272
242.00   0.01584882
243.00   0.01588468
244.00   0.01592038
245.00   0.01595599
246.00   0.01599140
247.00   0.01602662
248.00   0.01606177
249.00   0.01609677
250.00   0.01613162
251.00   0.01616627
252.00   0.01620089
253.00   0.01623533
254.00   0.01626964
255.00   0.01630382
256.00   0.01633784
257.00   0.01637167
258.00   0.01640544
259.00   0.01643905
260.00   0.01647246
261.00   0.01650567
262.00   0.01653868
263.00   0.01657152
264.00   0.01660414
265.00   0.01663664
266.00   0.01666894
267.00   0.01670110
268.00   0.01673309
269.00   0.01676486
270.00   0.01679643
271.00   0.01683001
272.00   0.01686802
273.00   0.01690354
274.00   0.01693779
275.00   0.01697061
276.00   0.01700248
277.00   0.01703391
278.00   0.01706506
279.00   0.01709596
280.00   0.01712671
281.00   0.01715724
282.00   0.01718758
283.00   0.01721777
284.00   0.01724782
285.00   0.01727771
286.00   0.01730737
287.00   0.01733690
288.00   0.01736622
289.00   0.01739548
290.00   0.01742465
291.00   0.01745360
292.00   0.01748240
293.00   0.01751110
294.00   0.01753955
295.00   0.01756790
296.00   0.01759603
297.00   0.01762410
298.00   0.01765200
299.00   0.01767977
300.00   0.01770741
301.00   0.01773484
302.00   0.01776218
303.00   0.01778944
304.00   0.01781660
305.00   0.01784364
306.00   0.01787055
307.00   0.01789730
308.00   0.01792391
309.00   0.01795042
310.00   0.01797665
311.00   0.01800289
312.00   0.01802898
313.00   0.01805497
314.00   0.01808080
315.00   0.01810649
316.00   0.01813197
317.00   0.01815740
318.00   0.01818275
319.00   0.01820801
320.00   0.01823312
321.00   0.01825805
322.00   0.01828289
323.00   0.01830758
324.00   0.01833221
325.00   0.01835670
326.00   0.01838105
327.00   0.01840528
328.00   0.01842938
329.00   0.01845335
330.00   0.01847722
331.00   0.01850095
332.00   0.01852456
333.00   0.01854806
334.00   0.01857143
335.00   0.01859472
336.00   0.01861786
337.00   0.01864089
338.00   0.01866378
339.00   0.01868657
340.00   0.01870914
341.00   0.01873164
342.00   0.01875406
343.00   0.01877640
344.00   0.01879861
345.00   0.01882068
346.00   0.01884268
347.00   0.01886458
348.00   0.01888637
349.00   0.01890807
350.00   0.01892967
351.00   0.01895113
352.00   0.01897251
353.00   0.01899375
354.00   0.01901491
355.00   0.01903594
356.00   0.01905688
357.00   0.01907778
358.00   0.01909855
359.00   0.01911919
360.00   0.01913972
361.00   0.01916018
362.00   0.01918055
363.00   0.01920083
364.00   0.01922098
365.00   0.01924092
366.00   0.01926091
367.00   0.01928078
368.00   0.01930054
369.00   0.01932021
370.00   0.01933980
371.00   0.01935927
372.00   0.01937867
373.00   0.01939795
374.00   0.01941713
375.00   0.01943621
376.00   0.01945521
377.00   0.01947411
378.00   0.01949293
379.00   0.01951164
380.00   0.01953027
381.00   0.01954880
382.00   0.01956725
383.00   0.01958561
384.00   0.01960388
385.00   0.01962033
386.00   0.01964116
387.00   0.01966050
388.00   0.01967867
389.00   0.01969614
390.00   0.01971320
391.00   0.01972997
392.00   0.01974653
393.00   0.01976294
394.00   0.01977814
395.00   0.01979345
396.00   0.01980934
397.00   0.01982523
398.00   0.01984106
399.00   0.01985688
400.00   0.01987256
401.00   0.01988819
402.00   0.01990374
403.00   0.01991922
404.00   0.01993461
405.00   0.01994994
406.00   0.01996529
407.00   0.01998067
408.00   0.01999586
409.00   0.02001095
410.00   0.02002594
411.00   0.02004083
412.00   0.02005565
413.00   0.02007041
414.00   0.02008491
415.00   0.02009944
416.00   0.02011391
417.00   0.02012835
418.00   0.02014272
419.00   0.02015707
420.00   0.02017142
421.00   0.02018569
422.00   0.02019988
423.00   0.02021399
424.00   0.02022806
425.00   0.02024209
426.00   0.02025602
427.00   0.02026989
428.00   0.02028370
429.00   0.02029742
430.00   0.02031108
431.00   0.02032467
432.00   0.02033820
433.00   0.02035167
434.00   0.02036507
435.00   0.02037842
436.00   0.02039170
437.00   0.02040491
438.00   0.02041807
439.00   0.02043118
440.00   0.02044421
441.00   0.02045721
442.00   0.02047019
443.00   0.02048313
444.00   0.02049600
445.00   0.02050882
446.00   0.02052159
447.00   0.02053431
448.00   0.02054698
449.00   0.02055954
450.00   0.02057208
451.00   0.02058456
452.00   0.02059703
453.00   0.02060945
454.00   0.02062178
455.00   0.02063408
456.00   0.02064630
457.00   0.02065845
458.00   0.02067056
459.00   0.02068261
460.00   0.02069460
461.00   0.02070653
462.00   0.02071840
463.00   0.02073022
464.00   0.02074198
465.00   0.02075367
466.00   0.02076532
467.00   0.02077691
468.00   0.02078845
469.00   0.02079995
470.00   0.02081137
471.00   0.02082274
472.00   0.02083405
473.00   0.02084533
474.00   0.02085660
475.00   0.02086783
476.00   0.02087903
477.00   0.02089014
478.00   0.02090120
479.00   0.02091222
480.00   0.02092319
481.00   0.02093410
482.00   0.02094496
483.00   0.02095578
484.00   0.02096655
485.00   0.02097726
486.00   0.02098794
487.00   0.02099854
488.00   0.02100910
489.00   0.02101960
490.00   0.02103005
491.00   0.02104045
492.00   0.02105081
493.00   0.02106111
494.00   0.02107141
495.00   0.02108165
496.00   0.02109186
497.00   0.02110201
498.00   0.02111211
499.00   0.02112219
500.00   0.02113219

