44.2402	22.1114	3.0483	28.6411	0.6070	13.7752	3.6204	24.9197	2.9635
52.5083	23.1104	6.0363	32.2375	3.0010	11.8961	8.0248	15.8669	5.9329
53.1199	23.6539	9.0020	33.9406	4.6056	12.1467	12.5009	21.7356	9.2924
54.7621	24.6338	11.7643	35.3897	6.3021	12.9355	16.4461	16.4070	14.5669
55.8882	25.8444	14.3472	36.6387	8.0602	14.2788	20.3675	16.2334	19.3036
55.6330	27.3286	16.7241	37.8141	9.7531	16.2004	23.6779	26.6259	17.2148
56.0481	29.0131	18.9463	39.1670	11.2810	18.3066	26.5532	20.0197	25.0503
56.4280	30.7999	21.0774	40.6050	12.7959	20.5818	29.4703	22.2503	28.0274
56.3514	32.6945	23.1060	42.0551	14.3414	23.1113	32.1770	25.9879	29.6231
56.0006	34.6714	25.0370	43.5651	15.7925	25.4912	34.5214	33.9737	25.5388
56.8618	36.7140	26.8827	45.1925	17.1249	27.8678	36.9463	29.3595	35.1684
56.4144	38.8637	28.5843	46.8590	18.4290	30.6036	39.1013	35.5695	32.6297
56.6990	41.1143	30.1560	48.6499	19.6464	33.4091	41.0372	34.6258	39.1457
56.1150	43.4446	31.6260	50.4998	20.8194	36.3206	42.7660	39.0823	38.5607
56.2196	45.8061	33.0294	52.3793	21.8918	38.9468	44.3691	45.2742	34.0825
57.0487	48.1966	34.3732	54.3725	22.9209	41.7183	46.1208	43.1862	43.2458
57.5074	50.6441	35.5999	56.4160	23.8949	44.9048	47.8488	45.8960	45.8925
56.4050	53.1678	36.6514	58.4639	24.8098	48.1243	48.9678	51.1300	40.9747
56.0780	55.7383	37.6110	60.5762	25.6393	50.9228	49.9045	55.4075	38.3774
56.4714	58.3483	38.5233	62.7701	26.3850	53.9364	50.9387	55.2172	47.3175
55.8239	60.9810	39.3786	64.9791	27.1535	56.9017	51.8718	60.6072	39.8252
55.9743	63.6125	40.2008	67.1538	27.7831	59.6445	52.8065	62.7859	43.5973
57.0599	66.2575	40.9466	69.4058	28.3290	62.7025	53.8777	63.4802	51.0687
56.7235	68.9365	41.5284	71.7034	28.7757	65.8962	54.5341	68.9761	42.5967
57.1405	71.6329	42.0114	74.0704	29.1705	68.9951	55.0853	69.3375	52.5462
56.6832	74.3457	42.4551	76.4389	29.5952	72.2237	55.5506	73.1271	50.7749
56.3663	77.0648	42.8435	78.7965	29.9570	75.2493	55.9697	76.7808	43.8354
56.3829	79.7763	43.1980	81.1367	30.2243	78.0304	56.3965	79.3369	48.1680
57.6309	82.4824	43.5068	83.5025	30.4072	81.1333	57.0036	81.2895	54.7703
57.6241	85.2029	43.6632	85.8931	30.5310	84.6869	57.1868	84.7357	55.0211
56.7593	87.9339	43.6879	88.3058	30.6310	87.9892	57.0164	87.9088	51.7767
56.1159	90.6735	43.6608	90.7046	30.6802	90.8941	56.8510	90.4695	45.6732
56.1477	93.4298	43.6279	93.0807	30.6904	93.8145	56.8008	93.7757	53.1900
56.3098	96.1836	43.5702	95.4426	30.5821	96.8229	56.8139	96.2869	44.2777
57.0309	98.9118	43.4606	97.8122	30.4166	99.7653	56.8919	99.4350	47.0157
57.7650	101.6270	43.2221	100.2100	30.1284	103.0990	56.6365	102.7050	54.4185
57.2654	104.3370	42.8523	102.6240	29.8669	106.4780	56.0602	105.9350	52.0699
56.3423	107.0430	42.4120	105.0190	29.5779	109.5260	55.3956	106.8380	44.2280
55.9845	109.7560	41.9465	107.3700	29.2250	112.3150	54.8710	109.9630	42.4488
56.7930	112.4710	41.4684	109.7090	28.7770	115.3210	54.4181	114.5580	50.6022
56.4849	115.1640	40.8980	112.0140	28.3254	118.5200	53.8038	115.5030	43.0658
56.2023	117.8190	40.1849	114.2270	27.7666	121.4460	52.8996	118.1030	40.2394
56.6678	120.4620	39.3842	116.4700	27.0574	124.5130	51.9655	123.5740	49.5849
56.3031	123.0910	38.5188	118.7050	26.3532	127.6600	50.8879	126.0620	46.2209
56.0273	125.6940	37.5954	120.9050	25.6035	130.5820	49.8376	125.9260	38.4470
56.3899	128.2750	36.6181	123.0460	24.7870	133.5010	48.7780	132.1980	45.4871
56.3194	130.8080	35.5375	125.1280	23.9438	136.5030	47.5721	131.1760	35.9770
56.2427	133.2760	34.3251	127.1190	22.9835	139.3020	46.1257	136.6300	40.9327
56.7534	135.6990	33.0177	129.0430	21.8856	142.2720	44.5941	141.1160	42.7136
56.9168	138.0710	31.6258	130.9670	20.7653	145.3460	42.8587	144.1900	40.9991
56.6862	140.3810	30.1439	132.8510	19.5880	148.2420	40.9540	145.8950	37.3923
56.6611	142.6270	28.5853	134.6440	18.3641	150.9040	39.1181	143.3510	29.5922
57.1830	144.7820	26.8954	136.3350	17.0400	153.7020	36.9527	152.0900	35.1860
56.0528	146.8190	25.0490	138.0100	15.7026	156.1430	34.4224	148.6880	27.1144
56.2226	148.7850	23.0936	139.5630	14.2521	158.4970	31.8919	156.0850	29.6048
55.2951	150.6890	21.0503	141.1180	12.8330	160.7840	29.2714	150.9230	21.5974
55.2448	152.5230	18.9282	142.5030	11.3711	162.9510	26.6723	160.4010	24.5945
55.4384	154.2360	16.7001	143.7660	9.8102	165.1860	23.8110	155.5340	17.2928
55.7669	155.7290	14.3116	144.9330	8.0986	167.1790	20.4464	165.2490	19.3483
54.5882	156.9510	11.7206	146.1750	6.3293	168.5750	16.5159	165.4530	14.7656
53.0288	157.9460	8.9507	147.6190	4.6192	169.4070	12.5141	164.1430	9.8470
52.4013	158.4860	5.9681	149.3090	3.0073	169.6400	8.0059	164.8400	5.4237
44.2550	159.4800	2.9681	152.8890	0.5935	167.8020	3.6093	156.5580	2.7186
