45.7056	1.4719	15.5283	6.2779	8.1958	-3.9510	21.9502	-2.1579	19.7105
48.0273	3.5509	17.9374	9.7500	9.1823	-1.4310	27.3458	-0.0066	24.2837
49.2492	6.3234	19.7140	12.0890	10.1065	1.4146	29.6248	5.9354	19.7006
50.5081	9.0892	21.2708	14.4367	11.0538	4.2716	31.5690	5.6590	28.2647
51.6023	11.8324	22.6955	16.8153	11.9878	7.1368	33.4181	10.5647	25.4802
52.2910	14.6083	23.9167	19.2940	12.9098	10.1725	34.9370	16.1124	20.1986
52.1526	17.4351	24.9483	21.8009	13.7813	13.2337	36.0518	15.8477	28.7058
52.4954	20.2858	25.9085	24.2856	14.5810	16.3894	37.1381	17.2950	34.5082
52.2657	23.1589	26.7884	26.8115	15.3352	19.5644	38.1321	22.1804	30.1328
52.6728	26.0142	27.6617	29.4187	16.0635	22.5073	39.1486	27.3842	23.0151
53.4126	28.8610	28.5142	32.0477	16.7420	25.6590	40.2490	26.5311	36.9379
53.1000	31.7460	29.1857	34.6992	17.3546	28.9355	40.9663	31.3177	30.6787
52.9799	34.6689	29.7296	37.4104	17.9255	32.1227	41.4937	32.8063	38.0450
52.4183	37.6042	30.2554	40.1166	18.4590	35.2321	41.9994	37.1712	32.4698
52.6188	40.5299	30.8050	42.7928	18.9474	38.2061	42.5853	41.6129	25.2887
52.9227	43.4423	31.3800	45.4882	19.3892	41.2228	43.2559	42.8448	34.4950
53.6813	46.3587	31.8885	48.2229	19.7894	44.4708	43.9492	44.9425	40.9981
52.9951	49.3008	32.2121	50.9927	20.1476	47.7688	44.2312	48.9382	35.1902
52.7754	52.2541	32.4644	53.7805	20.4599	50.7749	44.4261	52.8993	26.9218
52.5702	55.2219	32.7409	56.6323	20.7556	53.8271	44.6537	54.4488	39.2509
52.6220	58.1871	33.0427	59.4844	21.0440	56.8068	44.9912	58.9378	26.9496
52.9793	61.1311	33.4128	62.3381	21.3125	59.7486	45.4425	60.8343	35.9102
53.7288	64.0721	33.7427	65.1778	21.5525	62.9915	45.9381	63.2693	42.7838
53.0294	67.0221	33.8956	67.9684	21.7469	66.2436	45.9955	66.9077	34.7437
52.8405	69.9893	33.9704	70.7857	21.9009	69.3142	45.9776	69.4847	42.0897
52.5376	72.9666	34.0795	73.6414	22.0378	72.3263	46.0743	72.9211	36.1584
52.7977	75.9352	34.2558	76.5271	22.1760	75.2631	46.3066	76.2453	27.8413
53.2380	78.8951	34.4728	79.4034	22.2984	78.3288	46.5777	78.5353	42.3975
53.3725	81.8417	34.6253	82.1737	22.3867	81.5086	46.8559	81.7901	35.3755
53.3774	84.7953	34.6176	85.0034	22.4256	84.7290	46.7545	84.6859	43.2848
52.6268	87.7625	34.5307	87.8312	22.4375	87.8550	46.5835	87.7912	36.8870
52.5206	90.7343	34.4793	90.6883	22.4281	90.7542	46.4807	90.6630	29.0299
52.7023	93.7137	34.5046	93.5807	22.4137	93.7302	46.5274	93.7800	41.0082
53.1069	96.6824	34.5652	96.4592	22.4000	96.7624	46.6867	96.6455	27.7357
53.4160	99.6332	34.5893	99.3113	22.3546	99.8534	46.8215	99.6318	36.7390
53.3956	102.5870	34.4703	102.1630	22.2786	103.1060	46.5853	102.8760	43.5946
52.7816	105.5500	34.2623	104.9910	22.1636	106.2700	46.2840	105.8300	38.6573
52.5017	108.5180	34.0680	107.8220	22.0325	109.2250	46.0474	108.4090	32.6769
52.7172	111.4900	33.9403	110.6860	21.8885	112.1590	45.9700	111.0460	26.6387
53.2558	114.4610	33.8812	113.5370	21.7234	115.2590	45.9697	115.0380	42.1010
53.4010	117.4110	33.7265	116.3400	21.5351	118.4690	45.9031	117.6240	35.6649
53.0840	120.3490	33.4133	119.1690	21.3063	121.5830	45.4679	119.7100	27.0010
52.8672	123.2980	33.0626	121.9990	21.0345	124.6680	45.0100	124.1360	40.9025
52.5352	126.2620	32.7386	124.8370	20.7548	127.7030	44.6508	126.5090	34.6627
52.7586	129.2250	32.4683	127.6700	20.4602	130.6770	44.4302	128.5730	27.6571
53.1411	132.1830	32.2170	130.4710	20.1418	133.7750	44.2190	133.1990	39.5030
53.4362	135.1170	31.8589	133.2440	19.7884	136.9840	43.9262	134.0300	24.5047
52.9335	138.0340	31.3698	136.0240	19.3844	140.0930	43.2715	138.0070	31.4439
52.6593	140.9550	30.8328	138.6880	18.9487	143.1620	42.6275	141.8750	36.2612
52.8769	143.8900	30.2893	141.3570	18.4631	146.3540	42.0255	145.9000	39.3597
52.7634	146.8220	29.7419	144.0830	17.9315	149.5130	41.4786	147.4410	32.0451
53.0788	149.7340	29.1802	146.7760	17.3653	152.5950	40.9609	148.4230	23.9830
53.3285	152.6160	28.4983	149.3800	16.7445	155.8600	40.1921	154.8770	36.9142
52.5892	155.4580	27.6365	151.9670	16.0551	158.9530	39.1103	155.9670	29.4985
52.5226	158.3130	26.7458	154.5570	15.3176	161.9990	38.0779	160.9890	34.9077
52.2734	161.1710	25.8408	157.0730	14.5414	165.1080	37.0894	161.6570	27.0083
52.5524	164.0160	24.8881	159.6010	13.7090	168.1880	36.0424	167.0550	32.7986
52.3221	166.8390	23.8560	162.0970	12.8325	171.3450	34.8886	167.3480	24.9007
51.9007	169.5940	22.5990	164.5400	11.9040	174.4300	33.2783	173.2220	30.7226
50.2358	172.3160	21.1285	166.9370	10.9541	177.3070	31.3292	174.3930	24.9080
49.0510	175.0660	19.5435	169.2860	9.9982	180.0060	29.4078	174.7670	18.3037
47.8297	177.8330	17.7447	171.6020	9.0756	182.7980	27.1399	181.2760	23.8491
45.4853	179.9210	15.3388	175.0290	8.0915	185.2880	21.7878	183.5060	19.4758
